<TICKER>;<PER>;<DATE>;<TIME>;<OPEN>;<HIGH>;<LOW>;<CLOSE>;<VOL>;<OPENINT>
CNRU;D;20211105;0;1250.6;1280.0;1205.2;1271.4;371313;0
CNRU;D;20211108;0;1300.0;1339.6;1100.0;1228.6;323096;0
CNRU;D;20211109;0;1225.0;1226.2;1075.0;1107.0;306534;0
CNRU;D;20211110;0;1115.6;1145.0;1067.0;1134.8;186898;0
CNRU;D;20211111;0;1144.8;1158.0;1078.2;1090.0;249706;0
CNRU;D;20211112;0;1095.6;1148.0;1095.6;1106.0;121654;0
CNRU;D;20211115;0;1128.6;1136.0;1083.6;1096.2;81049;0
CNRU;D;20211116;0;1107.0;1123.8;1096.4;1102.6;26044;0
CNRU;D;20211117;0;1111.4;1115.4;1095.0;1106.2;39967;0
CNRU;D;20211118;0;1106.8;1130.0;1088.0;1098.2;36040;0
CNRU;D;20211119;0;1093.0;1109.0;1074.8;1095.2;39566;0
CNRU;D;20211122;0;1107.0;1107.0;1053.0;1095.6;65774;0
CNRU;D;20211123;0;1099.8;1132.0;1055.0;1115.8;42071;0
CNRU;D;20211124;0;1124.8;1165.0;1071.0;1125.8;78440;0
CNRU;D;20211125;0;1126.2;1137.2;1095.6;1103.0;10800;0
CNRU;D;20211126;0;1105.0;1136.6;1090.2;1114.0;32689;0
CNRU;D;20211129;0;1100.0;1190.0;1100.0;1124.0;50290;0
CNRU;D;20211130;0;1128.0;1189.8;1114.2;1183.4;49974;0
CNRU;D;20211201;0;1190.0;1200.0;1121.0;1196.8;204196;0
CNRU;D;20211202;0;1199.6;1220.0;1153.8;1210.0;54837;0
CNRU;D;20211203;0;1218.8;1218.8;1152.0;1180.6;22293;0
CNRU;D;20211206;0;1161.0;1199.6;1075.0;1107.2;73035;0
CNRU;D;20211207;0;1107.0;1139.0;1070.0;1086.4;22539;0
CNRU;D;20211208;0;1101.2;1107.0;1037.2;1039.0;21922;0
CNRU;D;20211209;0;1048.0;1080.0;981.4;982.0;54209;0
CNRU;D;20211210;0;980.2;998.6;914.0;927.6;71339;0
CNRU;D;20211213;0;964.0;979.0;901.6;910.0;69579;0
CNRU;D;20211214;0;902.0;944.2;852.0;881.4;32577;0
CNRU;D;20211215;0;881.6;916.8;870.4;896.0;10963;0
CNRU;D;20211216;0;896.8;1003.0;896.2;992.8;40508;0
CNRU;D;20211217;0;1022.0;1090.0;950.0;951.8;128536;0
CNRU;D;20211220;0;912.0;978.6;879.8;883.2;36112;0
CNRU;D;20211221;0;894.6;932.2;891.0;911.2;28736;0
CNRU;D;20211222;0;928.8;1045.0;909.4;991.2;24187;0
CNRU;D;20211223;0;987.8;1025.0;957.6;981.2;14277;0
CNRU;D;20211224;0;991.4;997.8;961.0;978.6;3707;0
CNRU;D;20211227;0;998.0;998.0;932.6;970.4;54662;0
CNRU;D;20211228;0;931.0;988.4;913.4;980.6;77091;0
CNRU;D;20211229;0;954.0;1007.8;939.0;1000.6;26824;0
CNRU;D;20211230;0;1019.8;1090.0;993.8;1053.2;45742;0
CNRU;D;20220103;0;1080.0;1080.0;965.0;971.2;34300;0
CNRU;D;20220104;0;974.8;991.0;880.4;907.6;74940;0
CNRU;D;20220105;0;912.2;958.0;852.4;877.6;82012;0
CNRU;D;20220106;0;884.0;916.0;805.0;816.8;67348;0
CNRU;D;20220110;0;812.0;830.0;752.6;773.6;89035;0
CNRU;D;20220111;0;775.0;817.4;752.4;762.8;81490;0
CNRU;D;20220112;0;779.8;810.0;764.0;803.8;35063;0
CNRU;D;20220113;0;817.0;818.0;755.0;765.0;33817;0
CNRU;D;20220114;0;770.8;773.2;711.0;727.2;51274;0
CNRU;D;20220117;0;737.4;754.8;710.0;731.8;21886;0
CNRU;D;20220118;0;725.0;741.8;655.0;668.6;25622;0
CNRU;D;20220119;0;661.4;672.8;590.4;601.0;81598;0
CNRU;D;20220120;0;606.0;629.8;562.2;571.4;87988;0
CNRU;D;20220121;0;586.2;586.2;514.0;538.6;42459;0
CNRU;D;20220124;0;562.8;562.8;480.0;489.6;52492;0
CNRU;D;20220125;0;497.2;513.0;458.8;465.2;48616;0
CNRU;D;20220126;0;478.0;495.0;454.4;455.4;96209;0
CNRU;D;20220127;0;474.0;499.8;446.0;490.0;137330;0
CNRU;D;20220128;0;490.0;568.0;484.8;526.4;78473;0
CNRU;D;20220131;0;530.0;679.8;510.8;645.8;155447;0
CNRU;D;20220201;0;675.6;775.0;650.2;689.8;228893;0
CNRU;D;20220202;0;710.0;736.0;666.4;718.8;134170;0
CNRU;D;20220203;0;656.8;705.0;656.8;678.2;92531;0
CNRU;D;20220204;0;702.4;702.4;647.2;685.6;48447;0
CNRU;D;20220207;0;685.0;705.0;609.8;648.0;56987;0
CNRU;D;20220208;0;690.0;709.0;629.0;697.2;50385;0
CNRU;D;20220209;0;700.0;725.0;660.8;694.0;78698;0
CNRU;D;20220210;0;696.0;709.6;674.0;698.0;62370;0
CNRU;D;20220211;0;687.0;700.0;622.6;634.2;36928;0
CNRU;D;20220214;0;635.2;673.0;611.0;652.6;32989;0
CNRU;D;20220215;0;650.0;692.0;643.4;667.4;37530;0
CNRU;D;20220216;0;680.0;705.0;655.0;660.2;56660;0
CNRU;D;20220217;0;657.0;659.2;613.0;619.6;30226;0
CNRU;D;20220218;0;638.6;645.0;569.4;614.2;37107;0
CNRU;D;20220221;0;620.2;650.0;440.0;513.8;146621;0
CNRU;D;20220222;0;480.0;549.8;411.0;514.2;136325;0
CNRU;D;20220224;0;463.8;485.4;318.4;410.0;129299;0
CNRU;D;20220225;0;319.0;468.0;319.0;345.0;111780;0
CNRU;D;20220330;0;382.6;532.6;360.0;400.0;182982;0
CNRU;D;20220331;0;420.0;450.0;400.0;442.0;90986;0
CNRU;D;20220401;0;449.0;560.0;438.0;440.0;248124;0
CNRU;D;20220404;0;465.0;496.0;405.8;418.0;300994;0
CNRU;D;20220405;0;433.0;433.0;367.0;375.0;456520;0
CNRU;D;20220406;0;360.0;417.0;355.2;395.2;262422;0
CNRU;D;20220407;0;396.4;423.8;396.4;403.0;105788;0
CNRU;D;20220408;0;413.2;414.4;383.0;395.6;49171;0
CNRU;D;20220411;0;396.2;408.0;383.8;389.0;32456;0
CNRU;D;20220412;0;387.0;399.6;370.0;376.4;41560;0
CNRU;D;20220413;0;376.4;385.0;371.0;375.2;21369;0
CNRU;D;20220414;0;375.4;380.4;363.0;364.8;29922;0
CNRU;D;20220415;0;365.0;369.8;350.0;355.2;18394;0
CNRU;D;20220418;0;357.0;365.8;332.0;336.4;23380;0
CNRU;D;20220419;0;335.4;336.0;301.2;326.0;43575;0
CNRU;D;20220420;0;339.0;340.0;312.6;327.6;28424;0
CNRU;D;20220421;0;327.6;335.2;300.0;309.0;61240;0
CNRU;D;20220422;0;314.8;314.8;288.0;294.4;36339;0
CNRU;D;20220425;0;294.0;305.0;258.2;290.4;73678;0
CNRU;D;20220426;0;309.0;318.6;289.0;312.0;41323;0
CNRU;D;20220427;0;313.0;335.0;312.0;330.0;25902;0
CNRU;D;20220428;0;362.0;362.0;333.0;340.0;31998;0
CNRU;D;20220429;0;344.8;357.0;340.0;341.2;23536;0
CNRU;D;20220504;0;360.0;360.0;320.4;339.2;12757;0
CNRU;D;20220505;0;322.8;345.8;322.8;339.0;7273;0
CNRU;D;20220506;0;320.8;342.6;320.8;330.0;9503;0
CNRU;D;20220511;0;316.0;340.0;316.0;328.0;10844;0
CNRU;D;20220512;0;330.0;330.0;310.0;314.0;15371;0
CNRU;D;20220513;0;303.0;318.0;302.4;305.0;7254;0
CNRU;D;20220516;0;300.0;317.6;300.0;315.0;6276;0
CNRU;D;20220517;0;330.0;345.0;313.2;333.8;12537;0
CNRU;D;20220518;0;338.0;344.8;334.2;342.4;9897;0
CNRU;D;20220519;0;342.0;342.0;332.4;340.4;6173;0
CNRU;D;20220520;0;343.8;343.8;310.0;320.4;20879;0
CNRU;D;20220523;0;300.0;331.2;300.0;304.0;10423;0
CNRU;D;20220524;0;300.0;314.8;290.0;292.8;9653;0
CNRU;D;20220525;0;292.8;306.0;289.8;294.6;18242;0
CNRU;D;20220526;0;295.0;319.8;295.0;300.8;33912;0
CNRU;D;20220527;0;312.0;312.0;298.0;299.0;11154;0
CNRU;D;20220530;0;301.0;305.0;290.2;292.2;16286;0
CNRU;D;20220531;0;287.0;302.8;285.4;298.6;15523;0
CNRU;D;20220601;0;298.8;317.8;291.6;317.0;40965;0
CNRU;D;20220602;0;317.0;339.2;310.0;334.6;160868;0
CNRU;D;20220603;0;335.0;355.0;315.0;326.2;101783;0
CNRU;D;20220606;0;340.0;340.0;291.0;299.0;55438;0
CNRU;D;20220607;0;309.0;309.0;285.0;292.6;45622;0
CNRU;D;20220608;0;300.0;316.4;290.2;294.8;101784;0
CNRU;D;20220609;0;295.0;311.2;282.2;289.6;47489;0
CNRU;D;20220610;0;289.6;298.8;288.0;292.0;29183;0
CNRU;D;20220614;0;289.0;296.4;263.0;285.0;18953;0
CNRU;D;20220615;0;286.0;292.4;273.0;284.2;22507;0
CNRU;D;20220616;0;290.0;290.6;276.6;283.6;18847;0
CNRU;D;20220617;0;283.6;286.6;280.0;281.2;16495;0
CNRU;D;20220620;0;284.0;286.0;280.2;285.0;14082;0
CNRU;D;20220621;0;284.8;285.0;280.4;282.2;9665;0
CNRU;D;20220622;0;284.0;284.4;275.0;278.2;9818;0
CNRU;D;20220623;0;278.2;283.8;272.0;281.2;9608;0
CNRU;D;20220624;0;283.0;284.6;278.6;280.0;8968;0
CNRU;D;20220627;0;275.8;287.2;275.8;282.4;14268;0
CNRU;D;20220628;0;288.2;288.2;279.8;281.4;13899;0
CNRU;D;20220629;0;282.0;287.6;275.0;279.8;11017;0
CNRU;D;20220630;0;277.0;282.8;260.0;268.6;20794;0
CNRU;D;20220701;0;279.8;279.8;264.4;272.0;9109;0
CNRU;D;20220704;0;266.6;282.8;266.6;269.6;8234;0
CNRU;D;20220705;0;274.2;275.0;266.6;269.6;11752;0
CNRU;D;20220706;0;269.6;282.0;263.2;276.6;21213;0
CNRU;D;20220707;0;279.6;280.0;260.0;269.6;31637;0
CNRU;D;20220708;0;271.6;272.6;267.0;270.6;8185;0
CNRU;D;20220711;0;280.0;280.0;265.0;268.4;11898;0
CNRU;D;20220712;0;268.0;269.6;261.8;262.0;6692;0
CNRU;D;20220713;0;261.8;263.6;225.0;252.8;45551;0
CNRU;D;20220714;0;248.6;256.4;240.0;243.0;11904;0
CNRU;D;20220715;0;240.2;242.6;234.2;239.2;12615;0
CNRU;D;20220718;0;245.0;248.0;225.4;237.6;17154;0
CNRU;D;20220719;0;229.2;235.8;226.2;228.8;8982;0
CNRU;D;20220720;0;237.0;239.0;228.8;234.4;12557;0
CNRU;D;20220721;0;234.4;239.4;230.2;238.2;11038;0
CNRU;D;20220722;0;244.4;277.4;237.0;262.4;83413;0
CNRU;D;20220725;0;262.2;294.8;257.2;290.6;118414;0
CNRU;D;20220726;0;297.0;339.0;292.6;313.2;271702;0
CNRU;D;20220727;0;325.0;325.0;293.2;304.0;91138;0
CNRU;D;20220728;0;304.0;312.0;292.4;312.0;62876;0
CNRU;D;20220729;0;315.0;366.0;312.0;349.0;321182;0
CNRU;D;20220801;0;350.0;367.6;312.6;338.8;170712;0
CNRU;D;20220802;0;338.0;343.0;320.0;321.6;43548;0
CNRU;D;20220803;0;322.0;339.0;310.6;316.6;68813;0
CNRU;D;20220804;0;320.0;332.0;313.0;321.2;44410;0
CNRU;D;20220805;0;316.6;329.6;308.2;323.0;162815;0
CNRU;D;20220808;0;324.0;345.0;323.2;339.8;74987;0
CNRU;D;20220809;0;346.0;365.2;323.8;345.0;172845;0
CNRU;D;20220810;0;334.8;367.8;334.8;365.4;182251;0
CNRU;D;20220811;0;366.0;403.0;366.0;387.4;401014;0
CNRU;D;20220812;0;387.0;416.6;351.8;403.2;351375;0
CNRU;D;20220815;0;392.8;428.6;392.8;423.8;234895;0
CNRU;D;20220816;0;426.4;444.0;425.0;444.0;213821;0
CNRU;D;20220817;0;445.0;461.0;424.2;446.6;225078;0
CNRU;D;20220818;0;446.4;455.0;424.4;431.4;79985;0
CNRU;D;20220819;0;428.0;440.0;405.0;429.6;166611;0
CNRU;D;20220822;0;421.6;445.0;420.8;438.4;44385;0
CNRU;D;20220823;0;441.0;477.6;439.2;461.8;84659;0
CNRU;D;20220824;0;454.2;493.0;442.0;469.8;208139;0
CNRU;D;20220825;0;485.8;494.4;472.2;483.8;97892;0
CNRU;D;20220826;0;481.4;560.0;479.4;537.0;299264;0
CNRU;D;20220829;0;538.4;564.6;522.6;541.4;120022;0
CNRU;D;20220830;0;543.2;550.0;520.6;525.0;41604;0
CNRU;D;20220831;0;516.0;533.0;491.0;517.8;95302;0
CNRU;D;20220901;0;518.0;521.8;512.6;517.8;17496;0
CNRU;D;20220902;0;519.8;519.8;511.8;513.8;13237;0
CNRU;D;20220905;0;522.8;522.8;495.0;504.0;58272;0
CNRU;D;20220906;0;508.0;518.4;475.0;486.4;46302;0
CNRU;D;20220907;0;486.4;496.4;461.0;465.8;41298;0
CNRU;D;20220908;0;466.0;514.6;465.8;474.6;147565;0
CNRU;D;20220909;0;485.0;485.0;460.4;461.6;94731;0
CNRU;D;20220912;0;462.0;476.0;450.2;465.4;85548;0
CNRU;D;20220913;0;480.0;481.0;459.6;470.6;39103;0
CNRU;D;20220914;0;470.6;480.0;449.8;462.0;65496;0
CNRU;D;20220915;0;463.0;475.0;463.0;474.6;33893;0
CNRU;D;20220916;0;501.0;501.0;466.0;474.6;97420;0
CNRU;D;20220919;0;485.0;485.0;455.0;466.0;35791;0
CNRU;D;20220920;0;458.0;465.8;401.2;425.2;127843;0
CNRU;D;20220921;0;400.2;419.8;380.2;402.0;70792;0
CNRU;D;20220922;0;396.0;420.0;387.2;410.2;25628;0
CNRU;D;20220923;0;414.6;417.0;370.0;376.8;72094;0
CNRU;D;20220926;0;359.8;372.8;299.8;310.4;106379;0
CNRU;D;20220927;0;304.6;330.0;286.4;323.2;73809;0
CNRU;D;20220928;0;308.2;327.0;301.0;316.8;32978;0
CNRU;D;20220929;0;319.0;332.0;281.0;306.6;50657;0
CNRU;D;20220930;0;303.2;317.0;290.4;305.2;27409;0
CNRU;D;20221003;0;300.2;419.2;300.2;397.0;323116;0
CNRU;D;20221004;0;394.0;467.0;378.0;394.4;516994;0
CNRU;D;20221005;0;395.0;410.0;365.0;386.6;148350;0
CNRU;D;20221006;0;379.2;411.8;379.0;386.0;116792;0
CNRU;D;20221007;0;386.0;394.8;350.0;356.2;48999;0
CNRU;D;20221010;0;328.0;394.6;328.0;388.0;146496;0
CNRU;D;20221011;0;397.8;408.8;379.0;392.8;50103;0
CNRU;D;20221012;0;393.0;408.0;370.0;386.0;42236;0
CNRU;D;20221013;0;388.0;397.6;375.0;386.8;25097;0
CNRU;D;20221014;0;387.0;392.0;373.2;379.8;19219;0
CNRU;D;20221017;0;382.0;402.0;371.6;388.4;41744;0
CNRU;D;20221018;0;390.0;393.6;364.6;376.6;26052;0
CNRU;D;20221019;0;371.0;381.4;360.0;376.4;30885;0
CNRU;D;20221020;0;378.0;384.0;363.2;374.8;30220;0
CNRU;D;20221021;0;374.8;377.0;364.0;374.0;24154;0
CNRU;D;20221024;0;385.0;385.0;371.0;375.0;11168;0
CNRU;D;20221025;0;375.8;390.0;372.0;384.0;24104;0
CNRU;D;20221026;0;385.0;389.0;371.8;379.8;22876;0
CNRU;D;20221027;0;379.8;400.0;378.0;395.0;49938;0
CNRU;D;20221028;0;386.2;428.0;386.2;421.0;104584;0
CNRU;D;20221031;0;426.6;443.4;411.0;432.4;85148;0
CNRU;D;20221101;0;447.0;447.0;427.6;435.4;38889;0
CNRU;D;20221102;0;435.4;454.4;405.2;424.0;84616;0
CNRU;D;20221103;0;424.0;443.6;412.2;433.4;44373;0
CNRU;D;20221107;0;435.0;474.4;435.0;469.4;348825;0
CNRU;D;20221108;0;474.0;474.0;450.0;458.4;89838;0
CNRU;D;20221109;0;459.8;459.8;436.0;442.2;47078;0
CNRU;D;20221110;0;441.6;466.0;422.8;455.0;89691;0
CNRU;D;20221111;0;456.2;457.8;438.6;446.8;36077;0
CNRU;D;20221114;0;447.4;454.8;440.2;446.8;21695;0
CNRU;D;20221115;0;446.8;455.0;390.0;423.8;117051;0
CNRU;D;20221116;0;442.6;442.6;419.6;432.2;30670;0
CNRU;D;20221117;0;435.0;466.8;428.2;461.0;157757;0
CNRU;D;20221118;0;465.0;468.6;451.2;462.0;97617;0
CNRU;D;20221121;0;460.0;460.2;432.2;448.6;79783;0
CNRU;D;20221122;0;448.6;448.8;440.6;445.8;31395;0
CNRU;D;20221123;0;446.0;446.2;427.6;440.6;26584;0
CNRU;D;20221124;0;442.0;442.0;435.0;436.0;9218;0
CNRU;D;20221125;0;440.2;440.2;428.2;431.0;12691;0
CNRU;D;20221128;0;428.6;435.0;421.0;435.0;24155;0
CNRU;D;20221129;0;442.4;442.4;424.8;430.6;11976;0
CNRU;D;20221130;0;430.2;431.6;425.8;430.8;12304;0
CNRU;D;20221201;0;432.0;432.0;425.0;427.2;8872;0
CNRU;D;20221202;0;430.0;430.0;417.0;420.8;13981;0
CNRU;D;20221205;0;419.0;426.0;412.4;422.6;29360;0
CNRU;D;20221206;0;422.6;425.2;410.0;415.0;13117;0
CNRU;D;20221207;0;416.4;417.0;397.8;405.6;50793;0
CNRU;D;20221208;0;404.8;405.0;396.6;398.8;25816;0
CNRU;D;20221209;0;400.8;405.0;392.8;399.0;21648;0
CNRU;D;20221212;0;395.2;400.0;388.2;392.8;24735;0
CNRU;D;20221213;0;394.0;398.0;383.2;386.2;13436;0
CNRU;D;20221214;0;384.6;385.6;368.8;372.4;21407;0
CNRU;D;20221215;0;373.6;373.6;353.0;366.6;43121;0
CNRU;D;20221216;0;369.0;369.0;361.0;364.0;14348;0
CNRU;D;20221219;0;364.0;378.8;351.6;354.2;30241;0
CNRU;D;20221220;0;355.0;376.4;350.0;372.4;45076;0
CNRU;D;20221221;0;366.6;395.0;366.6;393.6;65227;0
CNRU;D;20221222;0;397.6;415.0;371.0;387.0;127595;0
CNRU;D;20221223;0;387.8;390.0;372.6;378.4;22763;0
CNRU;D;20221226;0;381.8;381.8;366.0;374.6;62890;0
CNRU;D;20221227;0;378.0;380.6;371.2;375.0;41921;0
CNRU;D;20221228;0;375.0;376.2;360.2;363.4;39734;0
CNRU;D;20221229;0;364.4;366.8;359.0;365.2;28110;0
CNRU;D;20221230;0;363.0;363.4;357.0;361.0;21820;0
CNRU;D;20230104;0;377.8;377.8;361.0;370.8;13696;0
CNRU;D;20230105;0;368.0;372.2;366.4;367.6;7176;0
CNRU;D;20230106;0;367.8;367.8;362.8;365.4;7359;0
CNRU;D;20230109;0;366.0;366.6;358.8;364.6;27774;0
CNRU;D;20230110;0;360.8;362.0;356.6;361.8;77392;0
CNRU;D;20230111;0;363.8;382.0;360.2;379.4;138248;0
CNRU;D;20230112;0;380.2;394.0;373.0;377.2;89138;0
CNRU;D;20230113;0;375.2;378.4;372.0;376.4;26055;0
CNRU;D;20230116;0;377.8;431.0;377.6;419.6;550285;0
CNRU;D;20230117;0;420.0;420.6;391.0;410.0;157270;0
CNRU;D;20230118;0;418.6;418.6;401.2;408.2;53477;0
CNRU;D;20230119;0;410.4;410.4;393.0;398.8;58907;0
CNRU;D;20230120;0;401.8;409.0;396.6;406.4;37261;0
CNRU;D;20230123;0;406.6;420.0;406.0;413.6;62618;0
CNRU;D;20230124;0;419.6;419.6;402.4;412.0;40246;0
CNRU;D;20230125;0;410.0;415.8;405.4;412.4;25892;0
CNRU;D;20230126;0;417.0;417.0;405.6;409.0;25042;0
CNRU;D;20230127;0;409.0;415.8;400.6;413.4;27552;0
CNRU;D;20230130;0;415.8;431.4;407.8;425.0;119520;0
CNRU;D;20230131;0;422.4;442.0;422.0;430.4;84672;0
CNRU;D;20230201;0;433.0;439.0;425.0;428.6;41267;0
CNRU;D;20230202;0;428.6;440.0;425.4;437.4;46390;0
CNRU;D;20230203;0;437.2;440.6;427.2;431.0;28425;0
CNRU;D;20230206;0;431.2;434.2;428.0;433.6;23241;0
CNRU;D;20230207;0;433.8;433.8;427.0;428.8;25378;0
CNRU;D;20230208;0;429.2;429.8;411.0;422.8;47129;0
CNRU;D;20230209;0;424.6;427.2;413.8;415.6;17799;0
CNRU;D;20230210;0;416.6;429.0;415.6;419.6;34802;0
CNRU;D;20230213;0;420.0;421.2;413.0;413.4;16934;0
CNRU;D;20230214;0;413.6;420.0;400.2;409.4;42400;0
CNRU;D;20230215;0;409.0;409.0;375.2;392.4;72570;0
CNRU;D;20230216;0;392.4;400.0;385.6;393.0;31710;0
CNRU;D;20230217;0;396.0;398.0;379.2;397.6;14133;0
CNRU;D;20230220;0;399.0;399.0;386.4;394.6;14083;0
CNRU;D;20230221;0;391.0;406.6;380.0;403.8;67146;0
CNRU;D;20230222;0;407.0;407.0;399.0;401.4;11326;0
CNRU;D;20230224;0;406.4;406.4;395.0;397.0;11595;0
CNRU;D;20230227;0;395.2;399.0;388.0;399.0;19822;0
CNRU;D;20230228;0;400.4;408.0;399.0;406.0;33583;0
CNRU;D;20230301;0;408.0;420.0;406.4;419.6;63884;0
CNRU;D;20230302;0;418.6;420.0;401.4;407.4;51044;0
CNRU;D;20230303;0;407.0;411.6;406.0;409.0;15793;0
CNRU;D;20230306;0;408.0;419.6;407.6;414.8;38316;0
CNRU;D;20230307;0;414.8;418.0;409.0;411.0;10754;0
CNRU;D;20230309;0;414.0;437.0;413.0;436.0;153033;0
CNRU;D;20230310;0;431.0;445.6;426.4;438.4;138179;0
CNRU;D;20230313;0;440.0;456.6;432.0;435.8;259942;0
CNRU;D;20230314;0;435.0;442.0;427.4;438.4;53516;0
CNRU;D;20230315;0;441.8;441.8;416.8;425.8;62009;0
CNRU;D;20230316;0;425.0;429.4;418.0;424.4;35918;0
CNRU;D;20230317;0;427.0;435.0;424.6;428.0;32665;0
CNRU;D;20230320;0;428.0;432.0;423.4;430.0;25822;0
CNRU;D;20230321;0;430.2;440.2;415.6;428.4;60144;0
CNRU;D;20230322;0;429.0;429.0;419.0;426.0;23639;0
CNRU;D;20230323;0;424.6;426.2;416.6;417.8;26457;0
CNRU;D;20230324;0;418.0;440.0;418.0;429.6;52748;0
CNRU;D;20230327;0;433.0;454.4;431.0;451.0;135439;0
CNRU;D;20230328;0;452.0;467.6;450.0;457.0;128472;0
CNRU;D;20230329;0;500.4;550.0;460.0;494.0;788357;0
CNRU;D;20230330;0;503.0;509.4;472.2;493.0;261864;0
CNRU;D;20230331;0;501.0;501.0;475.0;477.8;79552;0
CNRU;D;20230403;0;478.6;485.0;469.0;473.8;84777;0
CNRU;D;20230404;0;475.0;475.8;460.6;464.0;52551;0
CNRU;D;20230405;0;460.0;496.0;451.6;496.0;256504;0
CNRU;D;20230406;0;496.0;496.0;481.0;489.0;100796;0
CNRU;D;20230407;0;489.2;490.8;476.4;483.8;50156;0
CNRU;D;20230410;0;483.8;506.0;483.4;505.2;195319;0
CNRU;D;20230411;0;508.0;510.0;470.6;492.8;147406;0
CNRU;D;20230412;0;492.4;498.0;484.0;491.0;44758;0
CNRU;D;20230413;0;486.4;498.0;479.4;487.4;45796;0
CNRU;D;20230414;0;487.0;487.4;472.6;483.0;42959;0
CNRU;D;20230417;0;484.0;495.0;483.6;494.2;58902;0
CNRU;D;20230418;0;494.6;523.6;492.2;519.8;219560;0
CNRU;D;20230419;0;521.8;529.0;496.4;506.8;138501;0
CNRU;D;20230420;0;506.0;518.2;505.0;510.0;54435;0
CNRU;D;20230421;0;514.0;515.0;506.0;510.0;39793;0
CNRU;D;20230424;0;511.0;519.8;503.8;519.8;72880;0
CNRU;D;20230425;0;520.0;529.0;505.6;516.0;54477;0
CNRU;D;20230426;0;517.0;517.2;504.0;511.8;33475;0
CNRU;D;20230427;0;516.0;516.0;506.6;509.8;27438;0
CNRU;D;20230428;0;510.0;511.0;492.0;500.4;41238;0
CNRU;D;20230502;0;500.8;508.4;470.0;481.4;80831;0
CNRU;D;20230503;0;482.6;488.0;462.4;468.6;43310;0
CNRU;D;20230504;0;466.4;476.2;463.0;472.8;34709;0
CNRU;D;20230505;0;464.2;473.0;460.2;469.0;31916;0
CNRU;D;20230508;0;467.0;487.2;466.4;468.6;40859;0
CNRU;D;20230510;0;477.6;489.0;469.0;484.6;47317;0
CNRU;D;20230511;0;485.8;490.0;465.0;473.4;63571;0
CNRU;D;20230512;0;475.6;502.0;471.2;488.4;56790;0
CNRU;D;20230515;0;488.4;504.0;488.0;501.0;75503;0
CNRU;D;20230516;0;503.8;515.0;502.0;515.0;70768;0
CNRU;D;20230517;0;515.4;516.6;498.0;511.6;42009;0
CNRU;D;20230518;0;513.0;513.2;503.2;508.4;20678;0
CNRU;D;20230519;0;511.4;535.0;507.6;520.0;223162;0
CNRU;D;20230522;0;528.4;538.0;520.0;535.2;82512;0
CNRU;D;20230523;0;533.0;548.0;515.0;534.2;127641;0
CNRU;D;20230524;0;532.8;550.0;530.0;550.0;95422;0
CNRU;D;20230525;0;550.2;560.0;523.4;540.0;102926;0
CNRU;D;20230526;0;540.0;559.2;535.4;553.0;80790;0
CNRU;D;20230529;0;559.8;585.0;556.0;579.8;160664;0
CNRU;D;20230530;0;574.6;590.0;548.2;568.4;100154;0
CNRU;D;20230531;0;565.4;587.8;563.0;573.4;78342;0
CNRU;D;20230601;0;574.8;594.2;570.0;592.0;59824;0
CNRU;D;20230602;0;594.2;612.0;585.0;608.8;115304;0
CNRU;D;20230605;0;626.2;653.0;602.8;613.4;183424;0
CNRU;D;20230606;0;617.6;624.2;572.0;614.4;83716;0
CNRU;D;20230607;0;615.0;634.0;608.2;629.0;63195;0
CNRU;D;20230608;0;629.0;670.0;629.0;670.0;153292;0
CNRU;D;20230609;0;672.2;696.6;637.0;661.6;143979;0
CNRU;D;20230613;0;661.6;669.6;646.4;654.0;89032;0
CNRU;D;20230614;0;654.4;682.8;654.0;679.0;86792;0
CNRU;D;20230615;0;679.4;683.6;672.6;678.8;49374;0
CNRU;D;20230616;0;678.0;683.6;662.0;673.2;47023;0
CNRU;D;20230619;0;675.4;690.0;673.6;688.0;59815;0
CNRU;D;20230620;0;691.2;720.0;687.4;707.8;117980;0
CNRU;D;20230621;0;708.0;767.8;707.8;746.8;182771;0
CNRU;D;20230622;0;746.0;767.0;733.8;738.8;84519;0
CNRU;D;20230623;0;742.8;742.8;683.0;705.0;260143;0
CNRU;D;20230626;0;706.0;747.0;683.6;721.6;142278;0
CNRU;D;20230627;0;723.2;726.6;715.0;723.0;24128;0
CNRU;D;20230628;0;724.8;727.4;714.0;719.2;21032;0
CNRU;D;20230629;0;716.8;722.6;702.4;708.6;33281;0
CNRU;D;20230630;0;713.0;713.0;693.0;704.8;41220;0
CNRU;D;20230703;0;705.4;706.4;695.4;702.0;29442;0
CNRU;D;20230704;0;699.2;701.8;695.0;696.0;16513;0
CNRU;D;20230705;0;696.0;697.8;677.0;681.0;57314;0
CNRU;D;20230706;0;681.0;682.2;672.6;678.8;24377;0
CNRU;D;20230707;0;676.6;679.6;665.0;673.0;31291;0
CNRU;D;20230710;0;673.8;702.8;670.0;702.8;59263;0
CNRU;D;20230711;0;703.0;734.4;703.0;719.4;137066;0
CNRU;D;20230712;0;717.8;722.2;708.4;718.2;44202;0
CNRU;D;20230713;0;720.0;721.0;711.0;718.0;26454;0
CNRU;D;20230714;0;715.8;744.2;713.6;722.6;80415;0
CNRU;D;20230717;0;720.8;736.4;715.0;727.0;49513;0
CNRU;D;20230718;0;730.0;744.0;724.0;744.0;73369;0
CNRU;D;20230719;0;744.4;748.2;729.0;737.8;49681;0
CNRU;D;20230720;0;737.8;743.6;701.6;709.8;77104;0
CNRU;D;20230721;0;706.4;717.8;696.0;715.2;47178;0
CNRU;D;20230724;0;715.8;747.0;715.2;729.8;61166;0
CNRU;D;20230725;0;731.0;755.0;724.0;752.8;131757;0
CNRU;D;20230726;0;754.4;755.0;739.8;745.0;46134;0
CNRU;D;20230727;0;751.0;774.4;745.0;752.6;100116;0
CNRU;D;20230728;0;753.4;766.2;750.0;756.2;41254;0
CNRU;D;20230731;0;758.8;775.0;758.0;767.2;55677;0
CNRU;D;20230801;0;768.0;769.6;752.4;762.8;38460;0
CNRU;D;20230802;0;762.0;800.0;754.8;790.6;190340;0
CNRU;D;20230803;0;793.0;798.8;779.6;796.4;53326;0
CNRU;D;20230804;0;799.0;820.0;703.0;781.8;262727;0
CNRU;D;20230807;0;784.0;828.0;767.8;817.2;183270;0
CNRU;D;20230808;0;817.2;817.2;767.0;797.8;195320;0
CNRU;D;20230809;0;797.8;803.0;777.0;794.0;57382;0
CNRU;D;20230810;0;795.2;815.6;773.0;809.6;125801;0
CNRU;D;20230811;0;810.0;817.8;800.0;808.2;94653;0
CNRU;D;20230814;0;820.6;823.0;780.0;789.8;147072;0
CNRU;D;20230815;0;783.0;820.0;759.2;811.0;115424;0
CNRU;D;20230816;0;812.0;835.0;751.8;794.8;156695;0
CNRU;D;20230817;0;795.6;825.0;780.2;822.2;102566;0
CNRU;D;20230818;0;827.0;839.4;790.2;812.6;266428;0
CNRU;D;20230821;0;815.2;839.8;813.8;826.4;120149;0
CNRU;D;20230822;0;831.6;833.6;811.2;820.0;46907;0
CNRU;D;20230823;0;822.8;822.8;767.0;779.8;119842;0
CNRU;D;20230824;0;782.0;821.0;781.8;814.8;109074;0
CNRU;D;20230825;0;812.6;818.0;803.4;813.2;35091;0
CNRU;D;20230828;0;820.4;820.4;811.4;818.8;39488;0
CNRU;D;20230829;0;817.4;825.0;816.6;822.0;52216;0
CNRU;D;20230830;0;820.2;847.8;816.2;847.6;109572;0
CNRU;D;20230831;0;848.0;897.0;832.0;882.8;200812;0
CNRU;D;20230901;0;882.2;950.0;859.2;926.8;478387;0
CNRU;D;20230904;0;929.0;949.0;910.2;928.0;120444;0
CNRU;D;20230905;0;923.0;940.0;899.2;927.0;120937;0
CNRU;D;20230906;0;940.0;940.0;895.2;899.8;77197;0
CNRU;D;20230907;0;899.8;902.0;844.4;857.0;163170;0
CNRU;D;20230908;0;862.4;868.0;818.0;838.6;83692;0
CNRU;D;20230911;0;838.0;838.0;771.0;780.0;233918;0
CNRU;D;20230912;0;780.0;835.0;777.0;808.0;215283;0
CNRU;D;20230913;0;808.2;824.2;781.0;786.6;81128;0
CNRU;D;20230914;0;792.2;793.8;711.0;760.0;112913;0
CNRU;D;20230915;0;762.4;820.0;751.2;769.2;154146;0
CNRU;D;20230918;0;771.6;796.0;755.0;791.8;103311;0
CNRU;D;20230919;0;791.8;810.0;766.0;775.6;151300;0
CNRU;D;20230920;0;775.6;795.4;730.2;775.0;187253;0
CNRU;D;20230921;0;778.6;784.4;745.0;745.0;52950;0
CNRU;D;20230922;0;747.4;768.0;720.8;740.0;46833;0
CNRU;D;20230925;0;742.8;748.0;724.2;724.8;36317;0
CNRU;D;20230926;0;732.0;732.0;705.6;710.0;69356;0
CNRU;D;20230927;0;712.2;739.8;711.2;726.4;71259;0
CNRU;D;20230928;0;731.6;752.0;724.4;743.0;63881;0
CNRU;D;20230929;0;748.0;757.0;738.8;746.2;156976;0
CNRU;D;20231002;0;747.0;806.8;747.0;774.0;559987;0
CNRU;D;20231003;0;777.0;798.0;746.8;791.8;306027;0
CNRU;D;20231004;0;793.0;810.0;771.2;777.0;133890;0
CNRU;D;20231005;0;785.0;785.0;750.2;758.2;84868;0
CNRU;D;20231006;0;751.2;768.8;733.6;744.2;49028;0
CNRU;D;20231009;0;749.0;757.2;736.8;744.4;32149;0
CNRU;D;20231010;0;744.6;772.0;740.4;769.0;47139;0
CNRU;D;20231011;0;771.4;775.8;752.0;767.2;93472;0
CNRU;D;20231012;0;757.0;763.6;722.0;744.0;119858;0
CNRU;D;20231013;0;747.8;757.0;739.0;746.0;70594;0
CNRU;D;20231016;0;750.0;753.2;741.6;742.8;52262;0
CNRU;D;20231017;0;744.4;767.6;743.0;760.2;81885;0
CNRU;D;20231018;0;762.0;764.6;742.6;745.8;67455;0
CNRU;D;20231019;0;743.0;769.8;742.6;749.8;122647;0
CNRU;D;20231020;0;755.0;759.6;748.0;753.4;49604;0
CNRU;D;20231023;0;757.2;771.8;752.0;755.2;95739;0
CNRU;D;20231024;0;761.2;763.0;749.6;762.0;47195;0
CNRU;D;20231025;0;762.0;783.8;757.4;776.2;139019;0
CNRU;D;20231026;0;777.0;779.8;752.2;755.2;88449;0
CNRU;D;20231027;0;755.4;757.0;713.0;724.2;339501;0
CNRU;D;20231030;0;722.0;728.8;708.0;711.6;90888;0
CNRU;D;20231031;0;711.6;718.4;677.4;686.0;132721;0
CNRU;D;20231101;0;686.0;709.0;686.0;699.2;67698;0
CNRU;D;20231102;0;699.4;704.0;690.0;693.4;31418;0
CNRU;D;20231103;0;692.0;697.0;690.0;696.4;19184;0
CNRU;D;20231106;0;698.0;725.8;698.0;713.8;77770;0
CNRU;D;20231107;0;720.4;730.6;714.6;719.2;57867;0
CNRU;D;20231108;0;721.2;725.6;707.0;715.0;27962;0
CNRU;D;20231109;0;717.8;717.8;695.6;703.6;129242;0
CNRU;D;20231110;0;700.2;703.6;685.0;686.2;42777;0
CNRU;D;20231113;0;686.0;698.8;661.4;689.2;158772;0
CNRU;D;20231114;0;690.6;696.0;650.0;670.0;92394;0
CNRU;D;20231115;0;670.0;690.0;660.6;684.8;40849;0
CNRU;D;20231116;0;684.0;701.6;676.0;699.2;68059;0
CNRU;D;20231117;0;699.0;699.6;677.0;693.0;28116;0
CNRU;D;20231120;0;700.0;741.8;696.0;737.6;472526;0
CNRU;D;20231121;0;737.6;743.4;695.4;706.4;264159;0
CNRU;D;20231122;0;714.0;720.2;701.4;716.8;68709;0
CNRU;D;20231123;0;716.8;718.8;706.4;707.0;24474;0
CNRU;D;20231124;0;706.0;711.8;681.6;693.2;56728;0
CNRU;D;20231127;0;686.6;723.6;661.0;692.0;168709;0
CNRU;D;20231128;0;693.2;698.0;670.6;683.8;32205;0
CNRU;D;20231129;0;684.8;700.8;675.0;675.6;49258;0
CNRU;D;20231130;0;677.8;681.0;631.0;636.0;169804;0
CNRU;D;20231201;0;636.0;683.8;610.2;616.8;146854;0
CNRU;D;20231204;0;616.8;619.4;582.0;587.2;105483;0
CNRU;D;20231205;0;566.6;598.4;565.0;593.6;70011;0
CNRU;D;20231206;0;594.8;598.0;561.4;564.6;38474;0
CNRU;D;20231207;0;564.6;568.0;536.2;557.0;71785;0
CNRU;D;20231208;0;556.8;579.2;549.2;572.0;32241;0
CNRU;D;20231211;0;572.0;576.4;550.0;559.0;60936;0
CNRU;D;20231212;0;564.0;564.2;541.2;555.0;87804;0
CNRU;D;20231213;0;555.0;570.0;541.4;553.0;57412;0
CNRU;D;20231214;0;555.2;586.8;552.4;561.2;130281;0
CNRU;D;20231215;0;560.8;596.2;546.0;592.8;68617;0
CNRU;D;20231218;0;594.0;623.0;577.4;614.0;114187;0
CNRU;D;20231219;0;614.0;619.0;590.0;595.2;115354;0
CNRU;D;20231220;0;602.0;635.4;600.4;605.0;101648;0
CNRU;D;20231221;0;610.0;610.0;595.4;600.2;39368;0
CNRU;D;20231222;0;603.0;636.0;600.4;626.4;145686;0
CNRU;D;20231225;0;634.6;659.4;629.6;656.6;249446;0
CNRU;D;20231226;0;656.6;657.6;638.0;645.0;54442;0
CNRU;D;20231227;0;646.4;654.8;630.0;636.8;37321;0
CNRU;D;20231228;0;637.0;638.8;611.6;622.2;99738;0
CNRU;D;20231229;0;625.6;625.6;603.0;614.0;52798;0
CNRU;D;20240103;0;620.0;659.0;620.0;658.4;50115;0
CNRU;D;20240104;0;660.0;697.0;658.6;688.8;234108;0
CNRU;D;20240105;0;697.0;720.0;688.2;719.0;202960;0
CNRU;D;20240108;0;722.0;745.0;701.0;707.2;125474;0
CNRU;D;20240109;0;707.2;722.8;693.0;697.0;71765;0
CNRU;D;20240110;0;705.8;705.8;684.8;695.0;60631;0
CNRU;D;20240111;0;697.0;702.0;681.4;688.6;76652;0
CNRU;D;20240112;0;692.8;701.6;685.0;699.8;83107;0
CNRU;D;20240115;0;705.8;712.0;692.6;697.2;63826;0
CNRU;D;20240116;0;702.8;703.2;685.4;690.6;36051;0
CNRU;D;20240117;0;691.2;716.8;691.0;704.0;103170;0
CNRU;D;20240118;0;707.0;715.0;695.0;704.0;108939;0
CNRU;D;20240119;0;708.8;709.0;700.2;702.0;63510;0
CNRU;D;20240122;0;704.2;715.0;700.0;713.8;63551;0
CNRU;D;20240123;0;713.8;719.2;705.4;706.4;78170;0
CNRU;D;20240124;0;706.6;715.8;695.2;705.0;59876;0
CNRU;D;20240125;0;709.0;710.4;695.2;700.2;32046;0
CNRU;D;20240126;0;700.6;714.4;700.2;705.0;57891;0
CNRU;D;20240129;0;705.0;729.6;704.2;729.2;158046;0
CNRU;D;20240130;0;730.0;735.0;716.2;734.6;107596;0
CNRU;D;20240131;0;735.0;750.0;723.6;731.0;228024;0
CNRU;D;20240201;0;732.2;748.8;718.2;737.2;98088;0
CNRU;D;20240202;0;744.8;744.8;722.4;726.4;66430;0
CNRU;D;20240205;0;724.0;724.4;698.0;706.6;149997;0
CNRU;D;20240206;0;708.0;722.0;706.0;713.6;47073;0
CNRU;D;20240207;0;716.0;721.6;713.0;716.2;32331;0
CNRU;D;20240208;0;725.0;737.4;706.2;711.2;195970;0
CNRU;D;20240209;0;709.2;724.2;696.0;709.0;84174;0
CNRU;D;20240212;0;708.8;712.2;695.8;703.0;50396;0
CNRU;D;20240213;0;703.4;727.8;703.0;722.6;68556;0
CNRU;D;20240214;0;723.0;729.0;713.2;722.8;37618;0
CNRU;D;20240215;0;723.0;725.0;707.2;719.0;60979;0
CNRU;D;20240216;0;721.0;722.0;707.0;716.0;90703;0
CNRU;D;20240219;0;715.8;728.2;706.6;721.2;65952;0
CNRU;D;20240220;0;721.6;727.6;705.2;719.8;84828;0
CNRU;D;20240221;0;707.0;716.0;669.6;695.0;179533;0
CNRU;D;20240222;0;696.0;716.0;696.0;702.0;33424;0
CNRU;D;20240226;0;705.0;715.0;698.6;706.4;62594;0
CNRU;D;20240227;0;707.8;710.0;700.0;700.8;16736;0
CNRU;D;20240228;0;703.0;708.0;695.0;695.8;28432;0
CNRU;D;20240229;0;699.2;701.8;681.0;700.0;72295;0
CNRU;D;20240301;0;702.2;705.8;693.4;699.8;25480;0
CNRU;D;20240304;0;704.8;715.0;700.0;706.8;63704;0
CNRU;D;20240305;0;710.8;731.0;700.2;727.0;80583;0
CNRU;D;20240306;0;732.0;745.0;716.4;740.0;141753;0
CNRU;D;20240307;0;741.0;777.0;733.0;777.0;395084;0
CNRU;D;20240311;0;781.0;785.0;763.4;774.2;151409;0
CNRU;D;20240312;0;775.0;778.0;756.0;762.0;76846;0
CNRU;D;20240313;0;764.4;779.0;762.2;763.0;45114;0
CNRU;D;20240314;0;763.0;767.6;745.2;760.0;62803;0
CNRU;D;20240315;0;765.6;779.0;756.2;767.0;57040;0
CNRU;D;20240318;0;769.4;788.4;760.0;779.0;104498;0
CNRU;D;20240319;0;785.0;802.8;750.6;760.2;361372;0
CNRU;D;20240320;0;762.0;790.0;762.0;780.0;76171;0
CNRU;D;20240321;0;783.0;797.4;781.8;785.2;67640;0
CNRU;D;20240322;0;796.0;796.0;779.4;787.0;53715;0
CNRU;D;20240325;0;770.0;794.8;770.0;786.6;64050;0
CNRU;D;20240326;0;792.0;821.0;790.0;819.8;133785;0
CNRU;D;20240327;0;818.2;860.0;816.6;849.8;370536;0
CNRU;D;20240328;0;849.6;858.4;825.0;855.8;151413;0
CNRU;D;20240329;0;861.0;868.8;844.0;846.6;56616;0
CNRU;D;20240401;0;847.0;885.8;847.0;879.0;107352;0
CNRU;D;20240402;0;880.0;885.0;861.4;872.0;73325;0
CNRU;D;20240403;0;872.0;890.0;856.4;881.0;73883;0
CNRU;D;20240404;0;881.0;883.2;860.8;876.2;45078;0
CNRU;D;20240405;0;876.2;887.8;860.4;862.4;34701;0
CNRU;D;20240408;0;862.0;871.8;840.4;867.2;97705;0
CNRU;D;20240409;0;867.2;872.8;845.0;849.6;46808;0
CNRU;D;20240410;0;849.6;867.0;825.2;866.6;78980;0
CNRU;D;20240411;0;864.2;883.0;864.0;876.4;47895;0
CNRU;D;20240412;0;880.0;880.0;867.2;871.6;52782;0
CNRU;D;20240415;0;871.6;900.6;869.2;891.0;89045;0
CNRU;D;20240416;0;894.0;918.0;885.8;913.0;82766;0
CNRU;D;20240417;0;913.0;984.6;905.2;979.0;592404;0
CNRU;D;20240418;0;970.0;996.0;950.0;990.0;244863;0
CNRU;D;20240419;0;989.8;999.0;964.0;996.0;103920;0
CNRU;D;20240422;0;996.0;1046.6;983.0;1030.0;491733;0
CNRU;D;20240423;0;1035.0;1037.0;966.0;974.4;340973;0
CNRU;D;20240424;0;975.0;983.8;940.2;954.0;119466;0
CNRU;D;20240425;0;954.0;959.6;915.8;933.0;71466;0
CNRU;D;20240426;0;933.0;983.0;924.8;975.0;129497;0
CNRU;D;20240427;0;976.0;996.6;962.2;981.8;61243;0
CNRU;D;20240429;0;982.0;999.8;975.2;979.8;22197;0
CNRU;D;20240430;0;974.2;992.2;953.6;964.4;20297;0
CNRU;D;20240502;0;964.2;990.0;956.2;965.0;41175;0
CNRU;D;20240503;0;964.4;989.0;958.0;982.0;51240;0
CNRU;D;20240506;0;982.0;990.0;946.4;951.2;70114;0
CNRU;D;20240507;0;951.2;967.0;942.6;953.4;37558;0
CNRU;D;20240508;0;953.4;986.6;953.4;975.0;33115;0
CNRU;D;20240510;0;974.0;986.8;960.2;968.2;20286;0
CNRU;D;20240513;0;970.8;1015.0;970.8;1008.2;104064;0
CNRU;D;20240514;0;1010.0;1011.8;989.0;994.4;48182;0
CNRU;D;20240515;0;994.4;1011.0;968.8;970.8;51107;0
CNRU;D;20240516;0;975.4;995.0;964.8;972.0;29363;0
CNRU;D;20240517;0;974.0;998.0;965.0;995.8;39310;0
CNRU;D;20240520;0;1003.0;1009.6;970.6;994.2;71801;0
CNRU;D;20240521;0;1000.0;1002.0;980.0;994.4;34822;0
CNRU;D;20240522;0;1000.4;1023.0;985.0;987.6;84141;0
CNRU;D;20240523;0;993.0;1000.0;957.8;986.2;65335;0
CNRU;D;20240524;0;987.0;987.0;925.0;933.0;99230;0
CNRU;D;20240527;0;928.2;939.6;845.4;862.8;220583;0
CNRU;D;20240528;0;868.8;882.4;837.8;857.0;116188;0
CNRU;D;20240529;0;856.0;861.2;828.2;834.0;50112;0
CNRU;D;20240530;0;840.0;870.0;810.0;814.4;81052;0
CNRU;D;20240531;0;814.4;840.0;761.0;810.0;96211;0
CNRU;D;20240603;0;811.0;857.8;775.6;855.2;83099;0
CNRU;D;20240604;0;858.2;915.2;855.0;914.8;116092;0
CNRU;D;20240605;0;920.0;920.0;886.2;887.6;48716;0
CNRU;D;20240606;0;890.0;902.0;855.8;868.0;43403;0
CNRU;D;20240607;0;868.0;950.0;868.0;931.2;116050;0
CNRU;D;20240610;0;932.2;959.0;927.2;929.0;51563;0
CNRU;D;20240611;0;929.0;934.8;886.4;901.8;64308;0
CNRU;D;20240613;0;855.0;909.0;815.0;892.4;102920;0
CNRU;D;20240614;0;893.0;918.0;889.8;892.2;26101;0
CNRU;D;20240617;0;891.8;912.2;888.0;888.6;19278;0
CNRU;D;20240618;0;892.0;893.2;832.4;832.4;35864;0
CNRU;D;20240619;0;840.0;850.0;789.6;793.0;148343;0
CNRU;D;20240620;0;793.2;848.8;793.2;845.8;154884;0
CNRU;D;20240621;0;850.0;868.2;842.4;846.0;32604;0
CNRU;D;20240624;0;846.0;860.0;810.0;821.4;32230;0
CNRU;D;20240625;0;822.0;839.8;821.6;827.6;17651;0
CNRU;D;20240626;0;827.0;853.8;827.0;849.8;38503;0
CNRU;D;20240627;0;850.0;859.0;825.4;850.0;24678;0
CNRU;D;20240628;0;848.4;849.4;824.2;826.8;29486;0
CNRU;D;20240701;0;838.2;838.2;817.0;827.6;19730;0
CNRU;D;20240702;0;828.6;851.2;824.0;838.0;18549;0
CNRU;D;20240703;0;838.4;839.4;820.0;826.4;21512;0
CNRU;D;20240704;0;827.4;834.6;801.4;811.8;38924;0
CNRU;D;20240705;0;812.0;815.0;783.8;799.2;26288;0
CNRU;D;20240708;0;793.6;825.0;762.2;802.2;114629;0
CNRU;D;20240709;0;802.0;804.0;763.0;779.2;26592;0
CNRU;D;20240710;0;779.0;798.0;751.0;756.2;58124;0
CNRU;D;20240711;0;735.0;781.4;735.0;774.6;18452;0
CNRU;D;20240712;0;777.6;783.8;752.2;758.2;16241;0
CNRU;D;20240715;0;759.0;771.6;754.2;758.0;18729;0
CNRU;D;20240716;0;752.4;787.0;734.0;785.2;30823;0
CNRU;D;20240717;0;786.0;797.0;771.8;789.6;17019;0
CNRU;D;20240718;0;790.0;801.8;777.2;796.8;8620;0
CNRU;D;20240719;0;798.4;823.0;792.6;806.0;25012;0
CNRU;D;20240722;0;805.0;859.8;805.0;840.0;77976;0
CNRU;D;20240723;0;839.0;840.0;826.8;836.0;16687;0
CNRU;D;20240724;0;836.0;847.2;816.0;822.4;30166;0
CNRU;D;20240725;0;823.0;839.8;805.6;820.4;40839;0
CNRU;D;20240726;0;825.0;828.0;764.8;780.2;102396;0
CNRU;D;20240729;0;780.0;787.0;737.0;745.0;26725;0
CNRU;D;20240730;0;735.0;778.4;734.0;767.6;35180;0
CNRU;D;20240731;0;765.6;799.0;755.8;780.2;31716;0
CNRU;D;20240801;0;777.4;796.8;768.2;770.2;16884;0
CNRU;D;20240802;0;768.2;770.0;742.4;746.4;44984;0
CNRU;D;20240805;0;736.0;740.0;698.0;704.6;60543;0
CNRU;D;20240806;0;711.8;734.0;704.4;715.6;56743;0
CNRU;D;20240807;0;715.8;723.0;701.2;716.8;50805;0
CNRU;D;20240808;0;717.4;722.8;705.0;708.0;32138;0
CNRU;D;20240809;0;712.0;715.4;693.8;702.0;36495;0
CNRU;D;20240812;0;695.0;707.8;680.0;700.0;38179;0
CNRU;D;20240813;0;700.2;730.0;700.0;721.2;37093;0
CNRU;D;20240814;0;722.0;739.0;718.2;723.8;61732;0
CNRU;D;20240815;0;723.2;731.0;703.8;718.8;33033;0
CNRU;D;20240816;0;721.0;721.4;706.6;715.0;14589;0
CNRU;D;20240819;0;712.0;714.6;697.4;700.2;20569;0
CNRU;D;20240820;0;697.2;713.6;690.0;708.0;25721;0
CNRU;D;20240821;0;710.2;720.0;680.0;686.2;71622;0
CNRU;D;20240822;0;691.8;693.4;651.2;652.0;33943;0
CNRU;D;20240823;0;652.2;655.0;621.0;632.6;47141;0
CNRU;D;20240826;0;642.0;669.6;622.6;650.2;62387;0
CNRU;D;20240827;0;650.2;705.8;626.2;632.4;206229;0
CNRU;D;20240828;0;635.0;646.0;620.4;642.4;62494;0
CNRU;D;20240829;0;641.0;651.8;633.2;643.2;28780;0
CNRU;D;20240830;0;640.0;645.0;602.0;603.6;37841;0
CNRU;D;20240902;0;581.0;589.6;540.0;557.6;94994;0
CNRU;D;20240903;0;558.0;584.0;545.6;567.8;69296;0
CNRU;D;20240904;0;569.8;599.8;566.4;590.8;41299;0
CNRU;D;20240905;0;600.0;635.8;597.0;625.0;65012;0
CNRU;D;20240906;0;632.6;634.2;618.4;629.2;23289;0
CNRU;D;20240909;0;628.0;657.8;628.0;649.6;27921;0
CNRU;D;20240910;0;656.8;665.0;630.0;630.0;78270;0
CNRU;D;20240911;0;628.6;645.2;628.0;631.4;53312;0
CNRU;D;20240912;0;628.0;635.0;614.2;624.0;58926;0
CNRU;D;20240913;0;615.0;649.8;614.0;637.4;59460;0
CNRU;D;20240916;0;641.4;695.6;641.4;682.0;139749;0
CNRU;D;20240917;0;688.2;718.8;680.0;695.6;124609;0
CNRU;D;20240918;0;704.0;710.8;673.0;673.0;51889;0
CNRU;D;20240919;0;681.0;688.6;654.0;678.2;46971;0
CNRU;D;20240920;0;685.0;697.8;682.8;687.0;40106;0
CNRU;D;20240923;0;693.8;715.0;690.0;698.0;44850;0
CNRU;D;20240924;0;705.6;724.0;698.0;715.8;95786;0
CNRU;D;20240925;0;724.6;724.6;700.0;701.8;35363;0
CNRU;D;20240926;0;692.0;693.8;671.0;673.0;87715;0
CNRU;D;20240927;0;673.0;682.0;655.6;671.0;26043;0
CNRU;D;20240930;0;678.2;686.6;657.0;660.0;41186;0
CNRU;D;20241001;0;667.4;667.4;633.0;647.0;43564;0
CNRU;D;20241002;0;647.2;651.2;621.0;621.0;30273;0
CNRU;D;20241003;0;625.0;628.6;597.8;605.0;101072;0
CNRU;D;20241004;0;608.4;611.8;596.4;602.2;62038;0
CNRU;D;20241007;0;604.4;607.2;590.6;600.0;52324;0
CNRU;D;20241008;0;602.2;624.0;599.2;609.6;107107;0
CNRU;D;20241009;0;609.6;616.0;585.0;590.0;115702;0
CNRU;D;20241010;0;595.0;600.0;586.0;589.6;27705;0
CNRU;D;20241011;0;589.2;589.2;573.6;584.8;18443;0
CNRU;D;20241014;0;584.6;594.8;571.8;587.2;37804;0
CNRU;D;20241015;0;590.0;608.4;590.0;604.0;47573;0
CNRU;D;20241016;0;604.0;616.0;593.4;598.2;47934;0
CNRU;D;20241017;0;595.4;600.8;590.0;592.8;9804;0
CNRU;D;20241018;0;600.0;600.6;576.8;587.4;17444;0
CNRU;D;20241021;0;585.0;596.4;583.2;587.6;19991;0
CNRU;D;20241022;0;589.2;598.6;576.4;579.8;24463;0
CNRU;D;20241023;0;580.4;604.0;561.0;575.4;252630;0
CNRU;D;20241024;0;567.6;579.0;564.0;578.0;20431;0
CNRU;D;20241025;0;581.4;587.0;553.0;568.2;67539;0
CNRU;D;20241028;0;560.2;562.8;542.2;542.2;33612;0
CNRU;D;20241029;0;548.0;563.4;546.2;560.2;62268;0
CNRU;D;20241030;0;564.8;572.2;561.6;571.6;30558;0
CNRU;D;20241031;0;563.0;563.0;540.0;547.0;79213;0
CNRU;D;20241101;0;548.4;557.0;541.0;548.4;38245;0
CNRU;D;20241102;0;549.0;554.8;546.0;548.8;9256;0
CNRU;D;20241105;0;551.8;559.8;542.0;557.4;28625;0
CNRU;D;20241106;0;573.0;583.2;560.0;567.4;30669;0
CNRU;D;20241107;0;568.8;569.4;547.6;565.6;13567;0
CNRU;D;20241108;0;576.0;579.8;564.0;576.0;22198;0
CNRU;D;20241111;0;594.4;607.0;592.8;605.0;94112;0
CNRU;D;20241112;0;606.8;607.0;586.6;596.0;40637;0
CNRU;D;20241113;0;595.0;608.6;584.6;603.4;42222;0
CNRU;D;20241114;0;592.4;605.6;590.2;604.6;39168;0
CNRU;D;20241115;0;608.0;630.4;608.0;620.0;80085;0
CNRU;D;20241118;0;603.2;637.0;592.0;629.8;81918;0
CNRU;D;20241119;0;629.4;647.4;591.2;591.2;87903;0
CNRU;D;20241120;0;596.0;600.6;573.4;582.2;57903;0
CNRU;D;20241121;0;589.6;589.8;565.8;576.0;34799;0
CNRU;D;20241122;0;580.8;594.8;578.0;583.6;25453;0
CNRU;D;20241125;0;578.2;580.0;565.2;575.0;26649;0
CNRU;D;20241126;0;572.0;582.6;529.4;536.4;127747;0
CNRU;D;20241127;0;536.0;536.0;475.8;502.0;216743;0
CNRU;D;20241128;0;516.2;529.0;506.0;516.2;41029;0
CNRU;D;20241129;0;516.2;528.8;507.2;528.8;35165;0
CNRU;D;20241202;0;529.0;574.0;529.0;565.8;238394;0
CNRU;D;20241203;0;558.4;568.0;546.2;554.6;96917;0
CNRU;D;20241204;0;549.8;551.8;518.0;518.6;102569;0
CNRU;D;20241205;0;518.4;528.6;490.0;500.2;213349;0
CNRU;D;20241206;0;510.0;524.8;487.0;498.8;729265;0
CNRU;D;20241209;0;505.4;508.0;496.6;504.4;41153;0
CNRU;D;20241210;0;505.2;505.2;488.0;492.0;37250;0
CNRU;D;20241211;0;497.2;497.2;477.0;482.4;33761;0
CNRU;D;20241212;0;478.2;484.2;462.2;462.6;144320;0
CNRU;D;20241213;0;461.2;463.0;448.4;460.0;68078;0
CNRU;D;20241216;0;450.6;462.4;443.0;454.2;71938;0
CNRU;D;20241217;0;454.2;456.6;449.4;451.0;12147;0
CNRU;D;20241218;0;451.0;460.0;447.6;456.4;13628;0
CNRU;D;20241219;0;458.2;471.6;452.4;459.0;66953;0
CNRU;D;20241220;0;459.0;515.4;459.0;506.8;126126;0
CNRU;D;20241223;0;520.0;531.0;494.6;500.2;107502;0
CNRU;D;20241224;0;505.8;512.2;488.0;499.4;38041;0
CNRU;D;20241225;0;499.0;513.8;490.0;508.0;43965;0
CNRU;D;20241226;0;509.0;529.0;502.6;510.0;65851;0
CNRU;D;20241227;0;507.0;512.6;500.0;507.6;37263;0
CNRU;D;20241228;0;507.6;517.4;505.0;511.2;37149;0
CNRU;D;20241230;0;521.0;527.4;511.6;527.4;43874;0
CNRU;D;20250103;0;526.6;530.6;501.0;510.6;34297;0
CNRU;D;20250106;0;509.6;510.2;500.0;508.0;12618;0
CNRU;D;20250108;0;507.8;534.0;505.8;529.6;56481;0
CNRU;D;20250109;0;531.0;540.8;521.0;523.8;35477;0
CNRU;D;20250110;0;521.2;549.0;521.2;530.8;65534;0
CNRU;D;20250113;0;537.8;549.0;526.2;535.8;41362;0
CNRU;D;20250114;0;535.0;545.0;530.0;540.4;29710;0
CNRU;D;20250115;0;546.0;546.8;534.4;538.6;10549;0
CNRU;D;20250116;0;541.0;569.6;540.0;550.0;116825;0
CNRU;D;20250117;0;556.8;580.0;552.2;570.8;76264;0
CNRU;D;20250120;0;580.0;589.0;560.4;574.2;59171;0
CNRU;D;20250121;0;564.4;573.6;558.2;568.4;28624;0
CNRU;D;20250122;0;570.8;574.2;563.2;569.4;14056;0
CNRU;D;20250123;0;563.6;572.8;553.4;566.0;28855;0
CNRU;D;20250124;0;566.8;587.0;566.8;586.6;37384;0
CNRU;D;20250127;0;585.0;588.2;533.2;549.6;201676;0
CNRU;D;20250128;0;546.0;582.4;518.0;553.0;428758;0
CNRU;D;20250129;0;551.8;568.6;548.6;558.6;46920;0
CNRU;D;20250130;0;555.4;560.0;549.8;554.6;24771;0
CNRU;D;20250131;0;553.8;556.8;539.0;541.0;25767;0
CNRU;D;20250203;0;532.2;565.6;513.0;536.0;92371;0
CNRU;D;20250204;0;535.8;557.2;535.6;550.8;28461;0
CNRU;D;20250205;0;549.8;580.0;533.0;575.0;111983;0
CNRU;D;20250403;0;685.4;712.8;575.0;580.0;2264459;0
CNRU;D;20250404;0;580.0;589.0;545.0;555.8;597986;0
CNRU;D;20250407;0;500.4;531.2;484.4;505.0;893316;0
CNRU;D;20250408;0;519.0;526.0;510.0;510.0;275998;0
CNRU;D;20250409;0;509.0;510.0;477.4;490.0;347955;0
CNRU;D;20250410;0;520.0;527.2;506.0;516.0;299905;0
CNRU;D;20250411;0;529.6;543.0;521.0;537.2;146385;0
CNRU;D;20250414;0;540.0;558.0;525.4;549.6;120971;0
CNRU;D;20250415;0;549.8;555.6;540.2;547.4;36353;0
CNRU;D;20250416;0;547.0;562.0;540.0;557.2;92868;0
CNRU;D;20250417;0;557.8;570.0;550.0;558.8;114288;0
CNRU;D;20250418;0;560.0;560.0;504.8;529.6;519194;0
CNRU;D;20250421;0;534.0;544.8;525.0;530.4;90700;0
CNRU;D;20250422;0;535.2;539.4;527.0;533.0;68773;0
CNRU;D;20250423;0;530.4;532.4;520.2;527.4;50016;0
CNRU;D;20250424;0;530.0;540.0;529.0;531.0;69648;0
CNRU;D;20250425;0;534.0;537.0;530.2;532.8;52889;0
CNRU;D;20250428;0;532.8;558.0;529.2;551.0;118182;0
CNRU;D;20250429;0;551.0;589.4;539.2;549.2;236259;0
CNRU;D;20250430;0;543.0;553.0;534.8;539.2;118518;0
CNRU;D;20250502;0;534.6;543.6;526.4;537.0;47392;0
CNRU;D;20250505;0;536.8;536.8;526.2;529.0;47806;0
CNRU;D;20250506;0;531.2;548.4;531.2;544.4;101203;0
CNRU;D;20250507;0;542.0;544.8;535.4;537.6;35110;0
CNRU;D;20250508;0;538.6;545.0;537.0;538.6;26886;0
CNRU;D;20250512;0;546.0;553.6;539.6;543.2;89885;0
CNRU;D;20250513;0;543.0;543.0;520.2;530.0;68427;0
CNRU;D;20250514;0;531.2;541.0;529.2;532.6;68904;0
CNRU;D;20250515;0;530.0;552.0;524.6;541.0;231246;0
CNRU;D;20250516;0;541.0;545.0;535.2;542.6;55269;0
CNRU;D;20250519;0;545.2;566.8;545.2;556.0;234172;0
CNRU;D;20250520;0;559.0;564.4;537.2;550.8;228606;0
CNRU;D;20250521;0;555.2;555.8;500.0;522.6;664619;0
CNRU;D;20250522;0;517.4;525.0;510.6;520.0;124225;0
CNRU;D;20250523;0;515.0;517.8;507.6;509.8;79976;0
CNRU;D;20250526;0;507.0;514.0;500.0;503.6;89315;0
CNRU;D;20250527;0;505.0;521.8;504.8;518.0;128612;0
CNRU;D;20250528;0;518.2;529.0;513.2;524.0;106274;0
CNRU;D;20250529;0;524.2;541.8;524.0;539.4;360326;0
CNRU;D;20250530;0;536.0;555.4;533.8;544.2;118479;0
CNRU;D;20250602;0;537.0;551.0;524.6;534.8;53192;0
CNRU;D;20250603;0;541.0;550.0;532.0;538.0;50443;0
CNRU;D;20250604;0;540.2;561.0;532.0;539.0;121601;0
CNRU;D;20250605;0;542.4;559.0;541.8;558.0;42431;0
CNRU;D;20250606;0;557.0;565.2;542.2;542.8;152131;0
CNRU;D;20250609;0;542.4;547.0;525.2;533.8;76562;0
CNRU;D;20250610;0;525.8;539.8;525.0;527.8;76248;0
CNRU;D;20250611;0;527.8;533.0;521.4;528.2;102427;0
CNRU;D;20250613;0;528.2;530.8;525.0;526.6;12026;0
CNRU;D;20250616;0;526.8;544.8;523.8;539.0;94156;0
CNRU;D;20250617;0;539.0;551.0;530.8;543.0;77565;0
CNRU;D;20250618;0;543.6;546.0;537.0;540.6;22148;0
CNRU;D;20250619;0;540.6;564.0;538.0;553.6;124278;0
CNRU;D;20250620;0;557.4;569.0;534.0;536.6;153797;0
CNRU;D;20250623;0;536.6;559.2;530.0;547.2;113279;0
CNRU;D;20250624;0;547.8;553.2;540.6;551.8;47306;0
CNRU;D;20250625;0;552.0;556.0;538.6;545.6;60019;0
CNRU;D;20250626;0;548.0;566.8;543.2;554.8;72185;0
CNRU;D;20250627;0;554.8;560.0;550.0;553.6;49854;0
CNRU;D;20250630;0;552.4;568.8;552.4;568.8;89817;0
CNRU;D;20250701;0;569.2;575.0;558.4;560.8;159682;0
CNRU;D;20250702;0;561.8;564.0;547.4;550.8;60800;0
CNRU;D;20250703;0;550.0;578.0;550.0;574.0;255644;0
CNRU;D;20250704;0;574.2;585.0;560.2;565.4;73870;0
CNRU;D;20250707;0;566.0;577.8;559.8;562.4;86118;0
CNRU;D;20250708;0;562.4;573.2;543.8;564.2;138547;0
CNRU;D;20250709;0;563.0;588.0;551.2;569.6;147117;0
CNRU;D;20250710;0;572.0;585.2;562.0;568.6;128914;0
CNRU;D;20250711;0;568.0;573.8;553.8;559.4;89180;0
CNRU;D;20250714;0;559.2;568.6;545.0;563.6;105003;0
CNRU;D;20250715;0;565.0;568.6;546.2;560.0;163166;0
CNRU;D;20250716;0;559.0;567.8;558.0;566.4;70765;0
CNRU;D;20250717;0;567.4;573.6;556.8;558.2;111293;0
CNRU;D;20250718;0;561.6;568.4;558.2;566.8;104322;0
CNRU;D;20250721;0;566.8;575.6;561.8;570.2;128604;0
CNRU;D;20250722;0;570.0;587.8;568.4;582.4;263670;0
CNRU;D;20250723;0;581.6;612.2;581.6;598.6;435984;0
CNRU;D;20250724;0;599.0;608.0;575.4;584.0;252144;0
CNRU;D;20250725;0;588.4;600.0;571.0;582.0;308261;0
CNRU;D;20250728;0;586.0;594.2;565.0;568.8;232481;0
CNRU;D;20250729;0;570.6;583.2;567.0;578.2;111283;0
CNRU;D;20250730;0;579.0;584.2;554.0;557.0;76600;0
CNRU;D;20250731;0;560.8;578.0;560.8;575.6;107065;0
CNRU;D;20250801;0;575.0;587.6;565.0;573.4;56014;0
CNRU;D;20250804;0;573.4;578.0;570.0;574.0;60549;0
CNRU;D;20250805;0;574.0;590.0;573.4;583.4;83415;0
CNRU;D;20250806;0;584.0;594.0;576.6;592.6;130941;0
CNRU;D;20250807;0;592.2;598.0;580.4;590.6;353134;0
CNRU;D;20250808;0;587.2;594.0;586.4;590.4;88213;0
CNRU;D;20250811;0;593.8;605.0;582.6;596.0;264333;0
CNRU;D;20250812;0;598.0;598.0;588.2;590.8;77920;0
CNRU;D;20250813;0;592.0;593.0;583.0;583.4;60455;0
CNRU;D;20250814;0;581.2;590.4;561.6;587.6;142865;0
CNRU;D;20250815;0;590.4;598.4;585.8;591.0;97594;0
CNRU;D;20250818;0;590.6;607.6;576.4;606.2;301915;0
CNRU;D;20250819;0;604.8;623.0;601.0;617.8;375198;0
CNRU;D;20250820;0;618.0;669.6;616.6;661.8;2083466;0
CNRU;D;20250821;0;660.8;661.6;641.4;642.0;659917;0
CNRU;D;20250822;0;645.6;660.0;642.2;656.2;287944;0
CNRU;D;20250825;0;656.4;662.2;636.8;637.6;210557;0
CNRU;D;20250826;0;641.6;647.4;623.0;630.6;153599;0
CNRU;D;20250827;0;630.8;644.6;621.8;627.2;200573;0
CNRU;D;20250828;0;629.0;634.0;605.0;611.8;278472;0
CNRU;D;20250829;0;612.0;615.8;603.0;605.8;114951;0
CNRU;D;20250901;0;609.0;615.0;601.0;607.8;174223;0
CNRU;D;20250902;0;610.0;614.0;590.0;594.6;159787;0
CNRU;D;20250903;0;595.2;621.6;595.0;619.0;173004;0
CNRU;D;20250904;0;617.0;620.0;610.2;610.8;124628;0
CNRU;D;20250905;0;613.4;627.4;610.2;623.6;138623;0
CNRU;D;20250908;0;623.0;632.6;615.6;623.2;140240;0
CNRU;D;20250909;0;625.4;637.8;625.2;630.8;101679;0
CNRU;D;20250910;0;632.6;635.4;616.0;625.0;96199;0
CNRU;D;20250911;0;628.6;648.0;620.0;645.8;238703;0
CNRU;D;20250912;0;644.0;659.6;634.8;649.6;316506;0
CNRU;D;20250915;0;652.0;663.2;645.6;657.2;277293;0
CNRU;D;20250916;0;657.6;666.8;645.2;650.0;212928;0
CNRU;D;20250917;0;653.4;657.2;631.8;635.0;165271;0
CNRU;D;20250918;0;637.8;665.6;635.0;653.8;317411;0
CNRU;D;20250919;0;657.0;663.0;645.8;658.0;143606;0
CNRU;D;20250922;0;658.0;660.0;620.2;635.6;222445;0
CNRU;D;20250923;0;635.8;650.8;634.2;635.0;169083;0
CNRU;D;20250924;0;638.6;653.0;634.0;649.6;133078;0
CNRU;D;20250925;0;647.4;668.0;646.2;663.8;226062;0
CNRU;D;20250926;0;663.0;680.8;650.4;678.6;198167;0
CNRU;D;20250929;0;678.0;691.0;671.8;680.0;278826;0
CNRU;D;20250930;0;680.4;684.2;666.6;672.6;183095;0
CNRU;D;20251001;0;677.0;681.8;656.4;666.8;186123;0
CNRU;D;20251002;0;668.0;673.8;651.0;660.0;207000;0
CNRU;D;20251003;0;658.0;670.0;642.8;652.4;101178;0
CNRU;D;20251006;0;649.0;667.0;642.2;654.8;327913;0
CNRU;D;20251007;0;657.0;657.0;636.6;644.6;111269;0
CNRU;D;20251008;0;644.6;650.6;605.0;615.2;341047;0
CNRU;D;20251009;0;615.2;620.8;582.2;608.8;438289;0
CNRU;D;20251010;0;608.8;624.4;584.4;585.6;330346;0
CNRU;D;20251013;0;587.2;604.2;575.2;591.2;255991;0
CNRU;D;20251014;0;591.2;593.2;581.8;583.8;98475;0
CNRU;D;20251015;0;583.8;598.8;575.0;589.0;150841;0
CNRU;D;20251016;0;593.4;607.8;568.0;604.0;1239302;0
CNRU;D;20251017;0;606.0;610.6;581.0;594.0;437655;0
CNRU;D;20251020;0;596.0;637.2;596.0;634.6;726315;0
CNRU;D;20251021;0;634.6;636.6;610.0;622.4;649273;0
CNRU;D;20251022;0;623.0;643.0;616.4;626.0;572338;0
CNRU;D;20251023;0;617.0;632.2;611.8;629.6;267724;0
CNRU;D;20251024;0;631.4;651.4;625.2;646.6;257939;0
CNRU;D;20251027;0;647.4;651.4;583.0;606.8;795018;0
CNRU;D;20251028;0;606.8;643.8;588.0;614.6;1729448;0
CNRU;D;20251029;0;617.0;624.0;608.0;616.0;399504;0
CNRU;D;20251030;0;616.0;619.2;612.8;618.6;211210;0
CNRU;D;20251031;0;619.0;620.0;610.0;616.8;144420;0
CNRU;D;20251101;0;617.0;618.6;610.2;613.0;126107;0
CNRU;D;20251103;0;617.0;628.8;616.2;624.0;164936;0
CNRU;D;20251105;0;628.2;641.4;627.0;637.8;418436;0
CNRU;D;20251106;0;638.4;659.8;637.8;659.4;373663;0
CNRU;D;20251107;0;659.0;669.8;655.4;666.0;251593;0
CNRU;D;20251110;0;669.8;700.0;668.8;684.2;1172013;0
CNRU;D;20251111;0;684.2;689.2;671.0;677.4;234269;0
CNRU;D;20251112;0;678.0;679.4;657.0;660.0;345080;0
CNRU;D;20251113;0;659.0;673.0;658.8;665.6;250396;0
CNRU;D;20251114;0;666.0;669.0;663.0;667.8;110255;0
CNRU;D;20251117;0;667.8;682.6;663.0;665.0;350424;0
CNRU;D;20251118;0;669.8;672.6;664.2;670.6;200721;0
CNRU;D;20251119;0;671.0;675.0;669.4;671.8;209770;0
CNRU;D;20251120;0;673.8;679.0;670.0;678.8;234749;0
CNRU;D;20251121;0;679.6;682.6;675.8;681.2;213198;0
CNRU;D;20251124;0;681.2;687.8;665.0;679.8;377171;0
CNRU;D;20251125;0;678.2;686.8;671.6;674.8;410185;0
CNRU;D;20251126;0;676.0;680.2;671.4;674.8;239580;0
CNRU;D;20251127;0;675.8;682.0;674.4;679.8;255060;0
CNRU;D;20251128;0;680.0;685.4;674.2;681.4;364651;0
CNRU;D;20251201;0;683.0;700.0;681.0;700.0;622693;0
CNRU;D;20251202;0;700.0;717.4;697.6;710.8;1006205;0
CNRU;D;20251203;0;710.4;716.0;700.0;713.8;419203;0
CNRU;D;20251204;0;714.2;724.0;714.2;721.6;457052;0
CNRU;D;20251205;0;721.8;740.0;721.0;737.8;549248;0
CNRU;D;20251208;0;744.0;764.8;743.0;758.4;934600;0
CNRU;D;20251209;0;758.6;761.6;721.2;739.0;1418688;0
CNRU;D;20251210;0;738.4;739.0;725.0;734.4;745231;0
CNRU;D;20251211;0;732.8;739.8;726.6;737.8;1037759;0
CNRU;D;20251212;0;618.4;646.4;609.2;635.8;2428329;0
CNRU;D;20251215;0;635.0;638.2;611.0;618.2;788252;0
CNRU;D;20251216;0;618.2;620.0;601.0;606.4;695522;0
CNRU;D;20251217;0;606.4;607.4;598.0;602.4;488847;0
CNRU;D;20251218;0;602.4;629.6;602.0;620.0;1189479;0
CNRU;D;20251219;0;623.0;629.6;613.4;615.2;642486;0
CNRU;D;20251222;0;615.4;621.0;602.4;604.0;515352;0
CNRU;D;20251223;0;603.2;607.8;595.0;599.8;385797;0
CNRU;D;20251224;0;599.8;602.6;590.6;592.0;428584;0
CNRU;D;20251225;0;592.0;598.0;590.0;593.6;256193;0
CNRU;D;20251226;0;593.6;604.0;590.0;602.2;210829;0
CNRU;D;20251229;0;602.2;611.6;595.6;604.0;351480;0
CNRU;D;20251230;0;605.0;608.6;600.0;604.8;133354;0
CNRU;D;20260105;0;603.0;603.0;590.2;597.4;103234;0
CNRU;D;20260106;0;598.0;600.4;594.8;595.0;65510;0
CNRU;D;20260108;0;594.0;595.0;588.0;590.0;75686;0
CNRU;D;20260109;0;589.4;593.2;587.8;588.4;62988;0
CNRU;D;20260112;0;588.6;591.4;585.6;587.8;98055;0
CNRU;D;20260113;0;588.0;589.2;585.2;586.8;80092;0
CNRU;D;20260114;0;588.0;588.4;575.6;577.8;151873;0
CNRU;D;20260115;0;577.8;585.0;577.4;584.8;92818;0
CNRU;D;20260116;0;585.0;592.6;578.8;587.6;168468;0
CNRU;D;20260119;0;589.4;594.8;589.0;589.4;186417;0
CNRU;D;20260120;0;589.4;592.8;579.6;583.2;142819;0
CNRU;D;20260121;0;584.8;590.0;579.2;587.2;136645;0
CNRU;D;20260122;0;587.8;591.6;585.4;588.4;129203;0
CNRU;D;20260123;0;587.4;589.8;583.8;586.4;100477;0
CNRU;D;20260126;0;586.6;588.0;580.2;583.4;158549;0
CNRU;D;20260127;0;582.8;585.0;581.4;585.0;84359;0
CNRU;D;20260128;0;585.0;589.0;578.4;579.8;161888;0
CNRU;D;20260129;0;579.8;583.6;573.4;580.0;358448;0
CNRU;D;20260130;0;580.0;581.4;572.0;572.4;196551;0
CNRU;D;20260202;0;575.2;577.6;566.4;573.0;165100;0
CNRU;D;20260203;0;573.0;576.0;571.2;572.8;77721;0
CNRU;D;20260204;0;573.4;576.6;570.6;572.8;158219;0
CNRU;D;20260205;0;573.0;575.4;567.0;571.0;158940;0
CNRU;D;20260206;0;570.0;573.4;567.4;567.8;80876;0
CNRU;D;20260209;0;567.8;575.2;565.8;574.2;126968;0
CNRU;D;20260210;0;574.2;574.6;565.2;567.2;183600;0
CNRU;D;20260211;0;567.2;575.6;566.0;571.2;130185;0
CNRU;D;20260212;0;571.6;581.6;571.2;575.6;119097;0
CNRU;D;20260213;0;576.0;585.8;567.0;582.4;263041;0
CNRU;D;20260216;0;582.8;585.8;575.0;575.2;110511;0
CNRU;D;20260217;0;575.8;581.6;570.0;573.4;163248;0
CNRU;D;20260218;0;573.4;582.6;571.8;577.8;122150;0
CNRU;D;20260219;0;577.2;598.4;577.2;593.0;349350;0
CNRU;D;20260220;0;591.4;595.6;590.2;592.2;94317;0
CNRU;D;20260224;0;592.0;607.8;591.4;604.8;306503;0
CNRU;D;20260225;0;602.8;609.2;600.4;604.8;136835;0
CNRU;D;20260226;0;606.0;607.6;602.4;604.0;79011;0
CNRU;D;20260227;0;605.4;612.8;603.6;607.0;150490;0
CNRU;D;20260302;0;607.0;609.0;583.0;592.2;430952;0
CNRU;D;20260303;0;592.2;592.4;580.8;584.6;180343;0
CNRU;D;20260304;0;585.0;592.2;583.4;589.0;137529;0
CNRU;D;20260305;0;589.8;594.2;585.6;588.0;94898;0
CNRU;D;20260306;0;589.2;597.8;584.4;594.2;137227;0
CNRU;D;20260309;0;592.0;593.2;583.2;591.0;95902;0
CNRU;D;20260310;0;590.0;607.4;588.6;607.4;195770;0
CNRU;D;20260311;0;607.0;618.0;595.0;598.0;351475;0
CNRU;D;20260312;0;598.0;609.6;597.6;602.0;111884;0
CNRU;D;20260313;0;601.2;608.6;600.0;600.8;73206;0
CNRU;D;20260316;0;600.8;614.2;600.2;610.0;309035;0
CNRU;D;20260317;0;610.0;632.8;608.8;631.0;561221;0
CNRU;D;20260318;0;631.6;643.0;623.2;632.8;784242;0
CNRU;D;20260319;0;632.4;639.6;629.2;632.4;259576;0
CNRU;D;20260320;0;632.4;637.2;626.4;630.2;97695;0
CNRU;D;20260323;0;629.4;629.8;618.0;622.2;111207;0
CNRU;D;20260324;0;622.6;629.8;619.2;626.2;68474;0
CNRU;D;20260325;0;627.8;634.4;624.8;628.4;95998;0
CNRU;D;20260326;0;628.0;640.0;618.4;627.6;270554;0
CNRU;D;20260327;0;628.2;630.8;611.2;619.0;138766;0
CNRU;D;20260330;0;620.0;623.8;615.4;620.2;93288;0
CNRU;D;20260331;0;619.2;620.2;613.4;616.0;63075;0
CNRU;D;20260401;0;616.0;628.4;612.4;625.0;86077;0
CNRU;D;20260402;0;627.4;641.0;623.2;638.0;117248;0
CNRU;D;20260403;0;637.0;641.0;627.2;629.4;120901;0
CNRU;D;20260406;0;631.0;637.2;626.0;630.8;113634;0
CNRU;D;20260407;0;630.8;630.8;627.0;629.6;34015;0
CNRU;D;20260408;000000;630;630;621.2;621.6;61449;0
CNRU;D;20260409;000000;622.2;623.4;608;614.8;119144;0
CNRU;D;20260410;000000;615;616;605.2;606;57363;0
CNRU;D;20260413;000000;607.8;609.8;591.8;597.4;108010;0
CNRU;D;20260414;000000;597.6;613;594.8;605.2;87852;0
CNRU;D;20260415;000000;607.2;615;604;611.6;49816;0
CNRU;D;20260416;000000;614.8;614.8;604.4;605.4;66873;0
CNRU;D;20260417;000000;608.2;639;600.2;625.4;254329;0
CNRU;D;20260420;000000;625.4;631.4;609.8;619.2;109561;0
CNRU;D;20260421;000000;621;625.6;613.2;620.2;83851;0
CNRU;D;20260422;000000;624;632.6;618.4;629.2;186151;0
CNRU;D;20260423;000000;627.8;631.8;625.2;625.8;63625;0
CNRU;D;20260424;000000;625.4;635;620.8;626;113641;0
CNRU;D;20260427;000000;625.8;628.8;620.6;620.6;72781;0
CNRU;D;20260428;000000;621;623.2;606.6;612.8;77736;0
CNRU;D;20260429;000000;612.6;614.8;595;606;115271;0
CNRU;D;20260430;000000;607;610.4;597;601.4;118460;0
CNRU;D;20260504;000000;603.4;625.4;600.4;615.6;267630;0
CNRU;D;20260505;000000;617.4;620;610;617;68318;0
CNRU;D;20260506;000000;617;620;612;614.4;53742;0
CNRU;D;20260507;000000;614.6;616.4;611.6;615.6;33712;0
CNRU;D;20260508;000000;616.2;624.6;614;619.6;100027;0
CNRU;D;20260511;000000;619.8;623.8;618.6;622.6;28259;0
CNRU;D;20260512;000000;623;653.6;619.2;652.8;426085;0
CNRU;D;20260513;000000;652.8;653;641;649.2;160274;0
CNRU;D;20260514;000000;649.6;663.2;632;638.6;562821;0
