<TICKER>;<PER>;<DATE>;<TIME>;<OPEN>;<HIGH>;<LOW>;<CLOSE>;<VOL>;<OPENINT>
FLOT;D;20201007;000000;105;105;91.56;100.5;107924250;0
FLOT;D;20201008;000000;100.5;101;98.3;100.5;11659760;0
FLOT;D;20201009;000000;100.5;103.29;100.13;103;31768490;0
FLOT;D;20201012;000000;103.48;104.5;103.01;103.55;12910790;0
FLOT;D;20201013;000000;103.88;103.92;102.12;103.2;5578480;0
FLOT;D;20201014;000000;103.39;103.39;102.5;103;1722660;0
FLOT;D;20201015;000000;103;103;100.06;100.26;4051740;0
FLOT;D;20201016;000000;100.88;101.93;100.06;100.47;1968440;0
FLOT;D;20201019;000000;100.65;101.25;100.27;100.4;711900;0
FLOT;D;20201020;000000;100.4;100.54;100;100.07;2069910;0
FLOT;D;20201021;000000;100.14;100.48;98.4;98.59;2769680;0
FLOT;D;20201022;000000;98.5;98.5;95.5;96.5;4005500;0
FLOT;D;20201023;000000;96.5;96.71;95.6;96.31;1920230;0
FLOT;D;20201026;000000;96.16;99.57;95.51;99.1;2361110;0
FLOT;D;20201027;000000;99.1;99.53;97.95;98.6;2017230;0
FLOT;D;20201028;000000;96.7;98.59;95.5;97.3;2414320;0
FLOT;D;20201029;000000;97.3;98.4;97;97.89;662250;0
FLOT;D;20201030;000000;98.1;98.2;97;98.09;434390;0
FLOT;D;20201102;000000;98.15;98.35;97;97.96;698010;0
FLOT;D;20201103;000000;98.14;98.34;97.25;97.31;724480;0
FLOT;D;20201105;000000;97.6;98.43;97.5;97.55;954780;0
FLOT;D;20201106;000000;97.8;97.8;96.56;97.03;803300;0
FLOT;D;20201109;000000;97.07;97.86;96.65;96.65;1474070;0
FLOT;D;20201110;000000;96.97;97;96.5;96.8;1007000;0
FLOT;D;20201111;000000;97;97.72;96.56;96.67;847030;0
FLOT;D;20201112;000000;97.05;97.48;96.52;96.57;911950;0
FLOT;D;20201113;000000;96.52;96.9;96.51;96.59;1004620;0
FLOT;D;20201116;000000;96.89;98.47;96.66;97.7;2159810;0
FLOT;D;20201117;000000;98.01;100.87;97.7;97.77;7456310;0
FLOT;D;20201118;000000;97.77;99.29;95.9;95.98;5666060;0
FLOT;D;20201119;000000;96.2;97;96;96.9;1210850;0
FLOT;D;20201120;000000;97;99;96.68;97.51;1333230;0
FLOT;D;20201123;000000;97.55;98.27;97.3;97.52;662600;0
FLOT;D;20201124;000000;97.52;97.89;97.11;97.31;712780;0
FLOT;D;20201125;000000;97.3;97.73;97.01;97.45;908280;0
FLOT;D;20201126;000000;97.45;97.69;97.01;97.41;826740;0
FLOT;D;20201127;000000;97.41;97.71;97.01;97.19;512520;0
FLOT;D;20201130;000000;97.47;97.47;96.27;96.29;1170450;0
FLOT;D;20201201;000000;96.5;97.17;96.41;96.9;1009380;0
FLOT;D;20201202;000000;96.9;97;96.57;96.75;1264290;0
FLOT;D;20201203;000000;97;97.06;96.75;96.95;1050410;0
FLOT;D;20201204;000000;97;97.43;96.76;96.98;754020;0
FLOT;D;20201207;000000;97.2;97.2;96.1;96.16;1553230;0
FLOT;D;20201208;000000;96.2;96.79;96.01;96.11;1063620;0
FLOT;D;20201209;000000;96.68;96.68;96.05;96.1;1072180;0
FLOT;D;20201210;000000;96.1;96.24;95.77;95.89;1122130;0
FLOT;D;20201211;000000;95.71;96.04;95.69;95.76;912870;0
FLOT;D;20201214;000000;95.8;96.1;95.02;95.02;1598660;0
FLOT;D;20201215;000000;95.55;95.72;94.5;94.85;1494110;0
FLOT;D;20201216;000000;95;95.02;94.31;94.48;986780;0
FLOT;D;20201217;000000;94.7;94.93;93.26;93.69;1788680;0
FLOT;D;20201218;000000;94;94;92.98;93.45;1820280;0
FLOT;D;20201221;000000;93.6;93.69;92.55;92.57;1361160;0
FLOT;D;20201222;000000;92.57;93.02;92.05;92.7;1975480;0
FLOT;D;20201223;000000;93;93.18;91.6;92;3347940;0
FLOT;D;20201224;000000;92.08;92.38;90.16;90.9;3058570;0
FLOT;D;20201225;000000;90.53;92.87;90;92;2889090;0
FLOT;D;20201228;000000;92.5;92.63;90.45;90.61;4751650;0
FLOT;D;20201229;000000;90.95;91.18;90.51;90.54;2015250;0
FLOT;D;20201230;000000;90.51;91.37;90.09;90.58;2719270;0
FLOT;D;20210104;000000;90.7;92.65;90.7;92.1;1343420;0
FLOT;D;20210105;000000;92.1;93.58;91.81;93.58;2181120;0
FLOT;D;20210106;000000;93.9;94.5;93.13;93.3;2793320;0
FLOT;D;20210108;000000;93.58;94.85;93.5;93.5;3100240;0
FLOT;D;20210111;000000;93.5;94.33;93.16;93.59;2063830;0
FLOT;D;20210112;000000;93.6;94.2;92;92.27;1592430;0
FLOT;D;20210113;000000;92.46;93.33;92.3;92.6;2677400;0
FLOT;D;20210114;000000;92.99;92.99;92.41;92.49;666870;0
FLOT;D;20210115;000000;92.6;92.79;88.56;91.35;2268600;0
FLOT;D;20210118;000000;91.49;92;91.4;92;498290;0
FLOT;D;20210119;000000;92.45;92.68;91.41;91.42;855960;0
FLOT;D;20210120;000000;92.18;92.39;91.5;91.62;991490;0
FLOT;D;20210121;000000;92.48;92.48;91.02;91.42;1216730;0
FLOT;D;20210122;000000;91.84;91.94;90.32;91.04;2241980;0
FLOT;D;20210125;000000;91;91.77;90.8;90.84;1120160;0
FLOT;D;20210126;000000;90.9;91.31;90.7;90.89;854610;0
FLOT;D;20210127;000000;91.23;91.24;90.57;90.69;946520;0
FLOT;D;20210128;000000;90.9;91.7;90.62;91.4;1216890;0
FLOT;D;20210129;000000;91.39;92;91.02;91.52;1181390;0
FLOT;D;20210201;000000;91.52;92;91.28;91.5;920750;0
FLOT;D;20210202;000000;91.5;91.97;91.4;91.49;672770;0
FLOT;D;20210203;000000;91.4;91.98;90.72;91.1;615570;0
FLOT;D;20210204;000000;91.25;91.25;90.82;90.92;732380;0
FLOT;D;20210205;000000;91.25;91.25;90.65;90.65;849920;0
FLOT;D;20210208;000000;90.9;91.1;90.81;91;770780;0
FLOT;D;20210209;000000;91.2;91.22;90.71;90.93;944860;0
FLOT;D;20210210;000000;90.96;91.23;90.08;90.08;2277010;0
FLOT;D;20210211;000000;90.5;90.55;89.9;90.05;1835490;0
FLOT;D;20210212;000000;90.1;90.22;89.5;89.81;773000;0
FLOT;D;20210215;000000;90.1;90.48;89.5;90.02;723480;0
FLOT;D;20210216;000000;90.05;90.37;90.01;90.14;567630;0
FLOT;D;20210217;000000;90.27;90.27;89.79;89.85;744320;0
FLOT;D;20210218;000000;89.85;90;89;89.08;1179160;0
FLOT;D;20210219;000000;89.5;93.78;89.1;91.39;11234900;0
FLOT;D;20210220;000000;91.36;92.84;90.68;92.06;2531370;0
FLOT;D;20210222;000000;92.59;92.83;89.6;89.65;2615700;0
FLOT;D;20210224;000000;90;91.2;89.8;90.16;1122770;0
FLOT;D;20210225;000000;90.97;91.6;90.4;90.52;1185860;0
FLOT;D;20210226;000000;90.42;90.77;89.81;90.2;947380;0
FLOT;D;20210301;000000;90.99;91.63;90.61;90.92;1368650;0
FLOT;D;20210302;000000;90.8;93.3;90.8;93.2;3295930;0
FLOT;D;20210303;000000;93.35;93.35;91.47;91.6;1195670;0
FLOT;D;20210304;000000;91.6;92.03;90.23;90.65;1129310;0
FLOT;D;20210305;000000;90.5;90.65;90;90.16;1293970;0
FLOT;D;20210309;000000;90.3;91.5;90.3;90.41;879940;0
FLOT;D;20210310;000000;90.8;90.97;90.33;90.64;709990;0
FLOT;D;20210311;000000;90.94;91.14;90.51;90.69;1218910;0
FLOT;D;20210312;000000;90.71;91.31;90.59;90.7;1114040;0
FLOT;D;20210315;000000;92.2;93.5;91;91.12;4302390;0
FLOT;D;20210316;000000;91.57;91.79;91.12;91.3;1370490;0
FLOT;D;20210317;000000;91.22;91.98;90.7;90.85;1602920;0
FLOT;D;20210318;000000;91.4;91.44;90.5;90.96;1023110;0
FLOT;D;20210319;000000;92.01;92.5;90.7;90.7;3131030;0
FLOT;D;20210322;000000;91.18;91.22;90.2;90.3;1595270;0
FLOT;D;20210323;000000;90.15;90.49;89.9;90;1680190;0
FLOT;D;20210324;000000;90;90.29;89.13;89.15;1834110;0
FLOT;D;20210325;000000;89.8;90.03;89.14;89.93;2623180;0
FLOT;D;20210326;000000;90.18;90.49;89.6;89.97;1167420;0
FLOT;D;20210329;000000;90.21;90.39;89.86;89.99;934240;0
FLOT;D;20210330;000000;90.41;90.46;89.97;90.39;763120;0
FLOT;D;20210331;000000;90.4;90.58;89.94;90.3;836100;0
FLOT;D;20210401;000000;90.4;90.87;89.18;89.29;3246030;0
FLOT;D;20210402;000000;89.75;89.93;89.25;89.56;1301840;0
FLOT;D;20210405;000000;89.83;89.92;89.4;89.8;1108580;0
FLOT;D;20210406;000000;89.86;89.91;89.08;89.24;1628430;0
FLOT;D;20210407;000000;89.4;89.43;89.05;89.15;528100;0
FLOT;D;20210408;000000;89.45;89.75;89.25;89.41;816550;0
FLOT;D;20210409;000000;89.6;89.78;89.41;89.6;981120;0
FLOT;D;20210412;000000;89.8;90.48;89.71;90.48;1569850;0
FLOT;D;20210413;000000;90.5;90.59;89.6;89.91;1441400;0
FLOT;D;20210414;000000;90.45;90.62;90.2;90.51;1661250;0
FLOT;D;20210415;000000;90.46;92.4;90.02;91.2;4056810;0
FLOT;D;20210416;000000;91.64;92;90.35;90.49;1961110;0
FLOT;D;20210419;000000;90.99;90.99;89.8;89.9;1865840;0
FLOT;D;20210420;000000;90.3;90.3;89.21;89.21;1960260;0
FLOT;D;20210421;000000;89.68;89.68;89.1;89.34;1599860;0
FLOT;D;20210422;000000;89.6;89.65;89.21;89.5;1609050;0
FLOT;D;20210423;000000;89.65;89.68;89.3;89.48;562630;0
FLOT;D;20210426;000000;89.52;89.93;89.5;89.51;1325640;0
FLOT;D;20210427;000000;89.8;89.83;89.22;89.28;874660;0
FLOT;D;20210428;000000;89.3;89.52;89.13;89.17;870320;0
FLOT;D;20210429;000000;89.49;89.5;89;89.02;1506570;0
FLOT;D;20210430;000000;89.02;89.14;88.73;88.84;1041310;0
FLOT;D;20210504;000000;89.25;89.26;88.52;88.63;1820940;0
FLOT;D;20210505;000000;88.95;89;88.01;88.99;1053190;0
FLOT;D;20210506;000000;89;89.05;88.7;88.75;813440;0
FLOT;D;20210507;000000;89.04;89.2;88.6;88.99;1110210;0
FLOT;D;20210510;000000;89.05;89.48;88.87;88.94;856320;0
FLOT;D;20210511;000000;88.92;89.9;88.9;89.8;3856920;0
FLOT;D;20210512;000000;90.01;90.32;88.88;89.5;3470570;0
FLOT;D;20210513;000000;89.6;89.6;88.98;89.45;857300;0
FLOT;D;20210514;000000;89.67;90;89.13;89.87;2463540;0
FLOT;D;20210517;000000;89.9;90.25;89.5;89.97;1905310;0
FLOT;D;20210518;000000;90.18;90.34;89.71;90.34;1614390;0
FLOT;D;20210519;000000;90.02;90.33;88.89;89.34;2655430;0
FLOT;D;20210520;000000;89.36;89.44;89.03;89.26;900820;0
FLOT;D;20210521;000000;89.38;90.89;89.19;90.8;1905260;0
FLOT;D;20210524;000000;90.96;91.5;90.33;90.7;1645780;0
FLOT;D;20210525;000000;90.99;91.12;90.27;90.86;1410730;0
FLOT;D;20210526;000000;90.86;91.46;90.51;91.4;2012630;0
FLOT;D;20210527;000000;91.9;94.09;91.05;94.09;8186090;0
FLOT;D;20210528;000000;93;93;91.81;92.19;2499090;0
FLOT;D;20210531;000000;91.82;94.84;91.63;93.9;3922270;0
FLOT;D;20210601;000000;94.01;94.7;93.51;94.32;3051070;0
FLOT;D;20210602;000000;94.41;94.7;94.1;94.7;1764760;0
FLOT;D;20210603;000000;94.9;95;94.32;94.67;1467620;0
FLOT;D;20210604;000000;94.67;94.97;94.47;94.76;905530;0
FLOT;D;20210607;000000;94;94.93;94;94.35;884760;0
FLOT;D;20210608;000000;94.35;94.45;93.4;93.72;946990;0
FLOT;D;20210609;000000;94;94.2;93.16;93.56;1272510;0
FLOT;D;20210610;000000;94.1;94.19;93.56;94.12;941990;0
FLOT;D;20210611;000000;94.01;94.74;93.99;94.5;1023240;0
FLOT;D;20210614;000000;94.97;95;94.62;94.98;913410;0
FLOT;D;20210615;000000;95;95.15;94.3;94.74;1398870;0
FLOT;D;20210616;000000;94.74;95.4;94.5;95.02;1499510;0
FLOT;D;20210617;000000;94.5;96.53;94.32;95.5;2964360;0
FLOT;D;20210618;000000;96.45;97.1;93.42;93.42;10832410;0
FLOT;D;20210621;000000;95;96.17;93.7;93.92;2159640;0
FLOT;D;20210622;000000;94.5;94.99;93.82;93.96;708390;0
FLOT;D;20210623;000000;94.3;94.69;93.83;93.98;849470;0
FLOT;D;20210624;000000;94.04;94.39;93.19;93.64;1156850;0
FLOT;D;20210625;000000;93.69;94.19;93.5;93.79;732760;0
FLOT;D;20210628;000000;93.81;94.22;93.05;93.3;1298330;0
FLOT;D;20210629;000000;93.5;93.73;92;92.19;2536240;0
FLOT;D;20210630;000000;92.65;93.7;92.02;92.99;1674050;0
FLOT;D;20210701;000000;93;94.99;92.77;93.01;3079500;0
FLOT;D;20210702;000000;88.09;89.96;88.06;89;5995090;0
FLOT;D;20210705;000000;89.25;89.9;89.04;89.42;889680;0
FLOT;D;20210706;000000;89.45;89.6;88.8;88.99;917720;0
FLOT;D;20210707;000000;89.1;89.39;88.5;88.52;1168790;0
FLOT;D;20210708;000000;88.56;89.07;88.51;88.79;812980;0
FLOT;D;20210709;000000;88.9;89.46;88.76;89.14;704700;0
FLOT;D;20210712;000000;89.28;89.49;89;89.32;385270;0
FLOT;D;20210713;000000;89.32;89.42;88.55;89.1;633850;0
FLOT;D;20210714;000000;89.39;89.4;88.7;89.1;742870;0
FLOT;D;20210715;000000;88.31;89.5;88.15;88.68;483540;0
FLOT;D;20210716;000000;88.68;89.09;88.15;88.72;987260;0
FLOT;D;20210719;000000;88.9;88.95;87.3;87.88;2045260;0
FLOT;D;20210720;000000;88.05;88.4;87.5;87.58;411530;0
FLOT;D;20210721;000000;87.7;88.32;87.5;87.82;332800;0
FLOT;D;20210722;000000;88.3;88.5;87.52;87.7;364840;0
FLOT;D;20210723;000000;87.7;87.99;87.5;87.58;233180;0
FLOT;D;20210726;000000;87.4;87.65;87.1;87.1;345970;0
FLOT;D;20210727;000000;87.03;87.62;87.03;87.2;608980;0
FLOT;D;20210728;000000;87.2;87.48;86.2;86.48;1624190;0
FLOT;D;20210729;000000;86.77;86.77;86;86.5;878510;0
FLOT;D;20210730;000000;86.32;87.49;86.25;87.13;648910;0
FLOT;D;20210802;000000;87.31;87.51;85.58;87.06;574830;0
FLOT;D;20210803;000000;86.96;88.09;86.8;87.4;437780;0
FLOT;D;20210804;000000;87.72;89;87.3;88.9;1345070;0
FLOT;D;20210805;000000;88.82;89.12;88.13;88.99;484250;0
FLOT;D;20210806;000000;88.93;89.15;87.5;87.7;316210;0
FLOT;D;20210809;000000;87.73;88.7;87.22;88.22;444370;0
FLOT;D;20210810;000000;87.98;88.6;87.48;87.79;317660;0
FLOT;D;20210811;000000;87.79;88;87.12;87.8;254320;0
FLOT;D;20210812;000000;87.77;87.77;86.6;86.75;524490;0
FLOT;D;20210813;000000;86.69;87.34;86.6;86.88;317730;0
FLOT;D;20210816;000000;87;87.2;86.11;86.3;477170;0
FLOT;D;20210817;000000;86.5;86.66;86;86.4;594830;0
FLOT;D;20210818;000000;86.48;86.59;86;86.05;374020;0
FLOT;D;20210819;000000;86;86.4;85.51;85.7;881370;0
FLOT;D;20210820;000000;85.7;86.8;85.51;86.8;499880;0
FLOT;D;20210823;000000;86.79;87;86.1;86.73;437480;0
FLOT;D;20210824;000000;87;87.34;86;86.49;460400;0
FLOT;D;20210825;000000;86.44;87.05;86.44;86.83;400650;0
FLOT;D;20210826;000000;87.15;88.29;86.72;86.75;1005680;0
FLOT;D;20210827;000000;86.89;87.8;86.5;87.66;738320;0
FLOT;D;20210830;000000;87.79;87.97;87.01;87.5;655690;0
FLOT;D;20210831;000000;87.5;88;87.18;88;468900;0
FLOT;D;20210901;000000;87.99;88.39;87.06;87.54;572580;0
FLOT;D;20210902;000000;87.69;88.11;87.1;87.7;401630;0
FLOT;D;20210903;000000;87.5;88;87.1;87.37;499730;0
FLOT;D;20210906;000000;87.5;87.88;86.66;87.3;655460;0
FLOT;D;20210907;000000;87.71;87.71;86.8;87.05;747270;0
FLOT;D;20210908;000000;87.5;87.5;86.8;86.9;294920;0
FLOT;D;20210909;000000;86.87;87.18;86.34;86.5;309940;0
FLOT;D;20210910;000000;86.62;86.83;86.23;86.26;282560;0
FLOT;D;20210913;000000;86.58;86.68;86.2;86.25;247630;0
FLOT;D;20210914;000000;86.45;86.45;85.95;86.08;744980;0
FLOT;D;20210915;000000;86.12;87.1;86;86.3;604490;0
FLOT;D;20210916;000000;86.8;86.8;86.3;86.53;363870;0
FLOT;D;20210917;000000;86.53;86.9;86.25;86.39;496950;0
FLOT;D;20210920;000000;86.55;86.63;85.05;85.21;1207540;0
FLOT;D;20210921;000000;85.66;85.98;85.26;85.45;269940;0
FLOT;D;20210922;000000;85.73;85.9;85.25;85.68;475380;0
FLOT;D;20210923;000000;85.9;85.9;84.53;85.39;1106430;0
FLOT;D;20210924;000000;85.46;86.19;84.51;84.75;580010;0
FLOT;D;20210927;000000;85.1;85.18;84.06;84.29;560060;0
FLOT;D;20210928;000000;84.69;84.69;83.51;83.54;789750;0
FLOT;D;20210929;000000;83.54;84.67;83.54;84.44;512960;0
FLOT;D;20210930;000000;84.88;84.88;83.6;84.28;755800;0
FLOT;D;20211001;000000;84.28;84.34;83.6;83.95;277540;0
FLOT;D;20211004;000000;84.66;84.66;83;83.99;723120;0
FLOT;D;20211005;000000;83.99;84.41;83.75;84.18;556770;0
FLOT;D;20211006;000000;83.61;84.4;83.03;84.08;977780;0
FLOT;D;20211007;000000;84.23;85.5;84.18;85.5;936600;0
FLOT;D;20211008;000000;85.05;87.88;84.8;87.88;2089780;0
FLOT;D;20211011;000000;87.93;89.99;87.6;89.99;2874420;0
FLOT;D;20211012;000000;89.58;90;87;87.3;2202990;0
FLOT;D;20211013;000000;88;89.82;87.01;89.32;1342310;0
FLOT;D;20211014;000000;89.52;89.76;88.1;88.5;758840;0
FLOT;D;20211015;000000;88.44;88.96;85.4;87.3;794960;0
FLOT;D;20211018;000000;86.6;87.74;86.6;86.84;489440;0
FLOT;D;20211019;000000;87.42;87.74;86.5;86.59;451040;0
FLOT;D;20211020;000000;86.76;87.46;85.82;86.21;483720;0
FLOT;D;20211021;000000;86.4;86.94;86.22;86.68;310150;0
FLOT;D;20211022;000000;86.49;86.93;86.37;86.75;258150;0
FLOT;D;20211025;000000;86.9;87.42;86.45;87.05;359660;0
FLOT;D;20211026;000000;87.05;87.17;86.58;87.03;235150;0
FLOT;D;20211027;000000;86.89;86.89;85.81;86.07;292060;0
FLOT;D;20211028;000000;85.66;86.28;85.02;85.21;328280;0
FLOT;D;20211029;000000;85.05;85.41;84.3;85.2;794470;0
FLOT;D;20211101;000000;85.47;86.56;85.09;86.05;443430;0
FLOT;D;20211102;000000;86.15;86.92;85.61;85.9;455230;0
FLOT;D;20211103;000000;86.48;87;85.7;87;381780;0
FLOT;D;20211105;000000;86.99;86.99;85.68;85.84;203760;0
FLOT;D;20211108;000000;85.77;86.58;85.03;85.84;379460;0
FLOT;D;20211109;000000;85.92;85.92;85.16;85.59;219670;0
FLOT;D;20211110;000000;85.99;85.99;84.36;84.83;434820;0
FLOT;D;20211111;000000;84.4;85.24;84.4;84.72;388290;0
FLOT;D;20211112;000000;84.99;85.02;84.27;84.39;425000;0
FLOT;D;20211115;000000;84.19;84.99;84.08;84.5;488010;0
FLOT;D;20211116;000000;84.69;85.29;84;84.09;881800;0
FLOT;D;20211117;000000;84.03;84.48;83.7;83.8;483150;0
FLOT;D;20211118;000000;84;84.2;83.58;84.02;392470;0
FLOT;D;20211119;000000;84.05;84.6;83.33;83.78;569490;0
FLOT;D;20211122;000000;83.78;84.14;82.36;82.81;919970;0
FLOT;D;20211123;000000;82.96;85.03;79.95;83;1147550;0
FLOT;D;20211124;000000;83.21;84.18;82.66;82.75;368630;0
FLOT;D;20211125;000000;82.8;83.31;81.9;82.5;596950;0
FLOT;D;20211126;000000;82.55;82.55;81.02;81.52;777770;0
FLOT;D;20211129;000000;82;82.16;81;81.94;553400;0
FLOT;D;20211130;000000;81;81.83;80.24;80.24;826410;0
FLOT;D;20211201;000000;80.43;82.1;80.26;82.1;521480;0
FLOT;D;20211202;000000;82.1;82.13;80.38;81.39;525510;0
FLOT;D;20211203;000000;81.39;81.99;80.57;80.71;331770;0
FLOT;D;20211206;000000;80.71;81.79;80.12;80.16;291880;0
FLOT;D;20211207;000000;80.49;80.49;78.6;79.36;1292530;0
FLOT;D;20211208;000000;79.49;80;78.3;78.6;826880;0
FLOT;D;20211209;000000;78.06;79.77;77.61;79.55;969120;0
FLOT;D;20211210;000000;78.93;79.78;77.51;78.9;970220;0
FLOT;D;20211213;000000;79.01;79.46;75.07;75.07;2089290;0
FLOT;D;20211214;000000;75.07;75.64;73.89;74.01;1431190;0
FLOT;D;20211215;000000;74.78;75.17;72.78;72.78;1132280;0
FLOT;D;20211216;000000;73.65;74.6;73.21;73.62;1780240;0
FLOT;D;20211217;000000;75.57;75.57;72.25;72.6;1966820;0
FLOT;D;20211220;000000;73.21;78.58;70.87;78.4;7477110;0
FLOT;D;20211221;000000;78.28;79.18;75.56;76.04;3349720;0
FLOT;D;20211222;000000;76.36;77.9;72.95;73.5;3387690;0
FLOT;D;20211223;000000;73.93;76.59;73.3;76.26;3295370;0
FLOT;D;20211224;000000;76.99;77.34;75.2;77.1;2112010;0
FLOT;D;20211227;000000;77.11;77.87;75.05;75.05;3598520;0
FLOT;D;20211228;000000;75.05;75.6;73.83;75.45;6156310;0
FLOT;D;20211229;000000;75.5;77.8;75.5;77;3277040;0
FLOT;D;20211230;000000;77;77.64;72.69;73.21;6460860;0
FLOT;D;20220103;000000;74.01;76.3;73.5;76.2;1580300;0
FLOT;D;20220104;000000;76.2;77;75.53;76.18;722910;0
FLOT;D;20220105;000000;76.17;76.85;75.71;76.4;411530;0
FLOT;D;20220106;000000;76.4;76.97;74.87;76.92;626700;0
FLOT;D;20220107;000000;0;0;0;0;0;0
FLOT;D;20220110;000000;76.92;78.36;73.45;75.59;1301320;0
FLOT;D;20220111;000000;75.59;77.05;75.05;76.26;693400;0
FLOT;D;20220112;000000;76.44;77;75.1;77;1640060;0
FLOT;D;20220113;000000;76.8;77.34;75.39;75.6;975790;0
FLOT;D;20220114;000000;76;76.39;72.89;73.08;1301490;0
FLOT;D;20220117;000000;73.61;74.67;72.52;72.72;778850;0
FLOT;D;20220118;000000;72.87;73.11;69.5;70.07;1614710;0
FLOT;D;20220119;000000;69.7;72.86;69.5;72;1030640;0
FLOT;D;20220120;000000;72.3;75;71.04;72.46;849970;0
FLOT;D;20220121;000000;72.35;74.95;70.71;71.3;682920;0
FLOT;D;20220124;000000;71.4;71.74;66.54;68.87;1222760;0
FLOT;D;20220125;000000;69.4;72.42;68.08;72.42;809450;0
FLOT;D;20220126;000000;71.5;71.5;69.59;69.81;585940;0
FLOT;D;20220127;000000;69.6;71.47;69.2;70.51;737860;0
FLOT;D;20220128;000000;70.99;71.9;69.66;71.9;652540;0
FLOT;D;20220131;000000;71.96;72.89;71.65;72.24;242350;0
FLOT;D;20220201;000000;72.24;73.09;71.81;72.39;318910;0
FLOT;D;20220202;000000;72.9;72.99;70.51;70.51;411740;0
FLOT;D;20220203;000000;70.99;71.32;70.2;70.3;270490;0
FLOT;D;20220204;000000;70.99;71.14;68.51;68.92;865300;0
FLOT;D;20220207;000000;69.8;70.41;69;69.6;395430;0
FLOT;D;20220208;000000;69.99;70.5;69.6;70.5;674120;0
FLOT;D;20220209;000000;70.6;71.4;70.2;70.25;471760;0
FLOT;D;20220210;000000;70.6;70.69;69.6;69.8;437330;0
FLOT;D;20220211;000000;69.88;70.38;68.78;68.8;695020;0
FLOT;D;20220214;000000;68.8;69.1;67.44;67.74;726340;0
FLOT;D;20220215;000000;68.89;69.59;66.77;67.15;955300;0
FLOT;D;20220216;000000;68.49;71;67.71;68.52;1054210;0
FLOT;D;20220217;000000;68.49;68.49;66.87;67.6;601530;0
FLOT;D;20220218;000000;67.6;68.35;66.01;66.1;1100690;0
FLOT;D;20220221;000000;66.5;66.99;60.77;60.77;1670990;0
FLOT;D;20220222;000000;60;60.89;49.03;58.61;2869300;0
FLOT;D;20220223;000000;0;0;0;0;0;0
FLOT;D;20220224;000000;52.75;52.75;30;39.31;2561800;0
FLOT;D;20220225;000000;39.91;47.91;39.32;45.37;1307660;0
FLOT;D;20220228;000000;0;0;0;0;0;0
FLOT;D;20220301;000000;0;0;0;0;0;0
FLOT;D;20220302;000000;0;0;0;0;0;0
FLOT;D;20220303;000000;0;0;0;0;0;0
FLOT;D;20220304;000000;0;0;0;0;0;0
FLOT;D;20220309;000000;0;0;0;0;0;0
FLOT;D;20220310;000000;0;0;0;0;0;0
FLOT;D;20220311;000000;0;0;0;0;0;0
FLOT;D;20220314;000000;0;0;0;0;0;0
FLOT;D;20220315;000000;0;0;0;0;0;0
FLOT;D;20220316;000000;0;0;0;0;0;0
FLOT;D;20220317;000000;0;0;0;0;0;0
FLOT;D;20220318;000000;0;0;0;0;0;0
FLOT;D;20220321;000000;0;0;0;0;0;0
FLOT;D;20220322;000000;0;0;0;0;0;0
FLOT;D;20220323;000000;0;0;0;0;0;0
FLOT;D;20220324;000000;0;0;0;0;0;0
FLOT;D;20220325;000000;0;0;0;0;0;0
FLOT;D;20220328;000000;44.9;45.35;36.38;38.34;1290970;0
FLOT;D;20220329;000000;38.54;41;38;39.6;876560;0
FLOT;D;20220330;000000;40.01;45.5;39.92;43.19;810310;0
FLOT;D;20220331;000000;44.97;53.95;43.31;52.91;3067280;0
FLOT;D;20220401;000000;54;66.6;53.93;58.57;3767110;0
FLOT;D;20220404;000000;58.57;59.74;53.65;57.35;4894450;0
FLOT;D;20220405;000000;54.02;57;51.61;54;1743210;0
FLOT;D;20220406;000000;50.4;53.66;50.4;52.78;892960;0
FLOT;D;20220407;000000;52.9;53.49;51.29;51.95;598520;0
FLOT;D;20220408;000000;51.95;52.55;50.46;51.03;565730;0
FLOT;D;20220411;000000;51.03;58;51.03;52.01;2532980;0
FLOT;D;20220412;000000;52.34;53.3;50.05;52.04;766150;0
FLOT;D;20220413;000000;53.29;53.29;50.97;51.62;442780;0
FLOT;D;20220414;000000;51.73;52.2;50;50.02;933410;0
FLOT;D;20220415;000000;50;50.43;48.03;48.65;622010;0
FLOT;D;20220418;000000;48.92;49.5;48;48.86;559810;0
FLOT;D;20220419;000000;49.12;49.49;43.95;46.32;1018680;0
FLOT;D;20220420;000000;46.9;46.9;45.03;45.2;749540;0
FLOT;D;20220421;000000;45.2;46.24;45.1;45.12;288200;0
FLOT;D;20220422;000000;45.1;45.53;43.81;44.23;484500;0
FLOT;D;20220425;000000;44.23;44.24;41.65;42.31;466080;0
FLOT;D;20220426;000000;42.31;44.37;41.7;43.56;564030;0
FLOT;D;20220427;000000;43.6;46;43;44.7;625400;0
FLOT;D;20220428;000000;45;46.7;44.07;44.5;607410;0
FLOT;D;20220429;000000;44.5;44.99;44.1;44.75;213320;0
FLOT;D;20220504;000000;44.75;44.75;43;43.8;304250;0
FLOT;D;20220505;000000;44.03;44.1;42;42.71;582640;0
FLOT;D;20220506;000000;42.64;42.71;40.84;41.28;936260;0
FLOT;D;20220511;000000;41.4;41.73;41;41.3;607410;0
FLOT;D;20220512;000000;41.63;41.63;40.02;40.47;351910;0
FLOT;D;20220513;000000;40.73;40.73;40;40.39;350980;0
FLOT;D;20220516;000000;40.35;41.5;40.15;40.99;444970;0
FLOT;D;20220517;000000;41;43;40.2;42;654130;0
FLOT;D;20220518;000000;42;42.75;40.6;42.02;507540;0
FLOT;D;20220519;000000;42.99;44.29;42.01;43.75;772260;0
FLOT;D;20220520;000000;43.75;46.16;42.81;43.23;713510;0
FLOT;D;20220523;000000;43.23;44.18;41;41.2;505220;0
FLOT;D;20220524;000000;41.49;41.49;39.75;40.41;517130;0
FLOT;D;20220525;000000;40.84;41.34;39.91;40.68;304530;0
FLOT;D;20220526;000000;41.5;42.18;40.05;40.95;544470;0
FLOT;D;20220527;000000;40.95;41.22;39.65;40.47;720620;0
FLOT;D;20220530;000000;40;40.48;39;39.31;663420;0
FLOT;D;20220531;000000;39.49;39.77;38.77;39;327480;0
FLOT;D;20220601;000000;39;39.65;38;39.1;309220;0
FLOT;D;20220602;000000;39.1;39.39;38.55;38.67;184320;0
FLOT;D;20220603;000000;38.67;38.85;37.73;38.04;324600;0
FLOT;D;20220606;000000;38.45;38.45;37.41;37.79;278350;0
FLOT;D;20220607;000000;38;38;37.24;37.69;315810;0
FLOT;D;20220608;000000;37.64;38.25;37.55;37.64;240280;0
FLOT;D;20220609;000000;37.99;38.01;37.25;37.69;274940;0
FLOT;D;20220610;000000;37.69;37.83;36.8;37;514770;0
FLOT;D;20220614;000000;37.32;37.32;36.27;36.45;469660;0
FLOT;D;20220615;000000;36.78;36.78;35.53;36.74;379020;0
FLOT;D;20220616;000000;36.8;37.3;36.72;37.22;355230;0
FLOT;D;20220617;000000;37.5;37.62;37.16;37.31;249220;0
FLOT;D;20220620;000000;37.5;39.88;37.46;39.5;789020;0
FLOT;D;20220621;000000;39.64;39.89;37.87;38.05;805830;0
FLOT;D;20220622;000000;38;38;36.88;37.49;426660;0
FLOT;D;20220623;000000;38.28;38.3;37.62;37.9;414940;0
FLOT;D;20220624;000000;38;39.5;38;39.08;844690;0
FLOT;D;20220627;000000;39.25;44.9;39.11;43.17;4056500;0
FLOT;D;20220628;000000;43.1;43.1;41.01;41.8;1385990;0
FLOT;D;20220629;000000;41.91;42.17;40;40.35;571140;0
FLOT;D;20220630;000000;40.36;41.15;38.06;38.78;780330;0
FLOT;D;20220701;000000;39.2;43;37.92;42.1;902100;0
FLOT;D;20220704;000000;41.8;43.2;40;40.49;926200;0
FLOT;D;20220705;000000;40.99;41;40.05;40.1;413110;0
FLOT;D;20220706;000000;40.59;41.29;39;39.7;537570;0
FLOT;D;20220707;000000;39.75;40.32;39.2;39.3;483430;0
FLOT;D;20220708;000000;39.32;39.46;39.05;39.3;281730;0
FLOT;D;20220711;000000;39.8;39.8;37.9;37.9;708150;0
FLOT;D;20220712;000000;38.16;38.2;37;37.85;561430;0
FLOT;D;20220713;000000;38;38.15;36.04;36.6;573310;0
FLOT;D;20220714;000000;36.62;37.02;34.71;35.25;835240;0
FLOT;D;20220715;000000;35.45;36.5;34.72;35.14;1121810;0
FLOT;D;20220718;000000;35.25;35.74;34.5;35.64;436890;0
FLOT;D;20220719;000000;35.64;35.73;35.04;35.3;283170;0
FLOT;D;20220720;000000;35.29;36.5;35.03;35.46;1143600;0
FLOT;D;20220721;000000;35.47;35.76;34;35.07;698690;0
FLOT;D;20220722;000000;35.74;36.68;35.35;35.66;1396660;0
FLOT;D;20220725;000000;35.66;36.18;35.4;35.55;659900;0
FLOT;D;20220726;000000;35.41;36;35.41;35.97;778990;0
FLOT;D;20220727;000000;36.1;37.46;35.4;35.93;1217790;0
FLOT;D;20220728;000000;35.99;36.5;34.9;35.72;747420;0
FLOT;D;20220729;000000;35.79;36.17;35.26;35.86;555110;0
FLOT;D;20220801;000000;36.04;36.2;35.71;36.08;526990;0
FLOT;D;20220802;000000;35.78;36.2;35.78;35.95;464160;0
FLOT;D;20220803;000000;36.04;36.35;35.35;35.7;544360;0
FLOT;D;20220804;000000;36.09;36.09;35.75;35.89;195130;0
FLOT;D;20220805;000000;36.09;36.09;34.62;34.81;605870;0
FLOT;D;20220808;000000;34.91;35.69;34.5;35.15;406930;0
FLOT;D;20220809;000000;35.19;35.84;34.9;35.62;414670;0
FLOT;D;20220810;000000;35.6;37.17;35.3;36.26;1156990;0
FLOT;D;20220811;000000;36.15;41.48;36.15;38.02;8400620;0
FLOT;D;20220812;000000;38.44;41.23;38.02;38.51;5318080;0
FLOT;D;20220815;000000;39.16;39.49;37.46;38.38;2282250;0
FLOT;D;20220816;000000;38.71;39.68;38.01;39.4;1612130;0
FLOT;D;20220817;000000;39.5;39.77;39;39.31;1106550;0
FLOT;D;20220818;000000;39.38;39.6;38.01;38.24;1040420;0
FLOT;D;20220819;000000;38.53;38.65;37.5;37.53;740260;0
FLOT;D;20220822;000000;37.55;39.2;37.55;38.24;1086510;0
FLOT;D;20220823;000000;38.49;39.69;38.42;39.4;1581850;0
FLOT;D;20220824;000000;39.4;40.4;39;39.05;1296170;0
FLOT;D;20220825;000000;39.05;39.81;39.05;39.29;978980;0
FLOT;D;20220826;000000;39.41;39.59;39;39.1;606020;0
FLOT;D;20220829;000000;39.17;39.49;39;39.25;496460;0
FLOT;D;20220830;000000;39.4;40.55;39.39;40.5;1686780;0
FLOT;D;20220831;000000;40.5;40.93;39.23;39.8;1375710;0
FLOT;D;20220901;000000;39.84;42;39.41;41.96;3576010;0
FLOT;D;20220902;000000;41.9;42.38;40.97;41.7;2071340;0
FLOT;D;20220905;000000;42;43;41.3;42.91;1719190;0
FLOT;D;20220906;000000;43.33;44.72;40.26;42.95;5704360;0
FLOT;D;20220907;000000;43.51;44.91;40.9;41.41;5721650;0
FLOT;D;20220908;000000;41;41.82;40.43;41.14;1094700;0
FLOT;D;20220909;000000;41.12;41.57;40.71;41.47;833020;0
FLOT;D;20220912;000000;41.47;42.86;41.06;42.05;2013140;0
FLOT;D;20220913;000000;42.13;43.32;42.1;42.5;1851020;0
FLOT;D;20220914;000000;42.75;42.75;41.46;42;1343150;0
FLOT;D;20220915;000000;42.3;43.1;42;42.55;1026670;0
FLOT;D;20220916;000000;42.7;42.79;41.61;41.72;757680;0
FLOT;D;20220919;000000;42.19;42.19;41.23;41.38;526490;0
FLOT;D;20220920;000000;41.39;41.59;36;37.3;2514310;0
FLOT;D;20220921;000000;35;37.5;34.08;36.51;1875720;0
FLOT;D;20220922;000000;36.51;37.49;36.5;37.16;643070;0
FLOT;D;20220923;000000;37.49;37.49;35.05;35.2;791880;0
FLOT;D;20220926;000000;35;35;30.21;31.85;1582950;0
FLOT;D;20220927;000000;31.65;32.77;30.35;31.08;847810;0
FLOT;D;20220928;000000;31.5;32.22;31.05;31.3;670010;0
FLOT;D;20220929;000000;31.96;31.96;29.95;30.01;1151130;0
FLOT;D;20220930;000000;30.03;30.89;29.5;29.92;975570;0
FLOT;D;20221003;000000;30.4;32.3;30.13;32.26;895800;0
FLOT;D;20221004;000000;32.6;35.2;32.1;33.71;1444390;0
FLOT;D;20221005;000000;33.7;34.02;31.75;32.35;1128820;0
FLOT;D;20221006;000000;32.66;33.6;32.11;32.3;773180;0
FLOT;D;20221007;000000;31.65;32.29;30.68;30.92;687100;0
FLOT;D;20221010;000000;30.3;32.4;28.68;31.68;1157370;0
FLOT;D;20221011;000000;31.7;32.29;30.42;32.01;480270;0
FLOT;D;20221012;000000;32.29;32.85;31.75;32.35;513670;0
FLOT;D;20221013;000000;32.35;36.47;32.14;35.05;5067560;0
FLOT;D;20221014;000000;35.1;36.4;34.4;34.42;1653850;0
FLOT;D;20221017;000000;34.72;35.7;34.3;35.31;882950;0
FLOT;D;20221018;000000;35.6;36.31;35.1;35.85;1053180;0
FLOT;D;20221019;000000;35.4;36.06;33.96;34.85;1130020;0
FLOT;D;20221020;000000;35.02;35.85;35.02;35.46;598150;0
FLOT;D;20221021;000000;35.6;35.8;34.65;35.64;399770;0
FLOT;D;20221024;000000;35.8;38.45;35.68;38.3;3972170;0
FLOT;D;20221025;000000;38.29;39;37.66;38.01;2236790;0
FLOT;D;20221026;000000;38.35;38.75;37.06;37.65;1495970;0
FLOT;D;20221027;000000;37.7;38.45;37;37.92;1032980;0
FLOT;D;20221028;000000;37.9;38.19;37.5;37.97;477370;0
FLOT;D;20221031;000000;37.97;39.28;37.62;38.49;1108500;0
FLOT;D;20221101;000000;38.61;39.22;38;38.51;734650;0
FLOT;D;20221102;000000;38.51;38.99;38;38.16;473420;0
FLOT;D;20221103;000000;38.1;38.15;37.2;37.63;444360;0
FLOT;D;20221107;000000;38.19;39.42;37.84;38.7;1357780;0
FLOT;D;20221108;000000;38.88;38.99;37.65;38.35;654380;0
FLOT;D;20221109;000000;38.35;38.57;37.75;37.75;504060;0
FLOT;D;20221110;000000;38;38.3;37.74;37.95;458100;0
FLOT;D;20221111;000000;38.2;38.77;37.84;38.31;573790;0
FLOT;D;20221114;000000;38.69;39.2;38.25;38.82;745300;0
FLOT;D;20221115;000000;38.93;39.76;37.73;38.75;1331810;0
FLOT;D;20221116;000000;38.7;38.95;38.28;38.51;541990;0
FLOT;D;20221117;000000;38.38;39.5;38.38;38.8;1085900;0
FLOT;D;20221118;000000;38.81;39.75;38.65;39.65;1204700;0
FLOT;D;20221121;000000;39.71;40.8;38.92;39.25;1332610;0
FLOT;D;20221122;000000;39.3;40.44;39.16;39.96;942530;0
FLOT;D;20221123;000000;40.8;40.8;39.69;40.15;641720;0
FLOT;D;20221124;000000;40.43;40.99;40.18;40.34;694350;0
FLOT;D;20221125;000000;40.34;40.35;39.27;39.71;708920;0
FLOT;D;20221128;000000;39.68;39.68;39.13;39.38;294050;0
FLOT;D;20221129;000000;39.39;39.79;39.25;39.36;269360;0
FLOT;D;20221130;000000;39.58;39.58;38.82;38.93;344100;0
FLOT;D;20221201;000000;39;39.25;38.63;38.87;325290;0
FLOT;D;20221202;000000;38.89;38.97;38;38.2;620010;0
FLOT;D;20221205;000000;38.1;38.95;37.92;38.68;924590;0
FLOT;D;20221206;000000;38.68;40;38.09;39.31;1214030;0
FLOT;D;20221207;000000;39.31;39.9;38.75;39.19;734440;0
FLOT;D;20221208;000000;39.28;39.49;38.52;39.03;591910;0
FLOT;D;20221209;000000;39.03;39.07;38.6;38.62;281470;0
FLOT;D;20221212;000000;39.55;39.55;38.5;38.6;218560;0
FLOT;D;20221213;000000;38.6;38.87;38.28;38.57;239900;0
FLOT;D;20221214;000000;38.56;38.68;37.62;37.76;382230;0
FLOT;D;20221215;000000;37.76;37.76;37.21;37.3;402570;0
FLOT;D;20221216;000000;37.2;37.9;34.51;37.4;779410;0
FLOT;D;20221219;000000;37.85;37.9;36.57;36.69;536560;0
FLOT;D;20221220;000000;36.82;37.59;36.08;37.02;802150;0
FLOT;D;20221221;000000;37.3;39.18;36.69;37.52;1946500;0
FLOT;D;20221222;000000;37.9;39.1;37.04;37.62;1255900;0
FLOT;D;20221223;000000;37.22;38.1;37.22;37.86;587980;0
FLOT;D;20221226;000000;37.99;38.1;37.52;37.86;833190;0
FLOT;D;20221227;000000;37.86;38.16;37.26;37.88;1167240;0
FLOT;D;20221228;000000;37.9;38;37.39;37.48;567080;0
FLOT;D;20221229;000000;37.46;37.97;37;37.54;548450;0
FLOT;D;20221230;000000;37.96;37.96;37.52;37.62;308060;0
FLOT;D;20230103;000000;37.6;38;37.5;37.96;248270;0
FLOT;D;20230104;000000;37.96;38.5;37.2;38.19;1134410;0
FLOT;D;20230105;000000;38.39;38.63;38.02;38.4;294460;0
FLOT;D;20230106;000000;38.54;38.54;38.1;38.35;182420;0
FLOT;D;20230109;000000;38.3;39.98;38.3;39.08;2009430;0
FLOT;D;20230110;000000;39.08;39.74;37.9;38.63;1090870;0
FLOT;D;20230111;000000;38.64;39.4;38.44;39.23;918230;0
FLOT;D;20230112;000000;39.6;39.75;39.23;39.34;600090;0
FLOT;D;20230113;000000;39.51;39.98;39.3;39.7;901440;0
FLOT;D;20230116;000000;40;40.89;39.76;40.54;1564800;0
FLOT;D;20230117;000000;41;45.44;40.54;42.85;16794240;0
FLOT;D;20230118;000000;42.38;43.55;41.72;42.6;3463070;0
FLOT;D;20230119;000000;42.76;43.5;40.54;41.09;2343880;0
FLOT;D;20230120;000000;41.46;42.4;40.54;41.51;1150050;0
FLOT;D;20230123;000000;42.4;43.39;41.61;42.83;2052060;0
FLOT;D;20230124;000000;42.9;43.75;42.12;42.45;2072320;0
FLOT;D;20230125;000000;42.46;42.99;41.84;42.1;580720;0
FLOT;D;20230126;000000;42.49;42.49;41.8;41.83;505290;0
FLOT;D;20230127;000000;42.18;44.17;41.86;42.38;2302280;0
FLOT;D;20230130;000000;42.85;43.34;42.5;43.09;1055250;0
FLOT;D;20230131;000000;43.25;47.44;42.97;45.5;15725750;0
FLOT;D;20230201;000000;46.04;52.47;46.03;47.3;41065750;0
FLOT;D;20230202;000000;47.27;49.42;47.27;48.23;12256170;0
FLOT;D;20230203;000000;48.8;49.1;46.87;47.85;7619880;0
FLOT;D;20230206;000000;48;49.76;47.81;48.4;5645900;0
FLOT;D;20230207;000000;48.95;49.77;47.85;48.48;5730840;0
FLOT;D;20230208;000000;48.3;48.75;47.66;47.75;4212460;0
FLOT;D;20230209;000000;47.8;48;47;47.35;2427130;0
FLOT;D;20230210;000000;48.46;48.46;46.2;47;2144700;0
FLOT;D;20230213;000000;47.15;47.94;46.64;47.04;2112700;0
FLOT;D;20230214;000000;47.05;47.22;45.66;45.99;2947800;0
FLOT;D;20230215;000000;45.89;45.89;43.7;43.71;4253250;0
FLOT;D;20230216;000000;44.1;46.92;43.72;45;4451010;0
FLOT;D;20230217;000000;45.1;45.76;44.5;45.16;1623430;0
FLOT;D;20230220;000000;45.16;46.2;44.51;45.83;1533060;0
FLOT;D;20230221;000000;46.43;47.69;44.8;46.31;3985360;0
FLOT;D;20230222;000000;46.6;48.08;46.11;47.19;4661880;0
FLOT;D;20230224;000000;47.37;47.83;46.7;47.47;1089290;0
FLOT;D;20230227;000000;47.32;48.35;46.81;48.2;2466650;0
FLOT;D;20230228;000000;48.63;49.62;48.29;49.21;3883810;0
FLOT;D;20230301;000000;49.33;49.76;48.94;49.45;2618340;0
FLOT;D;20230302;000000;49.43;49.65;47.82;48.79;3412510;0
FLOT;D;20230303;000000;48.96;50.49;48.51;49.55;2288260;0
FLOT;D;20230306;000000;49.99;53.58;49.91;53;15247420;0
FLOT;D;20230307;000000;54.16;55.25;51.51;54.03;13002820;0
FLOT;D;20230309;000000;54.43;58;54.17;57.99;23503070;0
FLOT;D;20230310;000000;57.51;58.65;56.9;57.86;11491840;0
FLOT;D;20230313;000000;58.19;61.8;57.9;61.2;19751510;0
FLOT;D;20230314;000000;60.97;61;58.53;59.41;13457180;0
FLOT;D;20230315;000000;59.45;60.15;57.1;59.31;11209560;0
FLOT;D;20230316;000000;59.51;59.63;57.02;57.91;9113850;0
FLOT;D;20230317;000000;57.91;58.61;55.4;57.69;10686120;0
FLOT;D;20230320;000000;58.27;61.4;57.89;60.92;24879830;0
FLOT;D;20230321;000000;61.22;62.2;59.1;60.03;21155590;0
FLOT;D;20230322;000000;60;60;55.15;58.66;11499370;0
FLOT;D;20230323;000000;58.67;58.95;57.92;58.42;2599710;0
FLOT;D;20230324;000000;58.44;60.27;58.2;59.23;9305090;0
FLOT;D;20230327;000000;59.79;59.87;59;59.42;5422520;0
FLOT;D;20230328;000000;59.42;59.75;58.6;59.12;3327980;0
FLOT;D;20230329;000000;59.3;59.3;58.81;59.06;1890780;0
FLOT;D;20230330;000000;59.17;59.18;58.62;58.99;1902750;0
FLOT;D;20230331;000000;59.1;59.1;57.51;58.26;2983070;0
FLOT;D;20230403;000000;58.26;59.62;58.26;59.59;3822520;0
FLOT;D;20230404;000000;59.85;59.85;57.64;59.61;3310790;0
FLOT;D;20230405;000000;59.5;59.58;58.76;59.21;3065670;0
FLOT;D;20230406;000000;59.4;59.67;58.9;59.32;2880250;0
FLOT;D;20230407;000000;59.4;65.52;59.11;64.4;50602140;0
FLOT;D;20230410;000000;65.25;66.4;63.72;65.62;23458010;0
FLOT;D;20230411;000000;66;66;61.8;64.82;13755940;0
FLOT;D;20230412;000000;65.4;67.69;60.06;61.34;62077110;0
FLOT;D;20230413;000000;61.34;61.98;59.33;60.1;13712800;0
FLOT;D;20230414;000000;60.1;60.98;60.01;60.38;5190000;0
FLOT;D;20230417;000000;60.3;60.65;60.06;60.42;7420640;0
FLOT;D;20230418;000000;60.2;60.8;60.05;60.49;7710390;0
FLOT;D;20230419;000000;60.58;60.78;59.35;60.12;7887140;0
FLOT;D;20230420;000000;60.11;60.25;58.5;59.33;6591490;0
FLOT;D;20230421;000000;59.62;59.62;58.6;58.74;4634310;0
FLOT;D;20230424;000000;58.98;60.3;58.1;59.16;4023670;0
FLOT;D;20230425;000000;59.3;59.75;59;59.51;3359850;0
FLOT;D;20230426;000000;59.8;62.5;59.41;61.14;20928760;0
FLOT;D;20230427;000000;61.48;61.48;60.07;60.82;5667460;0
FLOT;D;20230428;000000;60.97;60.97;59.64;59.92;3618430;0
FLOT;D;20230502;000000;59.65;60.75;55.82;58.25;7412880;0
FLOT;D;20230503;000000;58.25;58.52;54.8;55.12;7853000;0
FLOT;D;20230504;000000;55.2;56.96;54.86;56.65;3332700;0
FLOT;D;20230505;000000;56.82;57.98;56;56.64;2739010;0
FLOT;D;20230508;000000;56.89;57.47;55.72;55.9;1223030;0
FLOT;D;20230510;000000;56.44;59.58;55.96;58.59;6367900;0
FLOT;D;20230511;000000;58.98;60.25;57.32;58.9;8136310;0
FLOT;D;20230512;000000;59.34;60.18;58;59.37;5318090;0
FLOT;D;20230515;000000;60.3;60.6;59.2;60.38;3737090;0
FLOT;D;20230516;000000;60.48;60.8;60.01;60.48;2480770;0
FLOT;D;20230517;000000;60.63;60.8;59.65;60.3;2534840;0
FLOT;D;20230518;000000;60.44;60.5;59.75;60.18;2661220;0
FLOT;D;20230519;000000;60;60.07;59.04;59.87;2908420;0
FLOT;D;20230522;000000;60.29;60.35;59.89;60.11;1824520;0
FLOT;D;20230523;000000;60.35;62.5;59.66;61.61;6233360;0
FLOT;D;20230524;000000;61.77;63.49;61.51;62.55;9948400;0
FLOT;D;20230525;000000;63.08;63.11;61;62.71;4661980;0
FLOT;D;20230526;000000;62.89;68.66;62.72;67.4;40514530;0
FLOT;D;20230529;000000;68.25;76.89;68.03;76.29;50092080;0
FLOT;D;20230530;000000;74.03;79.98;73.24;78.32;48528270;0
FLOT;D;20230531;000000;78.2;79.3;76.75;78.02;12333690;0
FLOT;D;20230601;000000;78.02;84.68;78.02;84.1;38173120;0
FLOT;D;20230602;000000;84.89;97.97;84.5;91.6;108086740;0
FLOT;D;20230605;000000;92.99;97;86.5;88.05;49624290;0
FLOT;D;20230606;000000;88;91.96;82.78;91.79;42306160;0
FLOT;D;20230607;000000;92.9;93.61;88.22;90.6;18902120;0
FLOT;D;20230608;000000;90.35;90.5;87.37;87.69;16818290;0
FLOT;D;20230609;000000;87.69;88.15;86;87.18;8351090;0
FLOT;D;20230613;000000;88.15;89.44;87.52;89.07;10768060;0
FLOT;D;20230614;000000;89.7;90.9;87.8;90.9;8943940;0
FLOT;D;20230615;000000;91.47;91.9;88.75;89.59;14538500;0
FLOT;D;20230616;000000;89.9;89.94;88.01;88.32;11162320;0
FLOT;D;20230619;000000;88.35;89.67;87.63;88.12;18372920;0
FLOT;D;20230620;000000;88.2;88.47;84.14;87.21;11003790;0
FLOT;D;20230621;000000;87.21;90.24;86.78;89.5;16544950;0
FLOT;D;20230622;000000;89.89;92.8;89.5;90.65;28956860;0
FLOT;D;20230623;000000;90.8;91.8;86.12;87.84;17781700;0
FLOT;D;20230626;000000;90.08;90.9;87.52;89.62;12482540;0
FLOT;D;20230627;000000;90.14;90.35;88.8;89.9;6360660;0
FLOT;D;20230628;000000;90.09;91.5;89.9;91.02;9209290;0
FLOT;D;20230629;000000;91.49;91.49;90.2;90.36;5642980;0
FLOT;D;20230630;000000;90.6;90.8;89.02;89.65;7806740;0
FLOT;D;20230703;000000;89.77;91.02;87.56;88;16335470;0
FLOT;D;20230704;000000;83.87;87.4;83.5;86.55;20145430;0
FLOT;D;20230705;000000;86.58;89.82;86.58;89.2;13401280;0
FLOT;D;20230706;000000;89.53;89.83;87.11;87.6;7154590;0
FLOT;D;20230707;000000;88.57;88.57;87.35;87.72;3165470;0
FLOT;D;20230710;000000;87.98;89.15;87.83;88.89;6022220;0
FLOT;D;20230711;000000;89.15;93.75;88.55;93.38;41132120;0
FLOT;D;20230712;000000;93.69;95.47;90.85;94.29;36496600;0
FLOT;D;20230713;000000;94.81;94.81;92.58;93.17;11694930;0
FLOT;D;20230714;000000;93.17;93.6;92.24;93.2;6587770;0
FLOT;D;20230717;000000;93.23;95.88;93.23;95.81;19342480;0
FLOT;D;20230718;000000;95.97;96.5;94.02;94.96;12421950;0
FLOT;D;20230719;000000;95.13;95.55;92.65;94.11;8633370;0
FLOT;D;20230720;000000;94.31;94.37;91.55;92.6;9286470;0
FLOT;D;20230721;000000;92.7;95.2;92.6;94.32;6543600;0
FLOT;D;20230724;000000;94.75;97.56;93.89;97.2;25511400;0
FLOT;D;20230725;000000;97.5;99.64;97.21;98.5;22073740;0
FLOT;D;20230726;000000;98.89;99.24;96.35;97.62;11702260;0
FLOT;D;20230727;000000;98;98.15;96.81;97.36;6708840;0
FLOT;D;20230728;000000;97.49;97.49;96.62;96.88;4653510;0
FLOT;D;20230731;000000;97.2;99.42;97.11;98.6;16231950;0
FLOT;D;20230801;000000;99;101.72;97.51;99.29;33773450;0
FLOT;D;20230802;000000;99.29;110;99.29;107.59;82709240;0
FLOT;D;20230803;000000;108.23;112.74;106.08;109.04;45062790;0
FLOT;D;20230804;000000;109.4;112;100;106.3;35239370;0
FLOT;D;20230807;000000;108.13;108.9;103.2;105.38;22093710;0
FLOT;D;20230808;000000;105.39;106.7;100.76;106.1;12929850;0
FLOT;D;20230809;000000;106.2;106.9;103.31;105.06;8828340;0
FLOT;D;20230810;000000;105.45;107.98;104;107.24;15688820;0
FLOT;D;20230811;000000;107.6;107.62;105.73;106.61;8483390;0
FLOT;D;20230814;000000;106.5;108.46;102.5;103.6;22103900;0
FLOT;D;20230815;000000;102.95;106.41;100.32;102.99;11403850;0
FLOT;D;20230816;000000;102.99;105.2;96.01;103.51;20253850;0
FLOT;D;20230817;000000;104.08;106.1;102.5;104.68;15399880;0
FLOT;D;20230818;000000;105.4;105.5;103.32;105.35;7325990;0
FLOT;D;20230821;000000;106.01;113.5;105.8;112.93;50717670;0
FLOT;D;20230822;000000;113.4;114.3;109.8;111.51;30542300;0
FLOT;D;20230823;000000;111.96;112.41;107.16;108.11;21055240;0
FLOT;D;20230824;000000;108.99;112.25;108.63;112.16;26483690;0
FLOT;D;20230825;000000;112.29;115.85;111.22;115.15;37891780;0
FLOT;D;20230828;000000;116.09;119;110.08;114.16;44668230;0
FLOT;D;20230829;000000;114.4;114.45;112.2;113.05;14136400;0
FLOT;D;20230830;000000;113;113.54;111.81;113.17;9060800;0
FLOT;D;20230831;000000;113.45;113.47;112.15;112.87;6115710;0
FLOT;D;20230901;000000;113.17;115.26;112.4;115.22;16270940;0
FLOT;D;20230904;000000;116;116.44;114.5;115.31;15564250;0
FLOT;D;20230905;000000;115.6;115.63;113.4;114.19;9014100;0
FLOT;D;20230906;000000;114.15;115;113.3;114.04;6895060;0
FLOT;D;20230907;000000;114.6;115.16;111.4;113.02;17498850;0
FLOT;D;20230908;000000;112.99;113.74;110.3;111.94;12111420;0
FLOT;D;20230911;000000;112;113.36;108.6;110.31;8402950;0
FLOT;D;20230912;000000;111.2;114.74;110.5;114.48;9905020;0
FLOT;D;20230913;000000;114.98;114.99;112;112.3;7412970;0
FLOT;D;20230914;000000;112.25;112.7;97.64;108.28;31998550;0
FLOT;D;20230915;000000;107.33;111.89;105.24;110.93;11976510;0
FLOT;D;20230918;000000;111.51;111.88;108.75;109.5;7196670;0
FLOT;D;20230919;000000;109.2;109.46;104.8;105.4;14005770;0
FLOT;D;20230920;000000;105.32;109.2;100.36;105.82;22040880;0
FLOT;D;20230921;000000;105.8;107.3;104;104.73;8833290;0
FLOT;D;20230922;000000;104.51;107.78;103.1;106.83;7986060;0
FLOT;D;20230925;000000;107.83;114.9;106.2;114.15;38332970;0
FLOT;D;20230926;000000;114.71;115.2;111.37;113.31;20327970;0
FLOT;D;20230927;000000;113.7;117.8;113.52;116.83;26702270;0
FLOT;D;20230928;000000;117.46;122.87;116.7;121.7;46931600;0
FLOT;D;20230929;000000;122;123;118.5;120.92;21407570;0
FLOT;D;20231002;000000;121.7;121.86;116.81;117.91;12205550;0
FLOT;D;20231003;000000;117.8;120.36;115.9;119.03;13383860;0
FLOT;D;20231004;000000;119.5;120;118.03;118.4;6209530;0
FLOT;D;20231005;000000;118.61;119.68;118;119.58;5537030;0
FLOT;D;20231006;000000;119.61;121.65;119.06;120.48;10563490;0
FLOT;D;20231009;000000;120.88;121.85;119.88;120.21;8997670;0
FLOT;D;20231010;000000;120.5;120.7;119.43;119.8;3411760;0
FLOT;D;20231011;000000;119.95;120.9;117.1;117.99;7494420;0
FLOT;D;20231012;000000;117.78;120;117.23;118.98;4479880;0
FLOT;D;20231013;000000;119.4;121.8;118.99;120.15;6930850;0
FLOT;D;20231016;000000;120.26;121.4;120.26;121;4092750;0
FLOT;D;20231017;000000;121.2;125.2;121.07;125.05;23332680;0
FLOT;D;20231018;000000;125.21;125.8;121.67;123.62;12232500;0
FLOT;D;20231019;000000;123.62;123.62;121.96;123;4765990;0
FLOT;D;20231020;000000;123.45;123.6;121.76;122.38;3497740;0
FLOT;D;20231023;000000;123;124.39;121.71;123.16;6401560;0
FLOT;D;20231024;000000;123.03;124.06;122.5;123.31;4382480;0
FLOT;D;20231025;000000;123.58;125.47;122.82;124.15;9353290;0
FLOT;D;20231026;000000;123.7;124.73;120.12;121.75;7618550;0
FLOT;D;20231027;000000;121.75;122.66;118.56;120.74;7079180;0
FLOT;D;20231030;000000;121.41;123.83;120.1;122.7;6687060;0
FLOT;D;20231031;000000;123.23;123.75;119.05;120.6;8538600;0
FLOT;D;20231101;000000;120.6;121.75;120.18;121.51;2824020;0
FLOT;D;20231102;000000;121.52;122.14;119.9;121.67;3152160;0
FLOT;D;20231103;000000;121.68;121.73;119.91;120.17;2818220;0
FLOT;D;20231106;000000;120.14;121.18;119.42;120.3;2743060;0
FLOT;D;20231107;000000;120.3;121.44;120.24;121.21;3027230;0
FLOT;D;20231108;000000;121.21;124.66;121.01;124.22;9366490;0
FLOT;D;20231109;000000;124.72;125.9;123.5;124.04;9599420;0
FLOT;D;20231110;000000;124.85;124.85;122.53;123;3330100;0
FLOT;D;20231113;000000;123.15;126.2;123;124.43;10786800;0
FLOT;D;20231114;000000;124.47;124.5;120.94;122.9;7479550;0
FLOT;D;20231115;000000;122.8;124.43;122.23;123.89;3285120;0
FLOT;D;20231116;000000;123.9;131;121.38;125.95;61214300;0
FLOT;D;20231117;000000;126;128.5;125.32;127.28;15437190;0
FLOT;D;20231120;000000;128.25;128.9;126.2;127.14;10635910;0
FLOT;D;20231121;000000;127.14;127.78;125.15;127.05;6926720;0
FLOT;D;20231122;000000;127;127.8;126.54;127.27;4134880;0
FLOT;D;20231123;000000;127.02;128.95;127.02;128.36;4847550;0
FLOT;D;20231124;000000;128.43;129.5;128;129.11;5814950;0
FLOT;D;20231127;000000;129.65;132.13;128.06;130.34;12519440;0
FLOT;D;20231128;000000;130.4;130.75;127.35;129.03;5405190;0
FLOT;D;20231129;000000;128.95;129.12;127.42;127.89;2928010;0
FLOT;D;20231130;000000;128.5;128.67;126.4;127.8;3669960;0
FLOT;D;20231201;000000;128;128.28;123;124.98;8390420;0
FLOT;D;20231204;000000;124.89;124.9;117.25;119.9;13904620;0
FLOT;D;20231205;000000;120;124.32;118.2;123.88;11162400;0
FLOT;D;20231206;000000;123.98;124.5;119.5;121.1;7824040;0
FLOT;D;20231207;000000;121.79;124;119.02;121.88;6521020;0
FLOT;D;20231208;000000;122.24;123.3;120.52;122.02;4679310;0
FLOT;D;20231211;000000;122.02;122.41;118.28;118.86;5173570;0
FLOT;D;20231212;000000;118.8;119.89;116.17;118.52;8742230;0
FLOT;D;20231213;000000;117.8;120.85;117.53;120.63;3692480;0
FLOT;D;20231214;000000;120.89;122.27;118.3;118.76;5106280;0
FLOT;D;20231215;000000;118.11;124.97;118.1;124.93;8938420;0
FLOT;D;20231218;000000;125.67;130.45;125.66;130.37;12581790;0
FLOT;D;20231219;000000;130.5;132;127.23;130.79;8881410;0
FLOT;D;20231220;000000;130.9;132.93;130.15;130.78;8002750;0
FLOT;D;20231221;000000;130.8;135.4;129.22;135.28;14327380;0
FLOT;D;20231222;000000;135.6;137.68;135.02;136;12813270;0
FLOT;D;20231225;000000;136.06;137.78;134.56;136.85;7129550;0
FLOT;D;20231226;000000;137.5;142.4;136.17;139;5730130;0
FLOT;D;20231227;000000;139.3;149.46;139.2;146.5;33345130;0
FLOT;D;20231228;000000;147.06;149.8;142.18;145.38;16707470;0
FLOT;D;20231229;000000;145.9;146.19;144;145.86;4614470;0
FLOT;D;20240103;000000;147.12;149.49;145.86;149.3;8246650;0
FLOT;D;20240104;000000;149.39;150.28;147.39;148.41;11986500;0
FLOT;D;20240105;000000;143.8;145.93;142.46;142.5;17144500;0
FLOT;D;20240108;000000;142.5;144.84;142.48;143.85;5537640;0
FLOT;D;20240109;000000;143.85;143.97;142.08;142.79;5328760;0
FLOT;D;20240110;000000;142.8;143.2;141;141.3;4301800;0
FLOT;D;20240111;000000;141.67;144.39;139.77;143.45;7788990;0
FLOT;D;20240112;000000;143.97;144.74;142.76;142.95;4469430;0
FLOT;D;20240115;000000;143.32;144.16;141.18;141.88;4490070;0
FLOT;D;20240116;000000;141.88;142;139;139.63;5237890;0
FLOT;D;20240117;000000;139.63;143.4;139.63;142.49;5575330;0
FLOT;D;20240118;000000;143.31;143.31;140.01;140.75;3145720;0
FLOT;D;20240119;000000;141.23;142.4;139.88;141.7;5209290;0
FLOT;D;20240122;000000;141.81;142.99;141.12;141.86;3849370;0
FLOT;D;20240123;000000;142.2;142.47;140.1;141.16;3735100;0
FLOT;D;20240124;000000;141.16;141.6;139;139.49;5020740;0
FLOT;D;20240125;000000;139.25;140.64;137.44;139;9184990;0
FLOT;D;20240126;000000;139.07;140.25;138.85;139.03;2583020;0
FLOT;D;20240129;000000;139.5;141.77;138.01;138.95;3799570;0
FLOT;D;20240130;000000;138.96;141.25;138.51;140.21;8498950;0
FLOT;D;20240131;000000;140.69;142.67;140.27;142.04;6861020;0
FLOT;D;20240201;000000;142.3;143.65;140.56;141.02;4005460;0
FLOT;D;20240202;000000;141.12;142.2;140.93;141.44;3026040;0
FLOT;D;20240205;000000;142.5;143.25;141.5;141.95;5757530;0
FLOT;D;20240206;000000;142.19;143;141.55;142.98;2427890;0
FLOT;D;20240207;000000;143.5;144.27;142.1;142.9;6590200;0
FLOT;D;20240208;000000;143.1;143.15;140.6;140.83;4965250;0
FLOT;D;20240209;000000;140.83;142.3;140.2;141.01;3068740;0
FLOT;D;20240212;000000;141.24;141.67;139.7;140.55;2835410;0
FLOT;D;20240213;000000;140.85;141.7;140.51;141.49;3584730;0
FLOT;D;20240214;000000;141.52;141.89;140.24;140.6;3129310;0
FLOT;D;20240215;000000;140.52;141.79;139.25;141.15;5560730;0
FLOT;D;20240216;000000;141.15;142.25;140.05;140.12;3179200;0
FLOT;D;20240219;000000;140.12;140.68;139.29;139.78;3030590;0
FLOT;D;20240220;000000;139.79;140.18;132.8;133.98;9042800;0
FLOT;D;20240221;000000;134.2;136.49;127.1;134.02;15747940;0
FLOT;D;20240222;000000;135.05;135.84;133;135.65;5238360;0
FLOT;D;20240226;000000;128;134.8;124.5;134;28824540;0
FLOT;D;20240227;000000;134;134.25;130.5;131.59;8826550;0
FLOT;D;20240228;000000;131.7;133.3;131.33;132.43;6316470;0
FLOT;D;20240229;000000;132.73;137.68;131.34;136.22;11612270;0
FLOT;D;20240301;000000;136.6;137.4;134;135.19;6009390;0
FLOT;D;20240304;000000;135.19;136.9;135.19;136.23;4432020;0
FLOT;D;20240305;000000;136.42;136.5;134.31;135.45;3646130;0
FLOT;D;20240306;000000;135.99;136.55;134.78;135.06;2463500;0
FLOT;D;20240307;000000;135;137.92;134.43;137.73;5212760;0
FLOT;D;20240311;000000;138.5;140;137.38;138.18;9653610;0
FLOT;D;20240312;000000;138.23;138.24;136.29;137.14;4063070;0
FLOT;D;20240313;000000;137.5;138.66;135.74;136.1;10546580;0
FLOT;D;20240314;000000;135.95;136.87;133.41;133.49;9705190;0
FLOT;D;20240315;000000;133.4;136.54;132.13;135.43;8985850;0
FLOT;D;20240318;000000;135.8;135.9;132.32;133.35;17948080;0
FLOT;D;20240319;000000;133.42;133.9;130.13;131.35;11294270;0
FLOT;D;20240320;000000;131.35;132;129.1;129.86;10764800;0
FLOT;D;20240321;000000;129.2;131.1;129.01;130.04;9881620;0
FLOT;D;20240322;000000;130.24;133;126.37;128.16;16755350;0
FLOT;D;20240325;000000;128.16;129.2;124.16;128.95;14274620;0
FLOT;D;20240326;000000;128.89;130.99;127.8;129.13;8801760;0
FLOT;D;20240327;000000;129.13;129.55;128.11;128.99;3478580;0
FLOT;D;20240328;000000;129.1;129.19;125.02;127.61;3766630;0
FLOT;D;20240329;000000;127.35;128.37;127.35;127.78;3494370;0
FLOT;D;20240401;000000;127.78;131.2;127.78;130.8;6096180;0
FLOT;D;20240402;000000;131.05;132.26;130.28;132;6526200;0
FLOT;D;20240403;000000;132.29;132.54;130.41;131.05;3924290;0
FLOT;D;20240404;000000;131.24;131.39;130.49;130.85;2690990;0
FLOT;D;20240405;000000;130.76;132;130.26;131.35;4057620;0
FLOT;D;20240408;000000;131.63;133.49;131.28;133.35;8065640;0
FLOT;D;20240409;000000;133.35;133.6;131.02;131.47;4864390;0
FLOT;D;20240410;000000;131.46;131.99;130.52;131.66;2600370;0
FLOT;D;20240411;000000;131.67;132.89;131.34;132.35;4056960;0
FLOT;D;20240412;000000;132.76;132.76;131.29;131.59;3894900;0
FLOT;D;20240415;000000;132;135.09;131.26;134.78;8542670;0
FLOT;D;20240416;000000;134.81;137.6;134.81;137.6;11661650;0
FLOT;D;20240417;000000;137.9;138.99;135.68;136.05;10091970;0
FLOT;D;20240418;000000;136.5;137;134.4;135.36;5803770;0
FLOT;D;20240419;000000;135.83;137.84;135.72;137.04;4196510;0
FLOT;D;20240422;000000;137.2;138.23;135.47;135.89;6407770;0
FLOT;D;20240423;000000;135.94;136.58;133.4;133.51;4856220;0
FLOT;D;20240424;000000;133.5;134.7;131.7;133.13;5644290;0
FLOT;D;20240425;000000;133.6;135.44;133;135.44;3423050;0
FLOT;D;20240426;000000;135;136.65;134.66;134.71;3168240;0
FLOT;D;20240427;000000;134.8;135.55;132.55;133.3;5436200;0
FLOT;D;20240429;000000;133.1;135.2;132.93;134.27;2383810;0
FLOT;D;20240430;000000;134.27;134.4;133.37;133.76;1134260;0
FLOT;D;20240502;000000;133.7;134.49;132.57;133.05;2639240;0
FLOT;D;20240503;000000;133;134.89;132.33;133.97;3489780;0
FLOT;D;20240506;000000;134;134.63;133.02;133.07;2425950;0
FLOT;D;20240507;000000;133.07;134.36;132.81;133.92;2640830;0
FLOT;D;20240508;000000;133.99;135;133.64;134.57;3527260;0
FLOT;D;20240510;000000;134.8;136.37;134.79;135.99;3240910;0
FLOT;D;20240513;000000;136.65;137.5;136.14;137.02;3437240;0
FLOT;D;20240514;000000;137.05;137.13;135;136.17;4426130;0
FLOT;D;20240515;000000;136.5;137;135.4;136.22;3003920;0
FLOT;D;20240516;000000;136.46;137.4;136;136.29;3189470;0
FLOT;D;20240517;000000;136.62;136.62;135.5;135.81;2428650;0
FLOT;D;20240520;000000;135.9;135.9;132.51;133.89;8487390;0
FLOT;D;20240521;000000;133.73;133.9;131.56;132.4;5463160;0
FLOT;D;20240522;000000;132.86;133.28;130.62;131.35;3515820;0
FLOT;D;20240523;000000;131.35;133.33;128.06;132.24;11070920;0
FLOT;D;20240524;000000;132.3;136.2;130.66;132.8;17633220;0
FLOT;D;20240527;000000;132.81;134.34;130.29;131.28;6194120;0
FLOT;D;20240528;000000;131.5;133.14;130.35;131.15;5075420;0
FLOT;D;20240529;000000;131.21;132.74;131.05;131.33;2850330;0
FLOT;D;20240530;000000;131.78;133.55;125.22;127.21;10795240;0
FLOT;D;20240531;000000;127.19;127.73;120.5;123.99;8603490;0
FLOT;D;20240603;000000;123.6;127.19;119.04;125.82;8479690;0
FLOT;D;20240604;000000;124.62;128;123.3;128;4195370;0
FLOT;D;20240605;000000;128.1;128.4;124.58;124.89;4936580;0
FLOT;D;20240606;000000;124.99;126.67;124;126.42;3135850;0
FLOT;D;20240607;000000;126;129.5;124.5;128.88;7025410;0
FLOT;D;20240610;000000;129.29;130.3;126.27;127.32;2813430;0
FLOT;D;20240611;000000;127.32;128.49;124.66;125;3017810;0
FLOT;D;20240613;000000;116.5;123.74;113.08;122.78;7742340;0
FLOT;D;20240614;000000;122.78;124.91;121.07;124.18;5253640;0
FLOT;D;20240617;000000;124.34;124.83;121.2;121.54;3628630;0
FLOT;D;20240618;000000;121.12;121.5;118.38;120.14;7116760;0
FLOT;D;20240619;000000;119.65;120.03;114.71;115.96;6255990;0
FLOT;D;20240620;000000;115.49;124;114.74;120;11392380;0
FLOT;D;20240621;000000;120.47;124.77;119.45;122.26;8407070;0
FLOT;D;20240624;000000;122.26;122.26;116.72;118.03;7478790;0
FLOT;D;20240625;000000;118.35;118.85;116.07;118.54;4344400;0
FLOT;D;20240626;000000;118.54;121.34;118.18;120.88;2332090;0
FLOT;D;20240627;000000;120.9;121.16;117.88;119.39;3824120;0
FLOT;D;20240628;000000;119.4;121.57;119.26;121.25;2832510;0
FLOT;D;20240701;000000;121.49;123.48;121.05;123.44;2663650;0
FLOT;D;20240702;000000;123.6;125.33;122.99;123.14;2548130;0
FLOT;D;20240703;000000;123.14;126.99;122.13;124.8;7852060;0
FLOT;D;20240704;000000;125.07;125.2;121.84;121.96;4338490;0
FLOT;D;20240705;000000;121.96;122.95;119.52;122.91;3420660;0
FLOT;D;20240708;000000;122.93;124.49;121.3;121.89;3340730;0
FLOT;D;20240709;000000;121.74;122.97;117.19;117.66;5849510;0
FLOT;D;20240710;000000;117.5;118;109.81;111.19;9286200;0
FLOT;D;20240711;000000;111.19;115.5;110.04;115.21;5243910;0
FLOT;D;20240712;000000;115.21;117.8;114.23;116.56;5611900;0
FLOT;D;20240715;000000;116.6;116.95;112.61;113.4;3896090;0
FLOT;D;20240716;000000;113.58;114.5;108.34;111.32;9361040;0
FLOT;D;20240717;000000;111.32;112.38;109.16;111.05;4730560;0
FLOT;D;20240718;000000;109.5;113.91;109.5;113.4;13225560;0
FLOT;D;20240719;000000;103.22;112.19;103.22;111.9;27214710;0
FLOT;D;20240722;000000;111.78;112.9;108.52;109.34;12684600;0
FLOT;D;20240723;000000;109.3;109.3;106.5;107.12;5879430;0
FLOT;D;20240724;000000;107.07;109.41;105.71;108.93;7345250;0
FLOT;D;20240725;000000;108.75;109.94;107.41;108.39;7366380;0
FLOT;D;20240726;000000;108.5;109.19;104;105.69;9856550;0
FLOT;D;20240729;000000;105.5;105.5;100.8;102.98;7226560;0
FLOT;D;20240730;000000;102.94;106.58;101.48;106.57;7234750;0
FLOT;D;20240731;000000;106.75;107.05;105;105.6;4343240;0
FLOT;D;20240801;000000;105.8;107.75;104.68;105.81;6620590;0
FLOT;D;20240802;000000;105.81;106.37;104;105.2;3796310;0
FLOT;D;20240805;000000;103.99;105.18;102.16;103.34;4288980;0
FLOT;D;20240806;000000;104.5;105.13;102.55;104.03;3122040;0
FLOT;D;20240807;000000;104.1;105.81;103.02;105.5;3192900;0
FLOT;D;20240808;000000;105.5;106.36;104;104.52;2850590;0
FLOT;D;20240809;000000;104.52;105.34;104;104.58;1301880;0
FLOT;D;20240812;000000;104.58;104.58;102.76;103.58;3598660;0
FLOT;D;20240813;000000;103.99;108;103.5;107.21;6318770;0
FLOT;D;20240814;000000;107.54;107.59;104.5;105.1;3771400;0
FLOT;D;20240815;000000;105.1;105.1;103;103.2;4340840;0
FLOT;D;20240816;000000;103.51;103.51;100.18;102.73;12076150;0
FLOT;D;20240819;000000;102.72;102.73;99.96;101.2;5625030;0
FLOT;D;20240820;000000;101.3;102.29;101;101.49;3358450;0
FLOT;D;20240821;000000;101.2;101.83;100.5;101.39;2765310;0
FLOT;D;20240822;000000;101.77;101.77;98.6;99.58;4589630;0
FLOT;D;20240823;000000;99.58;99.77;93.32;94.07;9226340;0
FLOT;D;20240826;000000;96.2;98.42;94.23;96.82;6742010;0
FLOT;D;20240827;000000;97.01;98.48;95.6;95.97;3669370;0
FLOT;D;20240828;000000;95.77;96.19;92.85;95.06;2961930;0
FLOT;D;20240829;000000;95;96.59;94.01;95.6;3596620;0
FLOT;D;20240830;000000;95.6;96;90.09;90.51;6179220;0
FLOT;D;20240902;000000;90;90.19;83.36;85.81;10480720;0
FLOT;D;20240903;000000;85.5;88.41;83.88;85.11;7943630;0
FLOT;D;20240904;000000;85.4;91.81;84.21;91.32;9802940;0
FLOT;D;20240905;000000;92.03;92.75;89.53;90.28;5822800;0
FLOT;D;20240906;000000;90.28;93.44;89.39;93.07;6458240;0
FLOT;D;20240909;000000;93.3;95.4;92.12;94.54;9478640;0
FLOT;D;20240910;000000;94.8;94.95;92.92;93.54;4452930;0
FLOT;D;20240911;000000;93.55;94.8;90.5;91.61;5083630;0
FLOT;D;20240912;000000;91.62;91.62;88.45;90.3;4144220;0
FLOT;D;20240913;000000;90.45;92.93;89.01;92.75;6976440;0
FLOT;D;20240916;000000;92.75;95.95;92;95.6;6809630;0
FLOT;D;20240917;000000;95.9;99.72;94.89;98;11871630;0
FLOT;D;20240918;000000;98;98.38;95.22;95.5;5651910;0
FLOT;D;20240919;000000;95.39;97.36;94.51;96.08;3868090;0
FLOT;D;20240920;000000;96.08;98.24;96;97.67;4177040;0
FLOT;D;20240923;000000;98.18;101.5;98.18;100.8;5477170;0
FLOT;D;20240924;000000;100.99;101.54;98.07;99.33;5773020;0
FLOT;D;20240925;000000;99.5;99.5;96.5;97.3;3841260;0
FLOT;D;20240926;000000;97.3;99.59;96.64;97.8;4063480;0
FLOT;D;20240927;000000;98.31;99.79;97.13;99.17;3357880;0
FLOT;D;20240930;000000;100;100.98;97.71;98;3685560;0
FLOT;D;20241001;000000;97.83;99.99;97.11;99.36;5713350;0
FLOT;D;20241002;000000;99.7;101.75;97.44;98.63;7040690;0
FLOT;D;20241003;000000;98.63;99.95;97.41;99.8;4630700;0
FLOT;D;20241004;000000;100.05;102.54;99.64;102.49;8974830;0
FLOT;D;20241007;000000;102.52;103.2;100;102.8;5876110;0
FLOT;D;20241008;000000;102.8;103.78;101.31;102.46;4086510;0
FLOT;D;20241009;000000;102.47;102.69;100.68;101.12;2546690;0
FLOT;D;20241010;000000;101.57;103.08;100.81;101.36;3197100;0
FLOT;D;20241011;000000;101.52;101.52;99.72;100.04;2663020;0
FLOT;D;20241014;000000;100.04;101.39;98;100.73;6498140;0
FLOT;D;20241015;000000;100.64;102.58;100.09;101.8;3384700;0
FLOT;D;20241016;000000;102;102.88;100.91;101.35;2839680;0
FLOT;D;20241017;000000;101.38;101.47;98.25;98.77;6028540;0
FLOT;D;20241018;000000;98.72;100.97;98.23;100.44;5952840;0
FLOT;D;20241021;000000;100.43;100.78;98.71;99.17;2361210;0
FLOT;D;20241022;000000;98.82;99.29;95.83;96.15;5784340;0
FLOT;D;20241023;000000;96.1;98.2;95.28;96.4;8461820;0
FLOT;D;20241024;000000;96.2;98.19;94.6;97.69;9120950;0
FLOT;D;20241025;000000;97.7;99.72;95.36;96.64;7777460;0
FLOT;D;20241028;000000;95;95.58;92.2;93.22;6218790;0
FLOT;D;20241029;000000;93.22;94.1;90.78;92.24;7089110;0
FLOT;D;20241030;000000;92.27;94.09;91.6;91.99;3176330;0
FLOT;D;20241031;000000;91.99;93.15;90.32;90.62;3231310;0
FLOT;D;20241101;000000;90.4;90.62;87.31;89.69;5825270;0
FLOT;D;20241102;000000;89.9;91.14;88.52;89.5;1487710;0
FLOT;D;20241105;000000;89.55;93.75;88.88;93.1;5484780;0
FLOT;D;20241106;000000;96;96.99;93.17;94.29;5931570;0
FLOT;D;20241107;000000;94;96.19;93.17;95.92;2407480;0
FLOT;D;20241108;000000;96.3;97.15;93.9;97.15;5458980;0
FLOT;D;20241111;000000;97.69;101.5;97.27;101.25;6435320;0
FLOT;D;20241112;000000;100.5;100.65;97.62;98.02;4848810;0
FLOT;D;20241113;000000;97.32;99.6;96.61;96.72;3435080;0
FLOT;D;20241114;000000;96.66;98.3;96.02;96.56;2240400;0
FLOT;D;20241115;000000;96.05;97.39;95.15;96.9;6670920;0
FLOT;D;20241118;000000;96;96;94.5;95.09;2604230;0
FLOT;D;20241119;000000;95.08;95.25;90.8;91.4;4413770;0
FLOT;D;20241120;000000;91.5;92.49;89.08;90.02;3070640;0
FLOT;D;20241121;000000;89.62;91.5;86.51;91.5;5324240;0
FLOT;D;20241122;000000;91.5;92;87.96;89.6;4758520;0
FLOT;D;20241125;000000;89.6;89.6;86.54;87.01;4053600;0
FLOT;D;20241126;000000;86.8;86.98;82.2;84.49;7252560;0
FLOT;D;20241127;000000;83.91;86.19;80.82;85.96;9019890;0
FLOT;D;20241128;000000;86.2;86.96;82.8;85.73;4249740;0
FLOT;D;20241129;000000;85.73;87.6;84.37;86.59;2977160;0
FLOT;D;20241202;000000;86.69;88.56;85.65;85.9;3008740;0
FLOT;D;20241203;000000;85.88;87.87;82.82;87.17;7853340;0
FLOT;D;20241204;000000;87.5;89.34;85.17;85.65;6556440;0
FLOT;D;20241205;000000;85.9;86.96;82.4;86.25;9088260;0
FLOT;D;20241206;000000;86.25;86.79;84.11;85.72;2827850;0
FLOT;D;20241209;000000;85.82;86.79;85;86.39;2038720;0
FLOT;D;20241210;000000;86.38;86.39;84.52;84.8;2096470;0
FLOT;D;20241211;000000;84.5;84.59;80.83;82.15;7264120;0
FLOT;D;20241212;000000;82.49;82.9;81.1;81.33;6784300;0
FLOT;D;20241213;000000;80.8;81.39;80.23;80.37;3855530;0
FLOT;D;20241216;000000;80;80.18;76.45;78.04;5993890;0
FLOT;D;20241217;000000;77.23;79.65;77.23;79.12;3676360;0
FLOT;D;20241218;000000;79.29;80.69;78.01;80.11;2967620;0
FLOT;D;20241219;000000;80.11;82.2;79;81.17;5068860;0
FLOT;D;20241220;000000;80.48;90.4;80.48;88.65;7099150;0
FLOT;D;20241223;000000;90.21;94.2;90.11;91.87;4440410;0
FLOT;D;20241224;000000;91.95;92.79;88.21;88.21;5534100;0
FLOT;D;20241225;000000;88.2;92.43;86.03;91.21;5721050;0
FLOT;D;20241226;000000;91.21;91.69;88.81;89.12;3113410;0
FLOT;D;20241227;000000;89.2;91.98;89.2;91.4;3788970;0
FLOT;D;20241228;000000;91.4;94;91.11;93.75;2982470;0
FLOT;D;20241230;000000;94.3;99.8;94.3;99.28;4855160;0
FLOT;D;20250103;000000;100.79;100.79;94.64;95.21;2849360;0
FLOT;D;20250106;000000;94.98;95;91.89;93.02;2266240;0
FLOT;D;20250108;000000;92.5;95;92.24;94.54;1362630;0
FLOT;D;20250109;000000;94.35;94.54;89.49;89.63;4027480;0
FLOT;D;20250110;000000;90.3;91.46;87;90.89;22642690;0
FLOT;D;20250113;000000;92.94;92.98;86;86.39;25253530;0
FLOT;D;20250114;000000;85.7;85.9;82;84.97;37260830;0
FLOT;D;20250115;000000;84.5;89.1;83.54;87.6;31340050;0
FLOT;D;20250116;000000;87.65;88.24;86.15;86.72;16741230;0
FLOT;D;20250117;000000;87;88.19;85.56;87.04;12613600;0
FLOT;D;20250120;000000;87.85;89.87;84.09;84.81;15429570;0
FLOT;D;20250121;000000;85.7;86.8;84.34;86.48;7127570;0
FLOT;D;20250122;000000;86.8;87.9;86.09;86.36;7163880;0
FLOT;D;20250123;000000;86.36;88.6;85.8;88;9894090;0
FLOT;D;20250124;000000;88.01;90.8;87.65;89.27;8917520;0
FLOT;D;20250127;000000;89.27;90.69;87.51;87.86;5761460;0
FLOT;D;20250128;000000;87.88;88.88;85.71;88.49;7611620;0
FLOT;D;20250129;000000;88.21;89.15;87.03;88.46;5325260;0
FLOT;D;20250130;000000;88.75;89.67;87.6;89.04;3468100;0
FLOT;D;20250131;000000;88.88;89.57;86.5;87.47;3767200;0
FLOT;D;20250203;000000;87.45;88.5;86.5;87.36;3699280;0
FLOT;D;20250204;000000;87.36;87.95;86.72;86.89;1627960;0
FLOT;D;20250205;000000;86.86;88.4;85.5;88.05;4887530;0
FLOT;D;20250206;000000;88.1;90.5;87.2;88.25;5148000;0
FLOT;D;20250207;000000;88.25;88.73;87.03;87.45;2654120;0
FLOT;D;20250210;000000;87.84;88.86;85.64;86.41;9604240;0
FLOT;D;20250211;000000;86.41;88.74;86.3;88.34;4783730;0
FLOT;D;20250212;000000;88.34;95.3;87.62;94.44;14891920;0
FLOT;D;20250213;000000;95.59;95.88;92.41;94.4;9430150;0
FLOT;D;20250214;000000;98.4;102.85;92.4;100.75;35626990;0
FLOT;D;20250217;000000;101.9;108.27;99.7;105.86;44132240;0
FLOT;D;20250218;000000;106.8;107;100.36;101.89;16931550;0
FLOT;D;20250219;000000;102.83;104.19;99.35;102.19;12760050;0
FLOT;D;20250220;000000;102.2;105.1;102.19;104.04;8742000;0
FLOT;D;20250221;000000;104.04;104.9;101.53;103.97;6121940;0
FLOT;D;20250224;000000;103.97;105.99;102.68;104.55;10031210;0
FLOT;D;20250225;000000;104.6;106.3;103.8;105.08;7903430;0
FLOT;D;20250226;000000;105.08;105.8;100.3;101.09;7538350;0
FLOT;D;20250227;000000;101.15;103.3;98.7;100.11;8032330;0
FLOT;D;20250228;000000;100.11;102.09;98.51;101.15;11130440;0
FLOT;D;20250303;000000;101.5;103.21;97;103.04;9939240;0
FLOT;D;20250304;000000;102.98;105.16;101;102.89;21700830;0
FLOT;D;20250305;000000;103;103.6;98.89;99.53;16185600;0
FLOT;D;20250306;000000;99.98;100.66;95.69;96.1;19676140;0
FLOT;D;20250307;000000;96.29;97.75;90;91.48;46431650;0
FLOT;D;20250310;000000;91.48;95.13;91.45;93.55;15342110;0
FLOT;D;20250311;000000;93.49;95.66;92.53;94.33;13511850;0
FLOT;D;20250312;000000;94.5;94.93;92.5;93.92;6072700;0
FLOT;D;20250313;000000;94.09;95.59;92.18;93.98;9687480;0
FLOT;D;20250314;000000;93.9;95.35;92.85;95.01;7474540;0
FLOT;D;20250317;000000;94.85;98.28;94.78;97.91;11939070;0
FLOT;D;20250318;000000;98.18;100.5;96.36;97.52;12677320;0
FLOT;D;20250319;000000;97.82;98.8;96.25;96.74;6709520;0
FLOT;D;20250320;000000;96.95;97.5;95.8;97;5201850;0
FLOT;D;20250321;000000;97.3;97.82;96.17;96.68;4385360;0
FLOT;D;20250324;000000;96.68;99.99;93.9;95.81;11159260;0
FLOT;D;20250325;000000;95.81;101.6;93.85;101.57;19347530;0
FLOT;D;20250326;000000;102;103.2;97.52;98.3;23240050;0
FLOT;D;20250327;000000;98.3;98.43;94.73;95.05;8790800;0
FLOT;D;20250328;000000;95.05;96.2;92.23;92.88;10886770;0
FLOT;D;20250331;000000;93.37;93.5;89.21;91.37;9050440;0
FLOT;D;20250401;000000;91.37;93.64;86.56;87.34;10048690;0
FLOT;D;20250402;000000;87.99;92.45;86.22;91.81;15784400;0
FLOT;D;20250403;000000;91.99;93.77;89.72;92.69;10876830;0
FLOT;D;20250404;000000;94.11;94.39;85.5;85.61;12366600;0
FLOT;D;20250407;000000;85.5;87;77.81;81.99;22492830;0
FLOT;D;20250408;000000;81.99;83.45;79.29;79.33;8829090;0
FLOT;D;20250409;000000;79.1;83.98;77.6;83.33;11266260;0
FLOT;D;20250410;000000;83.5;84;80.56;81.3;4420340;0
FLOT;D;20250411;000000;81.5;83.59;81.07;82.98;6634240;0
FLOT;D;20250414;000000;83.5;85.55;81.28;82;6280550;0
FLOT;D;20250415;000000;82.01;84.6;81.72;84.49;6090330;0
FLOT;D;20250416;000000;84.5;86.76;83.42;85.84;7986770;0
FLOT;D;20250417;000000;85.88;88.53;85.87;87.33;5570500;0
FLOT;D;20250418;000000;87;87.15;85.45;85.91;4503830;0
FLOT;D;20250421;000000;86.61;88;86;86.76;2239360;0
FLOT;D;20250422;000000;86.82;90.53;86.82;88.86;5397580;0
FLOT;D;20250423;000000;88.86;89.79;86.1;87.32;3370300;0
FLOT;D;20250424;000000;87.34;88.86;87;87.14;1806030;0
FLOT;D;20250425;000000;87.21;93.44;87.21;92.87;11916510;0
FLOT;D;20250428;000000;93.25;94.2;90.88;91.29;12446600;0
FLOT;D;20250429;000000;91.29;91.9;87.95;88.22;3918430;0
FLOT;D;20250430;000000;88.25;88.85;85.06;87.01;4741650;0
FLOT;D;20250502;000000;86.5;86.88;82.94;83.14;3085230;0
FLOT;D;20250505;000000;82.87;84.1;80.63;81.14;4221100;0
FLOT;D;20250506;000000;81.24;83;80;82.54;3400310;0
FLOT;D;20250507;000000;82.94;84.6;81.7;84.07;3533610;0
FLOT;D;20250508;000000;84.07;85.7;83.94;84.47;2314770;0
FLOT;D;20250512;000000;84.13;88;83.95;86.74;4948050;0
FLOT;D;20250513;000000;86.75;87.5;85.27;86.65;2255230;0
FLOT;D;20250514;000000;86.65;86.69;83.73;83.88;3649970;0
FLOT;D;20250515;000000;83.84;84.8;82.52;83.58;4080740;0
FLOT;D;20250516;000000;83.55;83.9;81.5;82.68;3605950;0
FLOT;D;20250519;000000;82.61;85.16;82.59;83.1;6435450;0
FLOT;D;20250520;000000;83.15;84.04;78.4;78.63;20739000;0
FLOT;D;20250521;000000;78.3;79.68;77.66;78.95;15904420;0
FLOT;D;20250522;000000;78.95;80.5;77.53;78.12;18634830;0
FLOT;D;20250523;000000;78.12;79.23;75.6;77.07;27254220;0
FLOT;D;20250526;000000;76.56;76.84;72.31;73.03;12401730;0
FLOT;D;20250527;000000;72.7;74.88;70.78;74.48;10209820;0
FLOT;D;20250528;000000;74.17;78.77;73.96;78;10228020;0
FLOT;D;20250529;000000;78;78.13;75.21;75.27;8554690;0
FLOT;D;20250530;000000;75.25;77.4;74.58;76.9;7072850;0
FLOT;D;20250602;000000;76.71;77.39;74.51;76.65;7888040;0
FLOT;D;20250603;000000;76.65;78.37;76.5;78.24;2708980;0
FLOT;D;20250604;000000;78.45;79.39;77.62;77.81;3236360;0
FLOT;D;20250605;000000;78;79.49;77.85;79.2;2801490;0
FLOT;D;20250606;000000;79.22;80.46;76.55;76.86;4794110;0
FLOT;D;20250609;000000;76.52;77.55;74.13;74.93;3365330;0
FLOT;D;20250610;000000;74.94;75.65;73.49;73.95;2292490;0
FLOT;D;20250611;000000;74.31;76.37;73.58;75.5;3463400;0
FLOT;D;20250613;000000;75.8;77.8;75.4;77.67;2055750;0
FLOT;D;20250616;000000;77.67;78.68;75.03;75.27;3624700;0
FLOT;D;20250617;000000;75.27;76.97;75.22;76.9;1957660;0
FLOT;D;20250618;000000;76.94;77.29;76.02;76.02;1197500;0
FLOT;D;20250619;000000;76.1;76.7;75.41;76.18;2456660;0
FLOT;D;20250620;000000;76.18;76.57;75.34;76.05;1288910;0
FLOT;D;20250623;000000;76.34;76.95;74;74.74;3469820;0
FLOT;D;20250624;000000;74.72;75.17;72.29;74.37;6737690;0
FLOT;D;20250625;000000;74.37;77;74.29;75.2;8270310;0
FLOT;D;20250626;000000;75.4;75.95;74.81;75.12;2887050;0
FLOT;D;20250627;000000;75.12;75.6;74.3;75.44;4012450;0
FLOT;D;20250630;000000;75.44;77.33;74.95;76.45;5964380;0
FLOT;D;20250701;000000;76.47;76.92;76.1;76.26;2520120;0
FLOT;D;20250702;000000;76.21;76.7;75.41;75.8;1479240;0
FLOT;D;20250703;000000;75.86;79.38;75.35;78.34;7542800;0
FLOT;D;20250704;000000;78.34;78.9;77.04;78.29;3291850;0
FLOT;D;20250707;000000;78;79.73;77.43;78.92;4688220;0
FLOT;D;20250708;000000;78.85;80.4;76.63;77.51;12717070;0
FLOT;D;20250709;000000;77.51;78.75;76.85;77.86;5940490;0
FLOT;D;20250710;000000;77.9;78.7;77.7;77.7;1398640;0
FLOT;D;20250711;000000;77.98;78.5;76.26;76.4;3572860;0
FLOT;D;20250714;000000;76.16;81;74.17;80.55;6237800;0
FLOT;D;20250715;000000;80.3;82.25;79.84;80.75;9776030;0
FLOT;D;20250716;000000;80.75;81.47;80.13;80.41;4252770;0
FLOT;D;20250717;000000;80.41;81.12;78.38;79.07;2974590;0
FLOT;D;20250718;000000;78.83;80.81;78.04;80.77;5168960;0
FLOT;D;20250721;000000;80.99;81.55;79.61;80.51;3054940;0
FLOT;D;20250722;000000;80.53;84.1;80.11;83.62;14004000;0
FLOT;D;20250723;000000;83.6;85.35;83.5;84.77;11785950;0
FLOT;D;20250724;000000;84.77;85.3;83.4;84.93;7383320;0
FLOT;D;20250725;000000;85.33;87.95;81.8;82.5;18125780;0
FLOT;D;20250728;000000;82.72;83;80.11;80.65;3804860;0
FLOT;D;20250729;000000;80.31;81.24;79.55;79.7;3744860;0
FLOT;D;20250730;000000;79.69;79.7;78.11;79.69;2817250;0
FLOT;D;20250731;000000;79.63;81.3;79.03;80.87;3785720;0
FLOT;D;20250801;000000;80.87;81.78;79.99;80.43;2083490;0
FLOT;D;20250804;000000;80.6;81.18;79.99;81.17;2133990;0
FLOT;D;20250805;000000;81.35;81.73;79.61;80.26;5189680;0
FLOT;D;20250806;000000;80.58;83.8;79.7;82.5;8051590;0
FLOT;D;20250807;000000;82.6;85.8;82.1;84.46;9202380;0
FLOT;D;20250808;000000;84.45;87.4;83.8;87.4;4737490;0
FLOT;D;20250811;000000;88.9;90;86;87.03;18276740;0
FLOT;D;20250812;000000;87.52;88.91;86.59;88.57;5398520;0
FLOT;D;20250813;000000;88.43;89.79;86.99;87.37;7545100;0
FLOT;D;20250814;000000;87.86;91.15;86.38;90.46;13636470;0
FLOT;D;20250815;000000;90.55;93.7;88.25;93.1;28432320;0
FLOT;D;20250818;000000;90.34;92.7;87.72;91.4;13700710;0
FLOT;D;20250819;000000;91.7;93;90.18;90.72;11125430;0
FLOT;D;20250820;000000;90.95;92.24;89.4;89.93;5697450;0
FLOT;D;20250821;000000;89.94;90.2;87.01;87.51;6744120;0
FLOT;D;20250822;000000;87.94;89.55;86.15;89.44;4915350;0
FLOT;D;20250825;000000;89.44;90.6;87;88.3;4381260;0
FLOT;D;20250826;000000;88.16;89.57;88.16;89.43;2409050;0
FLOT;D;20250827;000000;89.4;89.89;88;89.82;3759590;0
FLOT;D;20250828;000000;89.82;89.88;87.38;88.34;1817380;0
FLOT;D;20250829;000000;88.1;88.65;86.58;87.68;3048480;0
FLOT;D;20250901;000000;87.63;88.75;87.11;87.42;1374800;0
FLOT;D;20250902;000000;87.42;87.69;85.27;86.3;3087890;0
FLOT;D;20250903;000000;86.3;86.92;84.7;86.7;3071370;0
FLOT;D;20250904;000000;86.65;87.15;84.9;85.68;2686320;0
FLOT;D;20250905;000000;85.7;87.91;85.68;87.6;2566650;0
FLOT;D;20250908;000000;87.6;88.16;87.13;87.81;1764600;0
FLOT;D;20250909;000000;88;88.48;87.73;88.32;1401200;0
FLOT;D;20250910;000000;88.33;89.57;87.81;88.74;3215760;0
FLOT;D;20250911;000000;88.51;89.45;88.13;89;1408090;0
FLOT;D;20250912;000000;89.1;89.17;84.81;85.59;4755910;0
FLOT;D;20250915;000000;85.6;85.82;83.56;85.01;4792260;0
FLOT;D;20250916;000000;85.21;85.8;83.59;84.2;2976730;0
FLOT;D;20250917;000000;84.2;84.79;83.71;84.24;1228230;0
FLOT;D;20250918;000000;84.35;84.66;82;82.44;4021870;0
FLOT;D;20250919;000000;82.37;83.9;81.33;82.19;4572280;0
FLOT;D;20250922;000000;81.82;83.6;80.04;83.47;3399390;0
FLOT;D;20250923;000000;83.45;84.53;80.29;80.7;3547680;0
FLOT;D;20250924;000000;80.68;83.42;80.03;82.94;4882900;0
FLOT;D;20250925;000000;82.86;83.41;81.2;81.58;1761590;0
FLOT;D;20250926;000000;81.66;82;80.44;80.85;3836540;0
FLOT;D;20250929;000000;80.8;81.91;79.52;80.14;3076340;0
FLOT;D;20250930;000000;80.2;80.55;78.58;79.49;3906350;0
FLOT;D;20251001;000000;79.5;80.2;79.11;79.79;1551620;0
FLOT;D;20251002;000000;79.6;80;77.1;77.37;2844080;0
FLOT;D;20251003;000000;77.97;78.72;76.51;76.51;1980100;0
FLOT;D;20251006;000000;76.51;79.2;74.52;78.46;5442300;0
FLOT;D;20251007;000000;78.22;79.49;77.72;79.03;1500700;0
FLOT;D;20251008;000000;79.03;79.3;75.74;76.19;2747960;0
FLOT;D;20251009;000000;76.82;77.76;74.39;76.98;5516320;0
FLOT;D;20251010;000000;76.95;77.04;75.2;75.44;4541490;0
FLOT;D;20251013;000000;75.52;76.42;74.39;75.32;2172140;0
FLOT;D;20251014;000000;75.57;75.77;73.64;73.8;2020550;0
FLOT;D;20251015;000000;73.8;74.27;72.45;72.92;2619670;0
FLOT;D;20251016;000000;72.63;78.68;72.57;78.62;5113320;0
FLOT;D;20251017;000000;79.18;80.75;77.25;79.6;4268100;0
FLOT;D;20251020;000000;80.12;81.9;79.63;79.8;3278200;0
FLOT;D;20251021;000000;79.71;80.19;75.74;77.27;3948060;0
FLOT;D;20251022;000000;77.27;78;75.44;76.5;2558860;0
FLOT;D;20251023;000000;75.22;75.4;73.22;74.67;3262910;0
FLOT;D;20251024;000000;74.9;75.16;73.05;74.2;2013550;0
FLOT;D;20251027;000000;74.1;74.18;71.6;71.76;2008450;0
FLOT;D;20251028;000000;71.74;74.1;71.2;73.57;2273830;0
FLOT;D;20251029;000000;73.72;74.4;73.13;73.83;1258350;0
FLOT;D;20251030;000000;73.69;74.87;73.22;74.68;1607310;0
FLOT;D;20251031;000000;74.55;75.24;73.02;73.56;1802120;0
FLOT;D;20251101;000000;73.51;74.24;73.51;74.08;365350;0
FLOT;D;20251103;000000;74.17;75.33;73.73;75.12;470420;0
FLOT;D;20251105;000000;75.12;75.85;73.89;74.3;1922320;0
FLOT;D;20251106;000000;74.3;75.99;74.15;75.91;1424530;0
FLOT;D;20251107;000000;74.91;76.38;74.91;75.44;1694040;0
FLOT;D;20251110;000000;75.44;76.39;75.05;75.23;1194870;0
FLOT;D;20251111;000000;75.56;75.96;74.81;75.47;931070;0
FLOT;D;20251112;000000;75.5;75.82;72.71;73.39;1757300;0
FLOT;D;20251113;000000;73.26;73.73;72.35;72.94;1742660;0
FLOT;D;20251114;000000;72.88;73.26;70.7;71.37;6485480;0
FLOT;D;20251117;000000;71.74;71.94;70;70.9;3463690;0
FLOT;D;20251118;000000;70.8;73.87;70.65;73.24;4450450;0
FLOT;D;20251119;000000;73.35;76.7;73.24;75.07;6138190;0
FLOT;D;20251120;000000;75;78.5;74.22;78.35;3869450;0
FLOT;D;20251121;000000;78.5;78.9;76.73;78.24;7080220;0
FLOT;D;20251124;000000;79.79;80.35;75.31;76.14;5046570;0
FLOT;D;20251125;000000;75.67;78.3;74.67;77.83;5883180;0
FLOT;D;20251126;000000;78.35;78.36;76.2;76.55;1555290;0
FLOT;D;20251127;000000;76.39;77.49;75;75.15;3803280;0
FLOT;D;20251128;000000;75.15;79.35;75.06;78.76;6457520;0
FLOT;D;20251201;000000;78.35;80.77;78.1;80.5;5145530;0
FLOT;D;20251202;000000;80.56;80.79;78.55;79.22;5041870;0
FLOT;D;20251203;000000;78.38;79;76.59;78.72;4584190;0
FLOT;D;20251204;000000;78.95;80.5;78.74;79.57;2509320;0
FLOT;D;20251205;000000;79.41;81.12;79.3;80.52;3722070;0
FLOT;D;20251208;000000;80.38;81.05;78.25;78.87;3177930;0
FLOT;D;20251209;000000;78.87;80.62;78.28;80.23;2417910;0
FLOT;D;20251210;000000;80.55;80.57;79.46;79.9;1812320;0
FLOT;D;20251211;000000;79.9;81.7;79.72;81.1;4793670;0
FLOT;D;20251212;000000;81.26;81.31;78.69;79.45;2014180;0
FLOT;D;20251215;000000;79.4;79.85;78.52;79.25;3162720;0
FLOT;D;20251216;000000;79.48;80.23;79.3;79.83;1506710;0
FLOT;D;20251217;000000;79.95;80.42;79.36;79.91;2099040;0
FLOT;D;20251218;000000;79.85;80.23;78.59;78.94;2754150;0
FLOT;D;20251219;000000;78.94;79.57;78;78.39;3423240;0
FLOT;D;20251222;000000;78.39;78.59;75.9;76.16;3233670;0
FLOT;D;20251223;000000;76.62;77.8;75.52;77.37;2649350;0
FLOT;D;20251224;000000;77.26;77.9;76.71;77.43;2132000;0
FLOT;D;20251225;000000;77.29;77.81;76.12;76.3;1157240;0
FLOT;D;20251226;000000;76.38;77.1;75.77;76.64;2805310;0
FLOT;D;20251229;000000;76.85;78.5;76.05;76.25;5666180;0
FLOT;D;20251230;000000;76.51;76.67;75.78;76.19;1556330;0
FLOT;D;20260105;000000;76;76;74.21;74.83;1664720;0
FLOT;D;20260106;000000;74.7;75.19;74.5;75;745930;0
FLOT;D;20260108;000000;73.59;74;72.27;73.24;4014410;0
FLOT;D;20260109;000000;73.55;74.5;73;74.25;1736250;0
FLOT;D;20260112;000000;74.25;74.97;73.3;73.89;2105230;0
FLOT;D;20260113;000000;73.7;74.4;72.77;73.9;2135500;0
FLOT;D;20260114;000000;73.83;74.65;73.13;73.5;1367860;0
FLOT;D;20260115;000000;73.35;74.72;73.22;74.64;1817780;0
FLOT;D;20260116;000000;74.64;75.4;74.28;74.99;1595150;0
FLOT;D;20260119;000000;75.13;75.47;74.44;74.58;1256410;0
FLOT;D;20260120;000000;74.44;75.68;74.01;75.58;2525350;0
FLOT;D;20260121;000000;75.6;76.85;74.8;76.77;1708910;0
FLOT;D;20260122;000000;76.77;77.44;75.95;76.48;2167990;0
FLOT;D;20260123;000000;76.48;78.29;74.7;77.7;2238860;0
FLOT;D;20260126;000000;77.7;78.48;76.5;77.98;3687520;0
FLOT;D;20260127;000000;77.9;79;77.37;78.75;1572920;0
FLOT;D;20260128;000000;78.75;79.7;78.3;79.36;2353410;0
FLOT;D;20260129;000000;79.41;81.12;79.4;80.62;3073420;0
FLOT;D;20260130;000000;80.62;81.01;78.6;79.25;2988350;0
FLOT;D;20260202;000000;79.12;79.9;78.1;78.51;2016220;0
FLOT;D;20260203;000000;78.67;78.73;78.02;78.46;1037930;0
FLOT;D;20260204;000000;78.35;79.96;78.1;78.47;2595130;0
FLOT;D;20260205;000000;78.47;78.85;77.64;78.55;2567860;0
FLOT;D;20260206;000000;78.45;78.75;76;76.41;2561050;0
FLOT;D;20260209;000000;76.5;77.56;74.56;75.28;1876410;0
FLOT;D;20260210;000000;75.6;75.71;73.9;74.6;1656420;0
FLOT;D;20260211;000000;74.55;77;74.42;76.87;2459510;0
FLOT;D;20260212;000000;76.84;77.27;76.06;76.96;1228430;0
FLOT;D;20260213;000000;77;77.76;76.25;77.72;1570550;0
FLOT;D;20260216;000000;77.72;78.14;76.08;76.66;2119280;0
FLOT;D;20260217;000000;76.87;76.93;75.52;75.68;1429880;0
FLOT;D;20260218;000000;75.95;76.36;75.18;76.29;1174710;0
FLOT;D;20260219;000000;76.3;76.65;76;76.28;847230;0
FLOT;D;20260220;000000;76.5;76.6;75.78;76.12;932070;0
FLOT;D;20260224;000000;76.09;77.01;75.36;75.56;1787000;0
FLOT;D;20260225;000000;75.6;76.19;75.5;76.1;838220;0
FLOT;D;20260226;000000;75.96;76.21;75.61;76.02;771420;0
FLOT;D;20260227;000000;76.09;76.95;75.98;76.32;1144710;0
FLOT;D;20260302;000000;76.79;79.23;76.41;78.4;8153070;0
FLOT;D;20260303;000000;78.38;79.99;77.52;77.92;6365480;0
FLOT;D;20260304;000000;77.82;78.71;76.58;76.75;3047960;0
FLOT;D;20260305;000000;76.54;79.49;76.5;79.13;2710770;0
FLOT;D;20260306;000000;79.13;85.85;79.01;85.29;52171200;0
FLOT;D;20260309;000000;87.5;91.71;83.9;84.21;23889150;0
FLOT;D;20260310;000000;84.48;87.2;82.75;86.37;15217580;0
FLOT;D;20260311;000000;86.37;89.66;84.14;87.85;16195910;0
FLOT;D;20260312;000000;88.77;90.31;87.75;89.3;17910180;0
FLOT;D;20260313;000000;89.8;90.68;88.06;90.59;20610020;0
FLOT;D;20260316;000000;90.59;91.39;88.22;89.24;17020880;0
FLOT;D;20260317;000000;89.2;90.5;88.5;89.62;8280550;0
FLOT;D;20260318;000000;89.8;92.75;88.43;92.06;15606910;0
FLOT;D;20260319;000000;92.11;94;91.02;92.33;17941800;0
FLOT;D;20260320;000000;92.33;92.78;90;91.4;7632410;0
FLOT;D;20260323;000000;91.4;91.45;86.58;88.91;14320190;0
FLOT;D;20260324;000000;88.91;89.44;87;87.17;2996470;0
FLOT;D;20260325;000000;87.17;87.26;85.62;86.29;3321050;0
FLOT;D;20260326;000000;86.32;86.86;84.46;84.87;3157140;0
FLOT;D;20260327;000000;85.06;88.49;84.2;85.1;14306760;0
FLOT;D;20260330;000000;85.77;86.35;82.8;83.24;4816440;0
FLOT;D;20260331;000000;83.24;85.4;81.65;85.25;14651900;0
FLOT;D;20260401;000000;85.5;87.8;83.53;84.82;10493730;0
FLOT;D;20260402;000000;85.09;85.88;83.2;83.64;5617770;0
FLOT;D;20260403;000000;83.64;86.13;83.22;85.96;4012800;0
FLOT;D;20260406;000000;85.7;86.7;83.8;85.06;4697170;0
FLOT;D;20260407;000000;85.25;87.36;85.23;86.16;6616210;0
FLOT;D;20260408;000000;84.5;85.78;83.5;85.37;7318440;0
FLOT;D;20260409;000000;85.68;87.2;83.4;84.1;6069790;0
FLOT;D;20260410;000000;84.24;84.54;82.32;82.81;2888650;0
FLOT;D;20260413;000000;82.66;85.74;82.45;83.72;5235450;0
FLOT;D;20260414;000000;83.88;83.88;81.86;82.2;3691390;0
FLOT;D;20260415;000000;82.41;82.48;81.07;82.19;2608340;0
FLOT;D;20260416;000000;82.19;83.97;81.7;83.34;3393120;0
FLOT;D;20260417;000000;83.64;83.66;82.6;82.9;4958540;0
FLOT;D;20260420;000000;83.36;83.99;82.12;83.09;2635090;0
FLOT;D;20260421;000000;83.4;83.79;81.89;83.36;2305170;0
FLOT;D;20260422;000000;83.36;83.66;82.27;83.09;2662270;0
FLOT;D;20260423;000000;82.86;83.96;82.85;83.42;1510900;0
FLOT;D;20260424;000000;83.5;84.45;82.06;82.41;2772170;0
FLOT;D;20260427;000000;82.5;82.72;80.55;81.52;3082270;0
FLOT;D;20260428;000000;81.39;81.73;79.09;79.45;2010170;0
FLOT;D;20260429;000000;79.4;80.34;77.81;79.75;2125370;0
FLOT;D;20260430;000000;79.77;80.19;78.44;80;1662600;0
FLOT;D;20260504;000000;79.65;81.69;78.58;81.42;3251800;0
FLOT;D;20260505;000000;81.4;81.4;79.32;81.22;2689800;0
FLOT;D;20260506;000000;81.06;81.29;78.4;78.5;2147130;0
FLOT;D;20260507;000000;78.6;79.4;78;78;1655960;0
FLOT;D;20260508;000000;78;78.44;77;78.05;1174550;0
FLOT;D;20260511;000000;78.14;79;78.14;78.5;417260;0
FLOT;D;20260512;000000;78.35;80.49;78.15;80.42;1760750;0
FLOT;D;20260513;000000;80.43;80.73;78.46;78.99;1141530;0
FLOT;D;20260514;000000;78.85;80.34;78.4;79.68;2337120;0
FLOT;D;20260515;000000;79.68;80.98;78.42;79.42;2465110;0
FLOT;D;20260518;000000;79.03;80.9;78.42;80.69;1973550;0
FLOT;D;20260519;000000;80.49;80.68;79.12;79.9;2054200;0
FLOT;D;20260520;000000;79.84;80.95;79.12;80.26;3500010;0
FLOT;D;20260521;000000;80.26;83.15;79.5;82.05;9720890;0
FLOT;D;20260522;000000;81.95;83.72;81.94;83.21;6794950;0
