<TICKER>;<PER>;<DATE>;<TIME>;<OPEN>;<HIGH>;<LOW>;<CLOSE>;<VOL>;<OPENINT>
GOLD ETF;D;20220725;000000;0.8318;0.856;0.8317;0.8491;60681240;0
GOLD ETF;D;20220726;000000;0.8525;0.8798;0.841;0.8798;22391304;0
GOLD ETF;D;20220727;000000;0.879;0.8888;0.8563;0.8729;30844839;0
GOLD ETF;D;20220728;000000;0.8731;0.894;0.8731;0.8933;97933201;0
GOLD ETF;D;20220729;000000;0.894;0.9203;0.8933;0.915;175117141;0
GOLD ETF;D;20220801;000000;0.915;0.9268;0.88;0.8896;84615700;0
GOLD ETF;D;20220802;000000;0.8832;0.9;0.8804;0.8947;39864044;0
GOLD ETF;D;20220803;000000;0.89;0.8941;0.8806;0.8826;69175094;0
GOLD ETF;D;20220804;000000;0.8837;0.901;0.8837;0.8999;105393063;0
GOLD ETF;D;20220805;000000;0.9;0.91;0.8966;0.903;35642126;0
GOLD ETF;D;20220808;000000;0.9029;0.9099;0.8925;0.908;49784788;0
GOLD ETF;D;20220809;000000;0.9075;0.9136;0.9002;0.9059;18004126;0
GOLD ETF;D;20220810;000000;0.8975;0.9156;0.897;0.9137;28532652;0
GOLD ETF;D;20220811;000000;0.9114;0.9132;0.9054;0.9097;24394987;0
GOLD ETF;D;20220812;000000;0.9097;0.9168;0.9034;0.9111;26594854;0
GOLD ETF;D;20220815;000000;0.9103;0.9214;0.9103;0.914;41867931;0
GOLD ETF;D;20220816;000000;0.9162;0.9185;0.905;0.9104;28192855;0
GOLD ETF;D;20220817;000000;0.9109;0.9122;0.8921;0.8964;27292811;0
GOLD ETF;D;20220818;000000;0.8973;0.904;0.8778;0.8868;55273705;0
GOLD ETF;D;20220819;000000;0.887;0.8894;0.866;0.878;33252320;0
GOLD ETF;D;20220822;000000;0.8775;0.883;0.8602;0.8657;38599974;0
GOLD ETF;D;20220823;000000;0.8632;0.876;0.8632;0.8759;24969016;0
GOLD ETF;D;20220824;000000;0.8755;0.8851;0.8722;0.88;16243709;0
GOLD ETF;D;20220825;000000;0.883;0.8934;0.8796;0.8857;29363142;0
GOLD ETF;D;20220826;000000;0.886;0.8908;0.8821;0.8884;14348186;0
GOLD ETF;D;20220829;000000;0.885;0.8885;0.8721;0.8855;40022670;0
GOLD ETF;D;20220830;000000;0.8855;0.8901;0.8775;0.8797;26670218;0
GOLD ETF;D;20220831;000000;0.8776;0.89;0.8644;0.8753;34350896;0
GOLD ETF;D;20220901;000000;0.874;0.8773;0.8617;0.8647;45111058;0
GOLD ETF;D;20220902;000000;0.866;0.8802;0.8654;0.8791;62256734;0
GOLD ETF;D;20220905;000000;0.8751;0.8923;0.875;0.8828;36578398;0
GOLD ETF;D;20220906;000000;0.8835;0.886;0.8766;0.8818;45734186;0
GOLD ETF;D;20220907;000000;0.8826;0.8854;0.8772;0.8787;38468742;0
GOLD ETF;D;20220908;000000;0.8803;0.8843;0.877;0.8779;22605652;0
GOLD ETF;D;20220909;000000;0.8778;0.8811;0.8717;0.8735;24604336;0
GOLD ETF;D;20220912;000000;0.877;0.8812;0.8735;0.879;12241521;0
GOLD ETF;D;20220913;000000;0.8809;0.8836;0.8642;0.8675;43397642;0
GOLD ETF;D;20220914;000000;0.8685;0.8685;0.855;0.8575;42178404;0
GOLD ETF;D;20220915;000000;0.8576;0.8576;0.8432;0.8487;64576934;0
GOLD ETF;D;20220916;000000;0.8473;0.8487;0.8341;0.8419;97583916;0
GOLD ETF;D;20220919;000000;0.84;0.8482;0.8391;0.8422;19559727;0
GOLD ETF;D;20220920;000000;0.8422;0.8509;0.8389;0.8454;56926690;0
GOLD ETF;D;20220921;000000;0.8484;0.8757;0.8391;0.849;56155507;0
GOLD ETF;D;20220922;000000;0.8451;0.8499;0.8286;0.8358;59800644;0
GOLD ETF;D;20220923;000000;0.8357;0.838;0.793;0.814;79611220;0
GOLD ETF;D;20220926;000000;0.814;0.815;0.7961;0.7986;126134917;0
GOLD ETF;D;20220927;000000;0.7986;0.8138;0.7925;0.807;15918556;0
GOLD ETF;D;20220928;000000;0.8095;0.813;0.7991;0.808;21924798;0
GOLD ETF;D;20220929;000000;0.8018;0.8147;0.793;0.8011;49773912;0
GOLD ETF;D;20220930;000000;0.7961;0.82;0.7651;0.8107;100179513;0
GOLD ETF;D;20221003;000000;0.81;0.8416;0.7948;0.8366;38223709;0
GOLD ETF;D;20221004;000000;0.844;0.8557;0.8301;0.8505;37708433;0
GOLD ETF;D;20221005;000000;0.85;0.8639;0.838;0.8611;24989642;0
GOLD ETF;D;20221006;000000;0.8618;0.8684;0.8604;0.8675;21122851;0
GOLD ETF;D;20221007;000000;0.8675;0.89;0.8615;0.8774;127323656;0
GOLD ETF;D;20221010;000000;0.8774;0.8845;0.8681;0.8745;59898660;0
GOLD ETF;D;20221011;000000;0.8805;0.894;0.8754;0.8846;32149823;0
GOLD ETF;D;20221012;000000;0.8878;0.9;0.8725;0.8785;19994664;0
GOLD ETF;D;20221013;000000;0.8779;0.8779;0.8601;0.8671;14579852;0
GOLD ETF;D;20221014;000000;0.8671;0.8778;0.85;0.8516;23747598;0
GOLD ETF;D;20221017;000000;0.8518;0.8554;0.8417;0.8461;15408986;0
GOLD ETF;D;20221018;000000;0.8406;0.8514;0.8406;0.8499;10460441;0
GOLD ETF;D;20221019;000000;0.8497;0.85;0.833;0.8439;10063317;0
GOLD ETF;D;20221020;000000;0.842;0.8451;0.8375;0.8392;10601135;0
GOLD ETF;D;20221021;000000;0.8392;0.8416;0.8322;0.8391;31762555;0
GOLD ETF;D;20221024;000000;0.8391;0.851;0.8366;0.8487;10698610;0
GOLD ETF;D;20221025;000000;0.8478;0.8611;0.84;0.859;33843147;0
GOLD ETF;D;20221026;000000;0.86;0.8758;0.86;0.8725;73189806;0
GOLD ETF;D;20221027;000000;0.8697;0.872;0.8609;0.8664;62374320;0
GOLD ETF;D;20221028;000000;0.8636;0.8654;0.8585;0.8601;44393931;0
GOLD ETF;D;20221031;000000;0.8601;0.862;0.8515;0.8528;9051762;0
GOLD ETF;D;20221101;000000;0.8537;0.858;0.8503;0.855;9488555;0
GOLD ETF;D;20221102;000000;0.8574;0.8599;0.8495;0.8499;11700132;0
GOLD ETF;D;20221103;000000;0.8501;0.8569;0.84;0.8436;35212279;0
GOLD ETF;D;20221107;000000;0.8525;0.8616;0.8504;0.857;31589794;0
GOLD ETF;D;20221108;000000;0.857;0.8759;0.8481;0.8684;29232170;0
GOLD ETF;D;20221109;000000;0.87;0.8777;0.8667;0.872;21199041;0
GOLD ETF;D;20221110;000000;0.8738;0.8855;0.863;0.8811;52072793;0
GOLD ETF;D;20221111;000000;0.8802;0.886;0.8721;0.8774;59834867;0
GOLD ETF;D;20221114;000000;0.8709;0.8849;0.8703;0.8826;58962637;0
GOLD ETF;D;20221115;000000;0.8826;0.884;0.8721;0.8762;39989652;0
GOLD ETF;D;20221116;000000;0.8736;0.8838;0.8735;0.8767;32521230;0
GOLD ETF;D;20221117;000000;0.8795;0.8795;0.8701;0.8755;12574241;0
GOLD ETF;D;20221118;000000;0.8755;0.8778;0.8706;0.8734;10603251;0
GOLD ETF;D;20221121;000000;0.8732;0.8738;0.862;0.8635;13114865;0
GOLD ETF;D;20221122;000000;0.865;0.8799;0.864;0.8694;5883958;0
GOLD ETF;D;20221123;000000;0.8704;0.883;0.8683;0.8754;5564175;0
GOLD ETF;D;20221124;000000;0.8754;0.883;0.8704;0.8781;7496587;0
GOLD ETF;D;20221125;000000;0.8772;0.8809;0.8702;0.8767;9650568;0
GOLD ETF;D;20221128;000000;0.8765;0.8825;0.872;0.8794;26263088;0
GOLD ETF;D;20221129;000000;0.8783;0.8898;0.8783;0.882;8870511;0
GOLD ETF;D;20221130;000000;0.885;0.9;0.8772;0.8893;10754885;0
GOLD ETF;D;20221201;000000;0.895;0.9263;0.8919;0.9179;50818731;0
GOLD ETF;D;20221202;000000;0.919;0.932;0.9062;0.9224;48857701;0
GOLD ETF;D;20221205;000000;0.9252;0.9388;0.9145;0.915;30861259;0
GOLD ETF;D;20221206;000000;0.9175;0.935;0.917;0.9216;30846182;0
GOLD ETF;D;20221207;000000;0.9216;0.9298;0.9171;0.928;12933689;0
GOLD ETF;D;20221208;000000;0.9291;0.9299;0.9196;0.9258;10873892;0
GOLD ETF;D;20221209;000000;0.9295;0.932;0.9231;0.9295;17782675;0
GOLD ETF;D;20221212;000000;0.9295;0.932;0.9226;0.9259;21900445;0
GOLD ETF;D;20221213;000000;0.927;0.9499;0.9228;0.939;46212071;0
GOLD ETF;D;20221214;000000;0.9393;0.9704;0.9393;0.9611;41829779;0
GOLD ETF;D;20221215;000000;0.962;0.9698;0.938;0.9417;33159334;0
GOLD ETF;D;20221216;000000;0.9388;0.961;0.9382;0.9505;30725080;0
GOLD ETF;D;20221219;000000;0.9534;1.0187;0.9509;0.9976;88283806;0
GOLD ETF;D;20221220;000000;0.9944;1.0255;0.9944;1.019;50299750;0
GOLD ETF;D;20221221;000000;1.0285;1.053;1.0258;1.0528;38130418;0
GOLD ETF;D;20221222;000000;1.0551;1.0703;0.9979;1.0109;134225770;0
GOLD ETF;D;20221223;000000;1.0414;1.046;0.9918;1.0348;33580757;0
GOLD ETF;D;20221226;000000;1.0428;1.0428;1.011;1.0344;17136257;0
GOLD ETF;D;20221227;000000;1.0289;1.052;1.025;1.0496;21481072;0
GOLD ETF;D;20221228;000000;1.0496;1.0636;1.0492;1.0563;15824735;0
GOLD ETF;D;20221229;000000;1.0566;1.0649;1.04;1.0618;19727623;0
GOLD ETF;D;20221230;000000;1.063;1.063;1.04;1.0436;19978043;0
GOLD ETF;D;20230104;000000;1.0709;1.095;1.07;1.0945;37555833;0
GOLD ETF;D;20230105;000000;1.094;1.0999;1.0836;1.0972;22474639;0
GOLD ETF;D;20230106;000000;1.0972;1.1186;1.088;1.111;31280634;0
GOLD ETF;D;20230109;000000;1.1096;1.1145;1.08;1.0964;43208250;0
GOLD ETF;D;20230110;000000;1.0964;1.1041;1.086;1.0993;22540800;0
GOLD ETF;D;20230111;000000;1.1;1.1056;1.0626;1.0831;39713080;0
GOLD ETF;D;20230112;000000;1.0821;1.0822;1.0531;1.0727;23616708;0
GOLD ETF;D;20230113;000000;1.0727;1.099;1.0661;1.0924;25939259;0
GOLD ETF;D;20230116;000000;1.095;1.096;1.0768;1.09;17750813;0
GOLD ETF;D;20230117;000000;1.09;1.1071;1.0801;1.0951;23485287;0
GOLD ETF;D;20230118;000000;1.0951;1.1;1.0851;1.0973;20939247;0
GOLD ETF;D;20230119;000000;1.1;1.1059;1.0965;1.1048;12687619;0
GOLD ETF;D;20230120;000000;1.1048;1.1187;1.1002;1.1108;20372703;0
GOLD ETF;D;20230123;000000;1.1074;1.111;1.1;1.105;19427515;0
GOLD ETF;D;20230124;000000;1.1071;1.1159;1.1034;1.1102;13066203;0
GOLD ETF;D;20230125;000000;1.1084;1.1186;1.1024;1.117;25196989;0
GOLD ETF;D;20230126;000000;1.12;1.1211;1.111;1.1151;13046174;0
GOLD ETF;D;20230127;000000;1.1123;1.1208;1.1052;1.1128;30804951;0
GOLD ETF;D;20230130;000000;1.1161;1.1229;1.108;1.1197;37351956;0
GOLD ETF;D;20230131;000000;1.1184;1.1219;1.1096;1.1173;17539205;0
GOLD ETF;D;20230201;000000;1.1355;1.1356;1.1176;1.135;22472921;0
GOLD ETF;D;20230202;000000;1.135;1.1388;1.1229;1.1274;22289106;0
GOLD ETF;D;20230203;000000;1.1271;1.1289;1.101;1.1059;37860172;0
GOLD ETF;D;20230206;000000;1.0921;1.1112;1.0921;1.105;19537890;0
GOLD ETF;D;20230207;000000;1.1082;1.1161;1.1041;1.1098;17907846;0
GOLD ETF;D;20230208;000000;1.1103;1.1338;1.1103;1.1298;26346151;0
GOLD ETF;D;20230209;000000;1.1367;1.145;1.127;1.1272;32661942;0
GOLD ETF;D;20230210;000000;1.127;1.1398;1.1225;1.1365;14591996;0
GOLD ETF;D;20230213;000000;1.1331;1.1459;1.1309;1.1431;16927367;0
GOLD ETF;D;20230214;000000;1.1434;1.15;1.1378;1.1462;26937616;0
GOLD ETF;D;20230215;000000;1.1415;1.1465;1.1354;1.1402;48880503;0
GOLD ETF;D;20230216;000000;1.139;1.1463;1.137;1.1454;9867820;0
GOLD ETF;D;20230217;000000;1.1485;1.1485;1.1255;1.1355;16053012;0
GOLD ETF;D;20230220;000000;1.1275;1.1463;1.1262;1.1357;18697591;0
GOLD ETF;D;20230221;000000;1.1357;1.1479;1.127;1.1408;24996537;0
GOLD ETF;D;20230222;000000;1.1408;1.1419;1.1332;1.1378;8336625;0
GOLD ETF;D;20230224;000000;1.141;1.1473;1.1334;1.141;14397894;0
GOLD ETF;D;20230227;000000;1.1293;1.1479;1.1265;1.1347;21736702;0
GOLD ETF;D;20230228;000000;1.1171;1.144;1.117;1.1366;19072725;0
GOLD ETF;D;20230301;000000;1.1441;1.1499;1.1362;1.145;17901464;0
GOLD ETF;D;20230302;000000;1.1461;1.1554;1.1431;1.15;15093219;0
GOLD ETF;D;20230303;000000;1.152;1.1655;1.151;1.162;23814809;0
GOLD ETF;D;20230306;000000;1.1593;1.1675;1.1592;1.164;13194582;0
GOLD ETF;D;20230307;000000;1.1621;1.1667;1.1501;1.1546;16895953;0
GOLD ETF;D;20230309;000000;1.1587;1.1655;1.1421;1.1584;19475669;0
GOLD ETF;D;20230310;000000;1.1615;1.17;1.1522;1.1695;27402977;0
GOLD ETF;D;20230313;000000;1.171;1.1996;1.1699;1.1959;51117369;0
GOLD ETF;D;20230314;000000;1.1959;1.198;1.185;1.1906;48792022;0
GOLD ETF;D;20230315;000000;1.1929;1.225;1.1835;1.2112;40603774;0
GOLD ETF;D;20230316;000000;1.2141;1.2398;1.2112;1.2249;27613377;0
GOLD ETF;D;20230317;000000;1.2389;1.2599;1.227;1.2573;41277563;0
GOLD ETF;D;20230320;000000;1.2602;1.295;1.2533;1.2725;71040034;0
GOLD ETF;D;20230321;000000;1.272;1.2749;1.2345;1.2406;41491567;0
GOLD ETF;D;20230322;000000;1.2444;1.2724;1.2338;1.265;38511162;0
GOLD ETF;D;20230323;000000;1.2735;1.275;1.238;1.2537;60139782;0
GOLD ETF;D;20230324;000000;1.2511;1.2747;1.2467;1.2665;51053775;0
GOLD ETF;D;20230327;000000;1.264;1.2682;1.2508;1.2622;26391854;0
GOLD ETF;D;20230328;000000;1.2599;1.2649;1.2483;1.264;19062472;0
GOLD ETF;D;20230329;000000;1.2585;1.2719;1.2522;1.2648;9917758;0
GOLD ETF;D;20230330;000000;1.2657;1.2719;1.2636;1.266;9793651;0
GOLD ETF;D;20230331;000000;1.2661;1.2998;1.2606;1.2803;48936749;0
GOLD ETF;D;20230403;000000;1.2679;1.2968;1.2664;1.2902;56982639;0
GOLD ETF;D;20230404;000000;1.2941;1.3262;1.2902;1.322;52177454;0
GOLD ETF;D;20230405;000000;1.3229;1.342;1.3168;1.3347;34148535;0
GOLD ETF;D;20230406;000000;1.3373;1.3678;1.332;1.3625;39272442;0
GOLD ETF;D;20230407;000000;1.3692;1.387;1.3322;1.3452;139154080;0
GOLD ETF;D;20230410;000000;1.3488;1.3626;1.32;1.3349;87928215;0
GOLD ETF;D;20230411;000000;1.355;1.358;1.339;1.3527;24014628;0
GOLD ETF;D;20230412;000000;1.3605;1.3759;1.3555;1.3646;24278566;0
GOLD ETF;D;20230413;000000;1.3747;1.3747;1.3539;1.3674;25478798;0
GOLD ETF;D;20230414;000000;1.3602;1.3674;1.3508;1.3569;55482621;0
GOLD ETF;D;20230417;000000;1.3588;1.3635;1.3373;1.3426;29904784;0
GOLD ETF;D;20230418;000000;1.3499;1.3499;1.3417;1.3463;11430607;0
GOLD ETF;D;20230419;000000;1.3463;1.3469;1.3248;1.3423;21620434;0
GOLD ETF;D;20230420;000000;1.3423;1.3579;1.3391;1.3475;13312673;0
GOLD ETF;D;20230421;000000;1.3443;1.3507;1.3337;1.3412;19241990;0
GOLD ETF;D;20230424;000000;1.341;1.3432;1.325;1.33;15477011;0
GOLD ETF;D;20230425;000000;1.3303;1.3475;1.3303;1.3446;16778179;0
GOLD ETF;D;20230426;000000;1.342;1.3495;1.34;1.3446;9285717;0
GOLD ETF;D;20230427;000000;1.3541;1.3541;1.3367;1.3424;15908769;0
GOLD ETF;D;20230428;000000;1.3424;1.3489;1.3003;1.3283;32251456;0
GOLD ETF;D;20230502;000000;1.3283;1.3389;1.3067;1.3334;26210601;0
GOLD ETF;D;20230503;000000;1.339;1.34;1.316;1.3305;11987555;0
GOLD ETF;D;20230504;000000;1.3306;1.3398;1.3202;1.3369;12717202;0
GOLD ETF;D;20230505;000000;1.338;1.339;1.2991;1.3157;36186085;0
GOLD ETF;D;20230508;000000;1.3157;1.3248;1.2951;1.3211;12643926;0
GOLD ETF;D;20230510;000000;1.3211;1.323;1.2891;1.3019;31966652;0
GOLD ETF;D;20230511;000000;1.3009;1.31;1.283;1.3068;32006009;0
GOLD ETF;D;20230512;000000;1.3015;1.308;1.284;1.3053;10708254;0
GOLD ETF;D;20230515;000000;1.3062;1.3283;1.3062;1.3219;22309043;0
GOLD ETF;D;20230516;000000;1.3225;1.335;1.3185;1.324;27494298;0
GOLD ETF;D;20230517;000000;1.3245;1.334;1.3095;1.3135;18533148;0
GOLD ETF;D;20230518;000000;1.318;1.32;1.2975;1.305;15610642;0
GOLD ETF;D;20230519;000000;1.312;1.314;1.2975;1.3075;17035622;0
GOLD ETF;D;20230522;000000;1.307;1.3085;1.299;1.3025;14863427;0
GOLD ETF;D;20230523;000000;1.3015;1.306;1.292;1.3055;19986407;0
GOLD ETF;D;20230524;000000;1.3055;1.3115;1.298;1.304;20358330;0
GOLD ETF;D;20230525;000000;1.299;1.304;1.2855;1.289;11253481;0
GOLD ETF;D;20230526;000000;1.2895;1.2965;1.2835;1.285;14009510;0
GOLD ETF;D;20230529;000000;1.2885;1.3005;1.283;1.295;14045447;0
GOLD ETF;D;20230530;000000;1.295;1.32;1.288;1.3145;21619837;0
GOLD ETF;D;20230531;000000;1.3145;1.3245;1.3045;1.3175;9819206;0
GOLD ETF;D;20230601;000000;1.31;1.3245;1.308;1.3155;9528057;0
GOLD ETF;D;20230602;000000;1.3115;1.3285;1.3115;1.318;16394778;0
GOLD ETF;D;20230605;000000;1.318;1.325;1.2925;1.3145;15598819;0
GOLD ETF;D;20230606;000000;1.3145;1.3255;1.3115;1.3225;18374810;0
GOLD ETF;D;20230607;000000;1.3215;1.328;1.3145;1.322;7305042;0
GOLD ETF;D;20230608;000000;1.325;1.342;1.3165;1.339;13959121;0
GOLD ETF;D;20230609;000000;1.339;1.3465;1.321;1.337;19867767;0
GOLD ETF;D;20230613;000000;1.3385;1.3565;1.338;1.3515;24901846;0
GOLD ETF;D;20230614;000000;1.3575;1.36;1.3455;1.351;13832020;0
GOLD ETF;D;20230615;000000;1.347;1.35;1.3305;1.344;22128194;0
GOLD ETF;D;20230616;000000;1.347;1.362;1.343;1.3555;11724280;0
GOLD ETF;D;20230619;000000;1.352;1.361;1.3455;1.3475;15651748;0
GOLD ETF;D;20230620;000000;1.3495;1.36;1.3495;1.3575;13216882;0
GOLD ETF;D;20230621;000000;1.357;1.358;1.34;1.3445;15054752;0
GOLD ETF;D;20230622;000000;1.3455;1.348;1.33;1.3365;16338488;0
GOLD ETF;D;20230623;000000;1.336;1.354;1.327;1.348;28270458;0
GOLD ETF;D;20230626;000000;1.3545;1.3575;1.3365;1.3465;18076115;0
GOLD ETF;D;20230627;000000;1.346;1.352;1.338;1.3435;5931019;0
GOLD ETF;D;20230628;000000;1.3435;1.357;1.3415;1.354;15696798;0
GOLD ETF;D;20230629;000000;1.354;1.3665;1.3155;1.3645;58902713;0
GOLD ETF;D;20230630;000000;1.37;1.4045;1.366;1.389;83241296;0
GOLD ETF;D;20230703;000000;1.3845;1.4;1.38;1.3855;22460086;0
GOLD ETF;D;20230704;000000;1.387;1.4285;1.3825;1.406;30012492;0
GOLD ETF;D;20230705;000000;1.414;1.44;1.409;1.4345;23259855;0
GOLD ETF;D;20230706;000000;1.45;1.465;1.413;1.4385;96667820;0
GOLD ETF;D;20230707;000000;1.441;1.441;1.4275;1.44;12398535;0
GOLD ETF;D;20230710;000000;1.4475;1.45;1.4145;1.417;22726024;0
GOLD ETF;D;20230711;000000;1.426;1.435;1.4155;1.428;23032502;0
GOLD ETF;D;20230712;000000;1.4345;1.4405;1.425;1.44;22909130;0
GOLD ETF;D;20230713;000000;1.445;1.453;1.4385;1.446;22585265;0
GOLD ETF;D;20230714;000000;1.446;1.45;1.435;1.447;17199136;0
GOLD ETF;D;20230717;000000;1.447;1.461;1.4435;1.46;49823977;0
GOLD ETF;D;20230718;000000;1.464;1.4835;1.4545;1.482;14008347;0
GOLD ETF;D;20230719;000000;1.49;1.4985;1.4735;1.4975;18941866;0
GOLD ETF;D;20230720;000000;1.489;1.5005;1.4585;1.4675;33911259;0
GOLD ETF;D;20230721;000000;1.4765;1.4795;1.4615;1.47;19186362;0
GOLD ETF;D;20230724;000000;1.47;1.4785;1.4625;1.4655;14507931;0
GOLD ETF;D;20230725;000000;1.465;1.468;1.4505;1.462;28768232;0
GOLD ETF;D;20230726;000000;1.462;1.4765;1.46;1.4695;14151419;0
GOLD ETF;D;20230727;000000;1.4775;1.478;1.4615;1.4665;16840772;0
GOLD ETF;D;20230728;000000;1.468;1.4845;1.462;1.4835;22170281;0
GOLD ETF;D;20230731;000000;1.4845;1.489;1.4755;1.486;17576845;0
GOLD ETF;D;20230801;000000;1.4885;1.496;1.48;1.4935;15465208;0
GOLD ETF;D;20230802;000000;1.4935;1.52;1.4895;1.5175;34860455;0
GOLD ETF;D;20230803;000000;1.514;1.522;1.502;1.52;21147527;0
GOLD ETF;D;20230804;000000;1.52;1.5485;1.51;1.54;35323922;0
GOLD ETF;D;20230807;000000;1.54;1.5585;1.518;1.531;54327855;0
GOLD ETF;D;20230808;000000;1.5345;1.555;1.5255;1.554;26211962;0
GOLD ETF;D;20230809;000000;1.555;1.5615;1.541;1.5505;25938754;0
GOLD ETF;D;20230810;000000;1.5545;1.557;1.538;1.5455;14237328;0
GOLD ETF;D;20230811;000000;1.5525;1.584;1.547;1.5775;24657098;0
GOLD ETF;D;20230814;000000;1.6;1.6145;1.5255;1.535;57174475;0
GOLD ETF;D;20230815;000000;1.522;1.5555;1.48;1.519;59801035;0
GOLD ETF;D;20230816;000000;1.519;1.5255;1.4645;1.468;44146125;0
GOLD ETF;D;20230817;000000;1.4755;1.5045;1.4415;1.4785;25102740;0
GOLD ETF;D;20230818;000000;1.48;1.482;1.4505;1.4705;14019272;0
GOLD ETF;D;20230821;000000;1.474;1.492;1.4505;1.475;41451988;0
GOLD ETF;D;20230822;000000;1.478;1.492;1.4675;1.492;22441197;0
GOLD ETF;D;20230823;000000;1.492;1.5185;1.473;1.508;37162098;0
GOLD ETF;D;20230824;000000;1.52;1.52;1.4795;1.4995;19203852;0
GOLD ETF;D;20230825;000000;1.503;1.515;1.498;1.5135;18714345;0
GOLD ETF;D;20230828;000000;1.5155;1.5255;1.496;1.5125;19084825;0
GOLD ETF;D;20230829;000000;1.5195;1.528;1.511;1.528;14174853;0
GOLD ETF;D;20230830;000000;1.53;1.552;1.521;1.551;21630605;0
GOLD ETF;D;20230831;000000;1.5535;1.5545;1.53;1.543;23205240;0
GOLD ETF;D;20230901;000000;1.5445;1.5505;1.533;1.5465;16579257;0
GOLD ETF;D;20230904;000000;1.548;1.559;1.543;1.548;13753345;0
GOLD ETF;D;20230905;000000;1.549;1.567;1.549;1.5605;24805242;0
GOLD ETF;D;20230906;000000;1.5595;1.5665;1.549;1.5565;12300612;0
GOLD ETF;D;20230907;000000;1.5565;1.5685;1.544;1.5605;15980277;0
GOLD ETF;D;20230908;000000;1.561;1.5685;1.541;1.5475;20777815;0
GOLD ETF;D;20230911;000000;1.5435;1.5435;1.4995;1.5025;31956266;0
GOLD ETF;D;20230912;000000;1.4915;1.51;1.4805;1.494;27811795;0
GOLD ETF;D;20230913;000000;1.4985;1.5195;1.4925;1.514;14960571;0
GOLD ETF;D;20230914;000000;1.514;1.5405;1.501;1.5255;16037106;0
GOLD ETF;D;20230915;000000;1.526;1.546;1.5185;1.537;16525487;0
GOLD ETF;D;20230918;000000;1.538;1.548;1.5245;1.5365;16993274;0
GOLD ETF;D;20230919;000000;1.5345;1.5365;1.5185;1.532;15752320;0
GOLD ETF;D;20230920;000000;1.53;1.54;1.522;1.5295;24691723;0
GOLD ETF;D;20230921;000000;1.5425;1.544;1.508;1.5135;14181249;0
GOLD ETF;D;20230922;000000;1.5235;1.528;1.514;1.5215;11594898;0
GOLD ETF;D;20230925;000000;1.5205;1.527;1.5155;1.5185;10916341;0
GOLD ETF;D;20230926;000000;1.52;1.522;1.5105;1.5185;22549045;0
GOLD ETF;D;20230927;000000;1.5205;1.5205;1.5055;1.511;22206239;0
GOLD ETF;D;20230928;000000;1.5105;1.5115;1.481;1.4915;79538780;0
GOLD ETF;D;20230929;000000;1.49;1.4995;1.4745;1.493;28588469;0
GOLD ETF;D;20231002;000000;1.493;1.5045;1.48;1.49;13552926;0
GOLD ETF;D;20231003;000000;1.4905;1.492;1.4805;1.488;11319644;0
GOLD ETF;D;20231004;000000;1.488;1.4915;1.48;1.488;10193285;0
GOLD ETF;D;20231005;000000;1.488;1.4995;1.4835;1.4995;11782785;0
GOLD ETF;D;20231006;000000;1.504;1.513;1.491;1.5105;16734541;0
GOLD ETF;D;20231009;000000;1.515;1.55;1.5005;1.52;37401723;0
GOLD ETF;D;20231010;000000;1.5215;1.5415;1.5155;1.536;30120545;0
GOLD ETF;D;20231011;000000;1.541;1.55;1.4955;1.502;50480117;0
GOLD ETF;D;20231012;000000;1.497;1.5245;1.4905;1.5115;83331478;0
GOLD ETF;D;20231013;000000;1.516;1.5505;1.5085;1.5485;68168436;0
GOLD ETF;D;20231016;000000;1.5485;1.553;1.5315;1.5485;20335884;0
GOLD ETF;D;20231017;000000;1.5485;1.554;1.5405;1.5515;15873440;0
GOLD ETF;D;20231018;000000;1.555;1.576;1.551;1.571;28264730;0
GOLD ETF;D;20231019;000000;1.5705;1.575;1.5515;1.5725;21715456;0
GOLD ETF;D;20231020;000000;1.5705;1.5775;1.5545;1.5615;21884763;0
GOLD ETF;D;20231023;000000;1.554;1.561;1.5355;1.5455;22078522;0
GOLD ETF;D;20231024;000000;1.5445;1.5445;1.508;1.518;22366688;0
GOLD ETF;D;20231025;000000;1.519;1.5315;1.5125;1.53;17305920;0
GOLD ETF;D;20231026;000000;1.5415;1.544;1.5205;1.5405;21711442;0
GOLD ETF;D;20231027;000000;1.5415;1.572;1.5105;1.5645;22131098;0
GOLD ETF;D;20231030;000000;1.5575;1.558;1.532;1.5365;16073956;0
GOLD ETF;D;20231031;000000;1.5265;1.5525;1.52;1.541;22822388;0
GOLD ETF;D;20231101;000000;1.5355;1.5405;1.52;1.525;14365696;0
GOLD ETF;D;20231102;000000;1.532;1.54;1.529;1.5385;9668042;0
GOLD ETF;D;20231103;000000;1.5385;1.5465;1.522;1.527;12304463;0
GOLD ETF;D;20231106;000000;1.525;1.526;1.5115;1.516;13966845;0
GOLD ETF;D;20231107;000000;1.5165;1.5165;1.5;1.5055;21016323;0
GOLD ETF;D;20231108;000000;1.5055;1.509;1.48;1.48;26643020;0
GOLD ETF;D;20231109;000000;1.489;1.5035;1.4795;1.496;14313574;0
GOLD ETF;D;20231110;000000;1.496;1.498;1.487;1.4915;12371511;0
GOLD ETF;D;20231113;000000;1.4915;1.4925;1.4635;1.48;16161411;0
GOLD ETF;D;20231114;000000;1.4795;1.482;1.467;1.4795;22270504;0
GOLD ETF;D;20231115;000000;1.4795;1.4795;1.452;1.4545;32242910;0
GOLD ETF;D;20231116;000000;1.459;1.465;1.4505;1.4625;19281838;0
GOLD ETF;D;20231117;000000;1.463;1.478;1.458;1.4725;18197536;0
GOLD ETF;D;20231120;000000;1.466;1.467;1.4365;1.4455;29927629;0
GOLD ETF;D;20231121;000000;1.446;1.46;1.4405;1.453;10942274;0
GOLD ETF;D;20231122;000000;1.4705;1.4725;1.449;1.453;33876836;0
GOLD ETF;D;20231123;000000;1.4555;1.461;1.449;1.456;25203225;0
GOLD ETF;D;20231124;000000;1.459;1.4705;1.451;1.4635;15361455;0
GOLD ETF;D;20231127;000000;1.4705;1.49;1.466;1.484;47656028;0
GOLD ETF;D;20231128;000000;1.4815;1.509;1.475;1.509;72140815;0
GOLD ETF;D;20231129;000000;1.505;1.509;1.491;1.498;72776556;0
GOLD ETF;D;20231130;000000;1.4965;1.5155;1.4925;1.5115;26109373;0
GOLD ETF;D;20231201;000000;1.5105;1.538;1.5025;1.535;44232547;0
GOLD ETF;D;20231204;000000;1.5435;1.556;1.5085;1.5145;91297084;0
GOLD ETF;D;20231205;000000;1.527;1.5375;1.52;1.535;55981537;0
GOLD ETF;D;20231206;000000;1.5455;1.549;1.5245;1.541;48182784;0
GOLD ETF;D;20231207;000000;1.5415;1.546;1.5165;1.5335;52985475;0
GOLD ETF;D;20231208;000000;1.5265;1.5335;1.5;1.514;19883351;0
GOLD ETF;D;20231211;000000;1.4925;1.5075;1.477;1.4815;24484167;0
GOLD ETF;D;20231212;000000;1.484;1.484;1.4665;1.4675;20613351;0
GOLD ETF;D;20231213;000000;1.4645;1.49;1.4585;1.4855;16837985;0
GOLD ETF;D;20231214;000000;1.49;1.5185;1.489;1.5125;39986382;0
GOLD ETF;D;20231215;000000;1.5085;1.518;1.496;1.504;34285403;0
GOLD ETF;D;20231218;000000;1.508;1.5095;1.4915;1.497;16761170;0
GOLD ETF;D;20231219;000000;1.497;1.52;1.4925;1.5165;17099457;0
GOLD ETF;D;20231220;000000;1.515;1.52;1.506;1.5165;10446071;0
GOLD ETF;D;20231221;000000;1.52;1.548;1.516;1.544;30453097;0
GOLD ETF;D;20231222;000000;1.548;1.5545;1.532;1.541;19530393;0
GOLD ETF;D;20231225;000000;1.5405;1.548;1.5315;1.543;23871063;0
GOLD ETF;D;20231226;000000;1.543;1.55;1.5405;1.5495;13751766;0
GOLD ETF;D;20231227;000000;1.549;1.5585;1.5445;1.554;13495101;0
GOLD ETF;D;20231228;000000;1.55;1.5535;1.516;1.5295;49816087;0
GOLD ETF;D;20231229;000000;1.537;1.5375;1.5085;1.532;48421363;0
GOLD ETF;D;20240103;000000;1.5345;1.544;1.529;1.539;11990285;0
GOLD ETF;D;20240104;000000;1.537;1.544;1.522;1.528;10650792;0
GOLD ETF;D;20240105;000000;1.528;1.53;1.5135;1.526;13407516;0
GOLD ETF;D;20240108;000000;1.52;1.5255;1.5055;1.521;14640561;0
GOLD ETF;D;20240109;000000;1.526;1.5265;1.4925;1.5005;24789693;0
GOLD ETF;D;20240110;000000;1.492;1.498;1.4895;1.4945;21206581;0
GOLD ETF;D;20240111;000000;1.4905;1.4955;1.4675;1.484;36332132;0
GOLD ETF;D;20240112;000000;1.4875;1.5015;1.4835;1.4975;24896846;0
GOLD ETF;D;20240115;000000;1.493;1.4975;1.48;1.489;28673708;0
GOLD ETF;D;20240116;000000;1.487;1.4955;1.477;1.48;18284239;0
GOLD ETF;D;20240117;000000;1.4765;1.49;1.474;1.4785;31021718;0
GOLD ETF;D;20240118;000000;1.4845;1.4845;1.4675;1.481;18984560;0
GOLD ETF;D;20240119;000000;1.481;1.486;1.4745;1.485;19255202;0
GOLD ETF;D;20240122;000000;1.4765;1.478;1.465;1.472;23334285;0
GOLD ETF;D;20240123;000000;1.4765;1.485;1.4665;1.483;13915566;0
GOLD ETF;D;20240124;000000;1.48;1.485;1.47;1.477;26078733;0
GOLD ETF;D;20240125;000000;1.477;1.4885;1.4765;1.483;13881464;0
GOLD ETF;D;20240126;000000;1.485;1.506;1.484;1.4965;21995496;0
GOLD ETF;D;20240129;000000;1.5045;1.5105;1.4865;1.4965;24496204;0
GOLD ETF;D;20240130;000000;1.498;1.509;1.496;1.508;22519772;0
GOLD ETF;D;20240131;000000;1.5095;1.518;1.5;1.512;21999850;0
GOLD ETF;D;20240201;000000;1.5155;1.53;1.506;1.5275;23341970;0
GOLD ETF;D;20240202;000000;1.528;1.5365;1.52;1.527;19642890;0
GOLD ETF;D;20240205;000000;1.5265;1.5275;1.5025;1.5135;20141104;0
GOLD ETF;D;20240206;000000;1.5135;1.5255;1.5035;1.5215;27139866;0
GOLD ETF;D;20240207;000000;1.5205;1.527;1.514;1.525;13814894;0
GOLD ETF;D;20240208;000000;1.525;1.5275;1.512;1.513;13816231;0
GOLD ETF;D;20240209;000000;1.52;1.5225;1.5065;1.508;17901106;0
GOLD ETF;D;20240212;000000;1.5145;1.5245;1.506;1.5165;14946647;0
GOLD ETF;D;20240213;000000;1.5165;1.521;1.5;1.5045;15320593;0
GOLD ETF;D;20240214;000000;1.5015;1.507;1.4955;1.502;21113807;0
GOLD ETF;D;20240215;000000;1.502;1.522;1.5;1.5185;15606655;0
GOLD ETF;D;20240216;000000;1.5185;1.5275;1.5105;1.519;20083823;0
GOLD ETF;D;20240219;000000;1.5165;1.5275;1.516;1.5215;20290191;0
GOLD ETF;D;20240220;000000;1.5255;1.528;1.518;1.526;15205503;0
GOLD ETF;D;20240221;000000;1.526;1.535;1.5215;1.525;24618423;0
GOLD ETF;D;20240222;000000;1.525;1.54;1.523;1.536;17376144;0
GOLD ETF;D;20240226;000000;1.536;1.5395;1.521;1.527;20339052;0
GOLD ETF;D;20240227;000000;1.525;1.5365;1.5225;1.5325;26051038;0
GOLD ETF;D;20240228;000000;1.531;1.532;1.5215;1.5275;20831624;0
GOLD ETF;D;20240229;000000;1.525;1.5345;1.5205;1.529;22634324;0
GOLD ETF;D;20240301;000000;1.53;1.5585;1.529;1.5515;34779646;0
GOLD ETF;D;20240304;000000;1.5535;1.58;1.552;1.575;63377894;0
GOLD ETF;D;20240305;000000;1.5795;1.585;1.5735;1.5815;40332587;0
GOLD ETF;D;20240306;000000;1.5835;1.59;1.57;1.589;24813036;0
GOLD ETF;D;20240307;000000;1.591;1.605;1.59;1.602;28434357;0
GOLD ETF;D;20240311;000000;1.606;1.622;1.6035;1.62;37301910;0
GOLD ETF;D;20240312;000000;1.6145;1.627;1.6035;1.6215;51770083;0
GOLD ETF;D;20240313;000000;1.619;1.636;1.612;1.6355;27475799;0
GOLD ETF;D;20240314;000000;1.633;1.6385;1.6165;1.624;48652513;0
GOLD ETF;D;20240315;000000;1.626;1.654;1.626;1.6455;65099217;0
GOLD ETF;D;20240318;000000;1.637;1.639;1.614;1.6275;41545143;0
GOLD ETF;D;20240319;000000;1.6175;1.64;1.6165;1.6395;22595308;0
GOLD ETF;D;20240320;000000;1.6365;1.655;1.628;1.652;26859147;0
GOLD ETF;D;20240321;000000;1.684;1.684;1.6505;1.659;24209121;0
GOLD ETF;D;20240322;000000;1.6635;1.67;1.6425;1.6655;45877390;0
GOLD ETF;D;20240325;000000;1.659;1.6635;1.6515;1.659;22127353;0
GOLD ETF;D;20240326;000000;1.6585;1.669;1.6475;1.657;41303077;0
GOLD ETF;D;20240327;000000;1.657;1.6655;1.6545;1.6625;33078843;0
GOLD ETF;D;20240328;000000;1.6675;1.7015;1.6625;1.7015;32822079;0
GOLD ETF;D;20240329;000000;1.7;1.715;1.695;1.71;51776336;0
GOLD ETF;D;20240401;000000;1.7155;1.7315;1.7105;1.7235;44063823;0
GOLD ETF;D;20240402;000000;1.7235;1.7535;1.7185;1.7515;27671998;0
GOLD ETF;D;20240403;000000;1.7535;1.76;1.736;1.76;38062368;0
GOLD ETF;D;20240404;000000;1.7645;1.7645;1.7355;1.7505;38387705;0
GOLD ETF;D;20240405;000000;1.75;1.7705;1.7375;1.764;50114689;0
GOLD ETF;D;20240408;000000;1.7655;1.7915;1.765;1.7885;52427223;0
GOLD ETF;D;20240409;000000;1.7885;1.8155;1.788;1.8145;52721556;0
GOLD ETF;D;20240410;000000;1.8185;1.825;1.795;1.81;48224583;0
GOLD ETF;D;20240411;000000;1.81;1.8375;1.8;1.835;134940286;0
GOLD ETF;D;20240412;000000;1.845;1.878;1.811;1.827;85828327;0
GOLD ETF;D;20240415;000000;1.8275;1.8335;1.78;1.827;107317893;0
GOLD ETF;D;20240416;000000;1.8365;1.8465;1.8095;1.8425;43553231;0
GOLD ETF;D;20240417;000000;1.842;1.8505;1.8175;1.8355;38485728;0
GOLD ETF;D;20240418;000000;1.84;1.8425;1.819;1.8275;25335250;0
GOLD ETF;D;20240419;000000;1.8355;1.84;1.812;1.82;26956161;0
GOLD ETF;D;20240422;000000;1.7975;1.8065;1.771;1.772;47829738;0
GOLD ETF;D;20240423;000000;1.7595;1.7795;1.7445;1.7725;45201486;0
GOLD ETF;D;20240424;000000;1.771;1.771;1.752;1.7535;30442304;0
GOLD ETF;D;20240425;000000;1.758;1.7705;1.749;1.7555;22210465;0
GOLD ETF;D;20240426;000000;1.7575;1.7765;1.7495;1.753;27701931;0
GOLD ETF;D;20240427;000000;1.7585;1.774;1.7495;1.77;17719257;0
GOLD ETF;D;20240429;000000;1.7645;1.788;1.76;1.775;12031786;0
GOLD ETF;D;20240430;000000;1.774;1.7745;1.738;1.7385;21182721;0
GOLD ETF;D;20240502;000000;1.7445;1.75;1.722;1.7355;55898867;0
GOLD ETF;D;20240503;000000;1.7315;1.7315;1.7085;1.7185;46763869;0
GOLD ETF;D;20240506;000000;1.722;1.743;1.722;1.74;26882374;0
GOLD ETF;D;20240507;000000;1.74;1.74;1.7225;1.7275;20152351;0
GOLD ETF;D;20240508;000000;1.7335;1.743;1.7205;1.7375;18942526;0
GOLD ETF;D;20240510;000000;1.7625;1.7825;1.7625;1.7715;14308808;0
GOLD ETF;D;20240513;000000;1.7645;1.7655;1.7395;1.744;37974913;0
GOLD ETF;D;20240514;000000;1.744;1.756;1.7375;1.7555;16956416;0
GOLD ETF;D;20240515;000000;1.755;1.7685;1.7465;1.7665;23128583;0
GOLD ETF;D;20240516;000000;1.7745;1.7745;1.758;1.761;12948579;0
GOLD ETF;D;20240517;000000;1.762;1.7805;1.7575;1.7745;38725686;0
GOLD ETF;D;20240520;000000;1.7965;1.8035;1.7675;1.7865;40379872;0
GOLD ETF;D;20240521;000000;1.76;1.82;1.7555;1.7675;31945531;0
GOLD ETF;D;20240522;000000;1.764;1.7705;1.7405;1.744;21798902;0
GOLD ETF;D;20240523;000000;1.74;1.7415;1.707;1.7075;21482179;0
GOLD ETF;D;20240524;000000;1.7075;1.7155;1.7005;1.711;22466256;0
GOLD ETF;D;20240527;000000;1.711;1.711;1.684;1.7045;28389407;0
GOLD ETF;D;20240528;000000;1.6985;1.716;1.69;1.7145;25030781;0
GOLD ETF;D;20240529;000000;1.7195;1.7195;1.706;1.7125;23192075;0
GOLD ETF;D;20240530;000000;1.7195;1.7295;1.705;1.7225;24849290;0
GOLD ETF;D;20240531;000000;1.73;1.7375;1.703;1.712;32591323;0
GOLD ETF;D;20240603;000000;1.7105;1.714;1.697;1.7075;27990527;0
GOLD ETF;D;20240604;000000;1.706;1.7085;1.684;1.686;33593630;0
GOLD ETF;D;20240605;000000;1.6865;1.7075;1.6865;1.7025;37956287;0
GOLD ETF;D;20240606;000000;1.7095;1.7235;1.7055;1.7215;14455728;0
GOLD ETF;D;20240607;000000;1.7325;1.7325;1.67;1.6735;29142103;0
GOLD ETF;D;20240610;000000;1.673;1.6795;1.6655;1.6745;13343019;0
GOLD ETF;D;20240611;000000;1.674;1.691;1.6685;1.6855;22446604;0
GOLD ETF;D;20240613;000000;1.681;1.6945;1.63;1.6625;39342262;0
GOLD ETF;D;20240614;000000;1.6625;1.709;1.6625;1.7075;16001319;0
GOLD ETF;D;20240617;000000;1.7055;1.7055;1.652;1.6535;23113549;0
GOLD ETF;D;20240618;000000;1.6415;1.664;1.608;1.62;47066452;0
GOLD ETF;D;20240619;000000;1.62;1.62;1.5625;1.609;73618341;0
GOLD ETF;D;20240620;000000;1.6295;1.705;1.611;1.6845;49252181;0
GOLD ETF;D;20240621;000000;1.6845;1.7085;1.66;1.668;48066691;0
GOLD ETF;D;20240624;000000;1.668;1.683;1.648;1.657;26027072;0
GOLD ETF;D;20240625;000000;1.66;1.6695;1.6335;1.6605;19343034;0
GOLD ETF;D;20240626;000000;1.66;1.6665;1.6355;1.6455;14899467;0
GOLD ETF;D;20240627;000000;1.65;1.6595;1.6345;1.65;14206377;0
GOLD ETF;D;20240628;000000;1.6475;1.668;1.646;1.6645;11704665;0
GOLD ETF;D;20240701;000000;1.664;1.6895;1.659;1.6855;19553717;0
GOLD ETF;D;20240702;000000;1.6855;1.7;1.685;1.692;14417636;0
GOLD ETF;D;20240703;000000;1.692;1.722;1.69;1.715;17375350;0
GOLD ETF;D;20240704;000000;1.7095;1.7295;1.7095;1.721;17292192;0
GOLD ETF;D;20240705;000000;1.7185;1.735;1.69;1.7315;36635401;0
GOLD ETF;D;20240708;000000;1.729;1.73;1.704;1.7115;20303373;0
GOLD ETF;D;20240709;000000;1.7065;1.715;1.6825;1.686;14415169;0
GOLD ETF;D;20240710;000000;1.688;1.7125;1.686;1.6965;37527293;0
GOLD ETF;D;20240711;000000;1.7;1.721;1.6945;1.7145;35381869;0
GOLD ETF;D;20240712;000000;1.715;1.7165;1.698;1.7125;14953880;0
GOLD ETF;D;20240715;000000;1.689;1.7275;1.683;1.726;16329133;0
GOLD ETF;D;20240716;000000;1.7285;1.7595;1.726;1.7595;23899552;0
GOLD ETF;D;20240717;000000;1.76;1.77;1.74;1.7495;22114487;0
GOLD ETF;D;20240718;000000;1.77;1.77;1.732;1.7375;13889787;0
GOLD ETF;D;20240719;000000;1.735;1.735;1.6975;1.7095;19286262;0
GOLD ETF;D;20240722;000000;1.706;1.719;1.6975;1.7065;11388435;0
GOLD ETF;D;20240723;000000;1.701;1.715;1.699;1.7;7573423;0
GOLD ETF;D;20240724;000000;1.7;1.707;1.673;1.6825;15139331;0
GOLD ETF;D;20240725;000000;1.678;1.6795;1.6555;1.66;18894660;0
GOLD ETF;D;20240726;000000;1.664;1.6825;1.656;1.6815;25109185;0
GOLD ETF;D;20240729;000000;1.694;1.7;1.659;1.6735;19219041;0
GOLD ETF;D;20240730;000000;1.6665;1.7;1.664;1.6955;15747966;0
GOLD ETF;D;20240731;000000;1.704;1.71;1.693;1.7075;20723425;0
GOLD ETF;D;20240801;000000;1.7075;1.709;1.694;1.6975;19514674;0
GOLD ETF;D;20240802;000000;1.6985;1.735;1.6945;1.714;41636758;0
GOLD ETF;D;20240805;000000;1.71;1.7115;1.646;1.681;50192637;0
GOLD ETF;D;20240806;000000;1.671;1.692;1.6665;1.6775;12604525;0
GOLD ETF;D;20240807;000000;1.682;1.6915;1.6645;1.675;17038476;0
GOLD ETF;D;20240808;000000;1.684;1.7095;1.6755;1.708;16887649;0
GOLD ETF;D;20240809;000000;1.701;1.726;1.6925;1.7185;18857827;0
GOLD ETF;D;20240812;000000;1.7195;1.79;1.7195;1.7745;49244599;0
GOLD ETF;D;20240813;000000;1.7745;1.797;1.7605;1.788;38747102;0
GOLD ETF;D;20240814;000000;1.788;1.792;1.7205;1.736;38514596;0
GOLD ETF;D;20240815;000000;1.7405;1.7735;1.733;1.7475;39672723;0
GOLD ETF;D;20240816;000000;1.7475;1.788;1.7415;1.7815;31179731;0
GOLD ETF;D;20240819;000000;1.7815;1.7985;1.7765;1.7885;28410060;0
GOLD ETF;D;20240820;000000;1.788;1.822;1.7815;1.815;33640685;0
GOLD ETF;D;20240821;000000;1.822;1.825;1.7875;1.8075;109050857;0
GOLD ETF;D;20240822;000000;1.802;1.8075;1.771;1.774;21491525;0
GOLD ETF;D;20240823;000000;1.7745;1.82;1.773;1.806;33032550;0
GOLD ETF;D;20240826;000000;1.81;1.828;1.802;1.8165;49570308;0
GOLD ETF;D;20240827;000000;1.8165;1.8325;1.8095;1.8305;25379607;0
GOLD ETF;D;20240828;000000;1.8275;1.8285;1.803;1.8235;30510112;0
GOLD ETF;D;20240829;000000;1.825;1.85;1.8235;1.848;24268325;0
GOLD ETF;D;20240830;000000;1.8325;1.8625;1.8215;1.8425;24419842;0
GOLD ETF;D;20240902;000000;1.8425;1.843;1.8;1.806;40684028;0
GOLD ETF;D;20240903;000000;1.806;1.8075;1.7685;1.782;42547503;0
GOLD ETF;D;20240904;000000;1.772;1.8205;1.7705;1.8085;28699661;0
GOLD ETF;D;20240905;000000;1.811;1.8335;1.805;1.812;80913543;0
GOLD ETF;D;20240906;000000;1.8125;1.8265;1.806;1.8215;22447738;0
GOLD ETF;D;20240909;000000;1.82;1.833;1.8035;1.828;22412264;0
GOLD ETF;D;20240910;000000;1.83;1.8505;1.8255;1.8405;22559973;0
GOLD ETF;D;20240911;000000;1.8455;1.855;1.829;1.8405;22894137;0
GOLD ETF;D;20240912;000000;1.8355;1.8815;1.8355;1.8695;33745162;0
GOLD ETF;D;20240913;000000;1.8755;1.909;1.866;1.903;61365371;0
GOLD ETF;D;20240916;000000;1.905;1.9155;1.8915;1.908;29293515;0
GOLD ETF;D;20240917;000000;1.905;1.9155;1.883;1.894;29432245;0
GOLD ETF;D;20240918;000000;1.894;1.9425;1.8865;1.914;27466738;0
GOLD ETF;D;20240919;000000;1.915;1.948;1.914;1.9325;71461995;0
GOLD ETF;D;20240920;000000;1.946;1.967;1.9335;1.963;35265226;0
GOLD ETF;D;20240923;000000;1.9635;1.9735;1.948;1.9595;44461614;0
GOLD ETF;D;20240924;000000;1.96;1.973;1.9525;1.973;30221995;0
GOLD ETF;D;20240925;000000;1.974;1.9915;1.96;1.9765;31052126;0
GOLD ETF;D;20240926;000000;1.973;1.994;1.969;1.989;40248439;0
GOLD ETF;D;20240927;000000;1.9885;1.989;1.974;1.9805;25778660;0
GOLD ETF;D;20240930;000000;1.981;1.994;1.965;1.978;38976996;0
GOLD ETF;D;20241001;000000;1.978;2.053;1.9775;2.0455;94500105;0
GOLD ETF;D;20241002;000000;2.045;2.048;2.0155;2.04;45855376;0
GOLD ETF;D;20241003;000000;2.039;2.0475;2.0235;2.0305;21111406;0
GOLD ETF;D;20241004;000000;2.031;2.061;2.031;2.05;34477360;0
GOLD ETF;D;20241007;000000;2.049;2.0795;1.835;2.0705;66892807;0
GOLD ETF;D;20241008;000000;2.0705;2.0705;2.023;2.031;53504807;0
GOLD ETF;D;20241009;000000;2.025;2.049;2.024;2.0265;24185200;0
GOLD ETF;D;20241010;000000;2.0315;2.0495;2.026;2.034;25304403;0
GOLD ETF;D;20241011;000000;2.0385;2.0475;2.0205;2.046;20573801;0
GOLD ETF;D;20241014;000000;2.0495;2.055;2.045;2.0525;27998923;0
GOLD ETF;D;20241015;000000;2.0525;2.08;2.05;2.08;24672353;0
GOLD ETF;D;20241016;000000;2.083;2.1;2.077;2.096;38075538;0
GOLD ETF;D;20241017;000000;2.097;2.1045;2.0695;2.1;28337295;0
GOLD ETF;D;20241018;000000;2.1425;2.1425;2.095;2.103;40076553;0
GOLD ETF;D;20241021;000000;2.11;2.142;2.11;2.139;50942099;0
GOLD ETF;D;20241022;000000;2.142;2.169;2.139;2.169;44914173;0
GOLD ETF;D;20241023;000000;2.174;2.1745;2.116;2.1215;64404416;0
GOLD ETF;D;20241024;000000;2.138;2.1465;2.124;2.1405;22509152;0
GOLD ETF;D;20241025;000000;2.1405;2.1415;2.1055;2.1385;52929275;0
GOLD ETF;D;20241028;000000;2.138;2.169;2.122;2.1685;46215686;0
GOLD ETF;D;20241029;000000;2.1705;2.1985;2.168;2.1955;71956994;0
GOLD ETF;D;20241030;000000;2.201;2.211;2.181;2.197;42900026;0
GOLD ETF;D;20241031;000000;2.194;2.203;2.154;2.1725;55135264;0
GOLD ETF;D;20241101;000000;2.176;2.196;2.1705;2.179;45034316;0
GOLD ETF;D;20241102;000000;2.179;2.1855;2.171;2.178;21273616;0
GOLD ETF;D;20241105;000000;2.1785;2.2;2.178;2.1915;48015992;0
GOLD ETF;D;20241106;000000;2.17;2.17;2.0555;2.0945;198913848;0
GOLD ETF;D;20241107;000000;2.0945;2.135;2.0805;2.1315;60148670;0
GOLD ETF;D;20241108;000000;2.125;2.1315;2.1055;2.1125;30613528;0
GOLD ETF;D;20241111;000000;2.1125;2.114;2.0425;2.051;71614481;0
GOLD ETF;D;20241112;000000;2.0475;2.0725;2.03;2.0585;56057213;0
GOLD ETF;D;20241113;000000;2.0585;2.079;2.04;2.042;25650056;0
GOLD ETF;D;20241114;000000;2.034;2.045;2.0095;2.043;40066549;0
GOLD ETF;D;20241115;000000;2.0405;2.0525;2.025;2.0455;17254568;0
GOLD ETF;D;20241118;000000;2.0455;2.11;2.043;2.1065;38535884;0
GOLD ETF;D;20241119;000000;2.1115;2.1485;2.106;2.143;52100462;0
GOLD ETF;D;20241120;000000;2.141;2.1495;2.1195;2.141;33863582;0
GOLD ETF;D;20241121;000000;2.147;2.2075;2.147;2.193;62655720;0
GOLD ETF;D;20241122;000000;2.2065;2.3;2.203;2.283;122508459;0
GOLD ETF;D;20241125;000000;2.255;2.276;2.205;2.217;91853820;0
GOLD ETF;D;20241126;000000;2.217;2.2655;2.1885;2.2585;54394046;0
GOLD ETF;D;20241127;000000;2.2595;2.3485;2.2465;2.281;131100596;0
GOLD ETF;D;20241128;000000;2.282;2.299;2.2555;2.2855;61367008;0
GOLD ETF;D;20241129;000000;2.2955;2.3145;2.2475;2.2565;56248923;0
GOLD ETF;D;20241202;000000;2.251;2.267;2.222;2.249;49406022;0
GOLD ETF;D;20241203;000000;2.2515;2.2665;2.213;2.218;53336817;0
GOLD ETF;D;20241204;000000;2.225;2.248;2.195;2.236;41881174;0
GOLD ETF;D;20241205;000000;2.239;2.2465;2.115;2.136;58956400;0
GOLD ETF;D;20241206;000000;2.136;2.145;2.087;2.103;34217766;0
GOLD ETF;D;20241209;000000;2.091;2.2035;2.091;2.182;42569729;0
GOLD ETF;D;20241210;000000;2.2;2.2;2.146;2.195;26827221;0
GOLD ETF;D;20241211;000000;2.197;2.26;2.1935;2.258;74296631;0
GOLD ETF;D;20241212;000000;2.258;2.278;2.1955;2.223;45275104;0
GOLD ETF;D;20241213;000000;2.2055;2.23;2.191;2.203;40830845;0
GOLD ETF;D;20241216;000000;2.203;2.22;2.172;2.192;41606675;0
GOLD ETF;D;20241217;000000;2.188;2.2165;2.1655;2.213;40748841;0
GOLD ETF;D;20241218;000000;2.211;2.2165;2.174;2.1755;21458016;0
GOLD ETF;D;20241219;000000;2.2275;2.239;2.1365;2.1755;43328989;0
GOLD ETF;D;20241220;000000;2.19;2.2045;2.153;2.189;37400732;0
GOLD ETF;D;20241223;000000;2.189;2.198;2.145;2.161;45346078;0
GOLD ETF;D;20241224;000000;2.161;2.174;2.14;2.1535;36169409;0
GOLD ETF;D;20241225;000000;2.1515;2.1585;2.135;2.1425;86778648;0
GOLD ETF;D;20241226;000000;2.1425;2.152;2.1225;2.141;54862264;0
GOLD ETF;D;20241227;000000;2.141;2.1635;2.123;2.1335;104423917;0
GOLD ETF;D;20241228;000000;2.1335;2.155;2.1335;2.152;25437881;0
GOLD ETF;D;20241230;000000;2.15;2.169;2.134;2.1665;23428751;0
GOLD ETF;D;20250103;000000;2.189;2.2285;2.1665;2.2035;36637397;0
GOLD ETF;D;20250106;000000;2.194;2.203;2.1605;2.1835;24455563;0
GOLD ETF;D;20250108;000000;2.189;2.2;2.1725;2.188;23837966;0
GOLD ETF;D;20250109;000000;2.188;2.2135;2.184;2.2095;27611560;0
GOLD ETF;D;20250110;000000;2.209;2.2545;2.206;2.2375;47378642;0
GOLD ETF;D;20250113;000000;2.238;2.2525;2.2245;2.229;41903023;0
GOLD ETF;D;20250114;000000;2.23;2.248;2.2175;2.247;40038165;0
GOLD ETF;D;20250115;000000;2.247;2.267;2.2435;2.2555;51850433;0
GOLD ETF;D;20250116;000000;2.2555;2.28;2.253;2.275;27734451;0
GOLD ETF;D;20250117;000000;2.28;2.28;2.246;2.2525;41109985;0
GOLD ETF;D;20250120;000000;2.2575;2.275;2.229;2.2405;43656038;0
GOLD ETF;D;20250121;000000;2.25;2.2645;2.2245;2.2385;27995750;0
GOLD ETF;D;20250122;000000;2.2345;2.256;2.2255;2.247;30335097;0
GOLD ETF;D;20250123;000000;2.25;2.25;2.223;2.2405;23967139;0
GOLD ETF;D;20250124;000000;2.259;2.265;2.228;2.241;38472839;0
GOLD ETF;D;20250127;000000;2.236;2.2365;2.1995;2.208;45329341;0
GOLD ETF;D;20250128;000000;2.211;2.23;2.197;2.212;29375764;0
GOLD ETF;D;20250129;000000;2.212;2.22;2.198;2.2025;34176914;0
GOLD ETF;D;20250130;000000;2.212;2.224;2.205;2.2135;34838815;0
GOLD ETF;D;20250131;000000;2.22;2.245;2.215;2.234;62320568;0
GOLD ETF;D;20250203;000000;2.2315;2.2625;2.223;2.255;99355061;0
GOLD ETF;D;20250204;000000;2.2485;2.2595;2.236;2.258;24121269;0
GOLD ETF;D;20250205;000000;2.263;2.28;2.2165;2.2325;64595277;0
GOLD ETF;D;20250206;000000;2.23;2.2525;2.2135;2.242;25841397;0
GOLD ETF;D;20250207;000000;2.2425;2.2695;2.2425;2.255;41980398;0
GOLD ETF;D;20250210;000000;2.262;2.2805;2.2615;2.2695;74889728;0
GOLD ETF;D;20250211;000000;2.2755;2.2765;2.24;2.25;30807651;0
GOLD ETF;D;20250212;000000;2.2405;2.245;2.148;2.1785;127366855;0
GOLD ETF;D;20250213;000000;2.1785;2.2;2.171;2.172;47361427;0
GOLD ETF;D;20250214;000000;2.17;2.231;2.161;2.1955;108440203;0
GOLD ETF;D;20250217;000000;2.1805;2.205;2.161;2.162;54245111;0
GOLD ETF;D;20250218;000000;2.165;2.197;2.165;2.1855;57096498;0
GOLD ETF;D;20250219;000000;2.1855;2.1975;2.163;2.1785;28661576;0
GOLD ETF;D;20250220;000000;2.176;2.191;2.13;2.1355;43404708;0
GOLD ETF;D;20250221;000000;2.1315;2.15;2.105;2.1335;44658227;0
GOLD ETF;D;20250224;000000;2.1335;2.148;2.116;2.1195;53602388;0
GOLD ETF;D;20250225;000000;2.1165;2.117;2.0445;2.0565;60955435;0
GOLD ETF;D;20250226;000000;2.056;2.124;2.052;2.114;61401409;0
GOLD ETF;D;20250227;000000;2.1125;2.125;2.072;2.1155;36070395;0
GOLD ETF;D;20250228;000000;2.1075;2.11;2.0735;2.08;53110430;0
GOLD ETF;D;20250303;000000;2.0895;2.122;2.0845;2.103;38138720;0
GOLD ETF;D;20250304;000000;2.105;2.138;2.0935;2.124;33532350;0
GOLD ETF;D;20250305;000000;2.13;2.1505;2.1125;2.1495;54757159;0
GOLD ETF;D;20250306;000000;2.15;2.158;2.1175;2.132;20492511;0
GOLD ETF;D;20250307;000000;2.132;2.142;2.11;2.1205;34468599;0
GOLD ETF;D;20250310;000000;2.125;2.125;2.077;2.09;33853389;0
GOLD ETF;D;20250311;000000;2.09;2.1255;2.0715;2.102;31313377;0
GOLD ETF;D;20250312;000000;2.098;2.11;2.079;2.107;29752984;0
GOLD ETF;D;20250313;000000;2.1075;2.119;2.092;2.1085;31015355;0
GOLD ETF;D;20250314;000000;2.11;2.124;2.1015;2.109;32131695;0
GOLD ETF;D;20250317;000000;2.109;2.114;2.0455;2.0635;50469213;0
GOLD ETF;D;20250318;000000;2.0825;2.0995;2.05;2.094;64872174;0
GOLD ETF;D;20250319;000000;2.094;2.117;2.075;2.11;92965231;0
GOLD ETF;D;20250320;000000;2.116;2.133;2.109;2.122;35943316;0
GOLD ETF;D;20250321;000000;2.122;2.122;2.08;2.1015;37819557;0
GOLD ETF;D;20250324;000000;2.0855;2.117;2.08;2.105;60898338;0
GOLD ETF;D;20250325;000000;2.105;2.1135;2.0845;2.088;18737703;0
GOLD ETF;D;20250326;000000;2.088;2.0995;2.081;2.085;18054396;0
GOLD ETF;D;20250327;000000;2.086;2.099;2.076;2.0815;19893386;0
GOLD ETF;D;20250328;000000;2.0915;2.145;2.088;2.1445;38290906;0
GOLD ETF;D;20250331;000000;2.151;2.1985;2.136;2.1645;66733188;0
GOLD ETF;D;20250401;000000;2.164;2.169;2.118;2.1335;35361633;0
GOLD ETF;D;20250402;000000;2.1335;2.1505;2.1265;2.15;45376999;0
GOLD ETF;D;20250403;000000;2.149;2.159;2.096;2.1355;51038733;0
GOLD ETF;D;20250404;000000;2.1215;2.175;2.1045;2.1365;50160069;0
GOLD ETF;D;20250407;000000;2.1365;2.17;2.126;2.142;328729645;0
GOLD ETF;D;20250408;000000;2.146;2.155;2.122;2.1425;40521556;0
GOLD ETF;D;20250409;000000;2.151;2.1885;2.12;2.1375;132469016;0
GOLD ETF;D;20250410;000000;2.153;2.195;2.153;2.1915;65910155;0
GOLD ETF;D;20250411;000000;2.195;2.22;2.176;2.1855;86382495;0
GOLD ETF;D;20250414;000000;2.1865;2.2;2.161;2.173;45213092;0
GOLD ETF;D;20250415;000000;2.185;2.1875;2.1595;2.178;28045811;0
GOLD ETF;D;20250416;000000;2.216;2.253;2.2035;2.25;53360341;0
GOLD ETF;D;20250417;000000;2.25;2.25;2.188;2.199;45123318;0
GOLD ETF;D;20250418;000000;2.2035;2.23;2.185;2.209;33366690;0
GOLD ETF;D;20250421;000000;2.2155;2.257;2.212;2.252;57404320;0
GOLD ETF;D;20250422;000000;2.278;2.293;2.233;2.2485;136552202;0
GOLD ETF;D;20250423;000000;2.215;2.252;2.185;2.222;181467001;0
GOLD ETF;D;20250424;000000;2.239;2.25;2.218;2.24;71824880;0
GOLD ETF;D;20250425;000000;2.22;2.225;2.203;2.2245;78869416;0
GOLD ETF;D;20250428;000000;2.2195;2.224;2.18;2.2125;66687703;0
GOLD ETF;D;20250429;000000;2.202;2.2065;2.19;2.1965;22469565;0
GOLD ETF;D;20250430;000000;2.196;2.2055;2.17;2.1905;34521565;0
GOLD ETF;D;20250502;000000;2.175;2.205;2.1685;2.1775;22380668;0
GOLD ETF;D;20250505;000000;2.2155;2.2185;2.1755;2.1995;50092856;0
GOLD ETF;D;20250506;000000;2.208;2.257;2.208;2.252;72267215;0
GOLD ETF;D;20250507;000000;2.2385;2.2605;2.214;2.2465;38761638;0
GOLD ETF;D;20250508;000000;2.2375;2.2465;2.1905;2.207;20077127;0
GOLD ETF;D;20250512;000000;2.173;2.2;2.12;2.1295;128406603;0
GOLD ETF;D;20250513;000000;2.1315;2.148;2.13;2.1425;334166973;0
GOLD ETF;D;20250514;000000;2.1395;2.14;2.098;2.117;42236234;0
GOLD ETF;D;20250515;000000;2.0955;2.1335;2.0805;2.1295;33453841;0
GOLD ETF;D;20250516;000000;2.125;2.125;2.096;2.1165;22463961;0
GOLD ETF;D;20250519;000000;2.122;2.133;2.1055;2.114;28611267;0
GOLD ETF;D;20250520;000000;2.1125;2.17;2.1;2.169;39077617;0
GOLD ETF;D;20250521;000000;2.174;2.1745;2.1335;2.1485;21080416;0
GOLD ETF;D;20250522;000000;2.1485;2.152;2.116;2.132;34439848;0
GOLD ETF;D;20250523;000000;2.1465;2.1615;2.1405;2.149;41451668;0
GOLD ETF;D;20250526;000000;2.126;2.146;2.126;2.143;34602233;0
GOLD ETF;D;20250527;000000;2.127;2.141;2.1185;2.127;18492445;0
GOLD ETF;D;20250528;000000;2.125;2.127;2.0975;2.101;33775031;0
GOLD ETF;D;20250529;000000;2.095;2.0995;2.073;2.088;30992241;0
GOLD ETF;D;20250530;000000;2.0825;2.099;2.0785;2.09;39723494;0
GOLD ETF;D;20250602;000000;2.1145;2.1445;2.1145;2.142;34768622;0
GOLD ETF;D;20250603;000000;2.136;2.143;2.121;2.1335;57147342;0
GOLD ETF;D;20250604;000000;2.1245;2.1655;2.1215;2.159;25128726;0
GOLD ETF;D;20250605;000000;2.159;2.168;2.139;2.156;21320269;0
GOLD ETF;D;20250606;000000;2.156;2.16;2.129;2.1325;101462402;0
GOLD ETF;D;20250609;000000;2.1225;2.136;2.12;2.1265;15890042;0
GOLD ETF;D;20250610;000000;2.124;2.126;2.096;2.101;19174390;0
GOLD ETF;D;20250611;000000;2.1105;2.152;2.1105;2.1455;25635218;0
GOLD ETF;D;20250613;000000;2.189;2.189;2.157;2.164;18308695;0
GOLD ETF;D;20250616;000000;2.1575;2.1585;2.1405;2.1415;17615119;0
GOLD ETF;D;20250617;000000;2.1455;2.1505;2.137;2.1395;16425894;0
GOLD ETF;D;20250618;000000;2.1395;2.148;2.134;2.137;14602913;0
GOLD ETF;D;20250619;000000;2.136;2.14;2.1245;2.136;16547006;0
GOLD ETF;D;20250620;000000;2.13;2.136;2.122;2.1355;18800685;0
GOLD ETF;D;20250623;000000;2.136;2.138;2.1175;2.132;14447210;0
GOLD ETF;D;20250624;000000;2.1655;2.17;2.0915;2.0985;40652482;0
GOLD ETF;D;20250625;000000;2.0995;2.1085;2.0945;2.101;13176498;0
GOLD ETF;D;20250626;000000;2.102;2.1145;2.099;2.105;18085481;0
GOLD ETF;D;20250627;000000;2.0925;2.094;2.0755;2.084;25964641;0
GOLD ETF;D;20250630;000000;2.084;2.0935;2.07;2.083;22325667;0
GOLD ETF;D;20250701;000000;2.091;2.111;2.091;2.105;48957799;0
GOLD ETF;D;20250702;000000;2.105;2.115;2.096;2.1145;16981365;0
GOLD ETF;D;20250703;000000;2.1145;2.122;2.103;2.111;14960576;0
GOLD ETF;D;20250704;000000;2.125;2.125;2.0995;2.1045;14296704;0
GOLD ETF;D;20250707;000000;2.1;2.1015;2.073;2.0885;34366230;0
GOLD ETF;D;20250708;000000;2.089;2.0985;2.0725;2.0805;28405241;0
GOLD ETF;D;20250709;000000;2.0805;2.0915;2.069;2.088;19847691;0
GOLD ETF;D;20250710;000000;2.0895;2.0985;2.077;2.087;38738284;0
GOLD ETF;D;20250711;000000;2.088;2.1365;2.088;2.1275;38836503;0
GOLD ETF;D;20250714;000000;2.1165;2.138;2.1015;2.104;21106786;0
GOLD ETF;D;20250715;000000;2.108;2.1145;2.085;2.0895;33643710;0
GOLD ETF;D;20250716;000000;2.0895;2.1185;2.088;2.1025;18007462;0
GOLD ETF;D;20250717;000000;2.1025;2.1065;2.0855;2.0955;24684714;0
GOLD ETF;D;20250718;000000;2.097;2.12;2.0965;2.1125;19503924;0
GOLD ETF;D;20250721;000000;2.1195;2.137;2.1125;2.132;32265481;0
GOLD ETF;D;20250722;000000;2.135;2.163;2.121;2.155;21267684;0
GOLD ETF;D;20250723;000000;2.1555;2.164;2.131;2.14;24762094;0
GOLD ETF;D;20250724;000000;2.1395;2.153;2.1205;2.1495;22557348;0
GOLD ETF;D;20250725;000000;2.1495;2.1545;2.129;2.138;26680868;0
GOLD ETF;D;20250728;000000;2.1375;2.184;2.1255;2.1835;75042671;0
GOLD ETF;D;20250729;000000;2.185;2.205;2.171;2.205;32474104;0
GOLD ETF;D;20250730;000000;2.204;2.2045;2.143;2.145;37238301;0
GOLD ETF;D;20250731;000000;2.144;2.169;2.1275;2.14;28691056;0
GOLD ETF;D;20250801;000000;2.138;2.176;2.1275;2.168;28737595;0
GOLD ETF;D;20250804;000000;2.168;2.179;2.157;2.1735;27195097;0
GOLD ETF;D;20250805;000000;2.1735;2.19;2.1645;2.187;19596180;0
GOLD ETF;D;20250806;000000;2.187;2.1905;2.1615;2.1645;30853741;0
GOLD ETF;D;20250807;000000;2.1875;2.189;2.17;2.1805;21246895;0
GOLD ETF;D;20250808;000000;2.182;2.203;2.182;2.188;40446401;0
GOLD ETF;D;20250811;000000;2.178;2.178;2.154;2.158;33100719;0
GOLD ETF;D;20250812;000000;2.16;2.1675;2.142;2.1515;27815555;0
GOLD ETF;D;20250813;000000;2.1505;2.1665;2.1505;2.163;13276928;0
GOLD ETF;D;20250814;000000;2.17;2.172;2.154;2.166;32809465;0
GOLD ETF;D;20250815;000000;2.166;2.1795;2.159;2.163;25008356;0
GOLD ETF;D;20250818;000000;2.1665;2.186;2.1665;2.177;24020972;0
GOLD ETF;D;20250819;000000;2.177;2.185;2.1645;2.1675;17436807;0
GOLD ETF;D;20250820;000000;2.1675;2.1765;2.1605;2.176;15137690;0
GOLD ETF;D;20250821;000000;2.176;2.183;2.1645;2.1715;23455900;0
GOLD ETF;D;20250822;000000;2.1715;2.193;2.165;2.191;18637720;0
GOLD ETF;D;20250825;000000;2.19;2.2;2.1815;2.185;18634922;0
GOLD ETF;D;20250826;000000;2.185;2.1975;2.1845;2.197;24163810;0
GOLD ETF;D;20250827;000000;2.199;2.205;2.1875;2.2005;15422553;0
GOLD ETF;D;20250828;000000;2.2005;2.2135;2.199;2.208;18228125;0
GOLD ETF;D;20250829;000000;2.213;2.2355;2.208;2.2345;31846576;0
GOLD ETF;D;20250901;000000;2.246;2.268;2.2435;2.247;49010084;0
GOLD ETF;D;20250902;000000;2.2495;2.285;2.244;2.2765;39708815;0
GOLD ETF;D;20250903;000000;2.277;2.3155;2.277;2.306;49443900;0
GOLD ETF;D;20250904;000000;2.3;2.3185;2.29;2.3095;72289330;0
GOLD ETF;D;20250905;000000;2.323;2.352;2.3005;2.3455;74536531;0
GOLD ETF;D;20250908;000000;2.3475;2.432;2.3475;2.432;117912479;0
GOLD ETF;D;20250909;000000;2.445;2.495;2.432;2.468;422031547;0
GOLD ETF;D;20250910;000000;2.471;2.504;2.4685;2.494;108516763;0
GOLD ETF;D;20250911;000000;2.506;2.5095;2.4465;2.4725;75009166;0
GOLD ETF;D;20250912;000000;2.482;2.489;2.4365;2.45;48808276;0
GOLD ETF;D;20250915;000000;2.448;2.448;2.396;2.44;44855753;0
GOLD ETF;D;20250916;000000;2.44;2.469;2.431;2.456;64882179;0
GOLD ETF;D;20250917;000000;2.456;2.458;2.4165;2.4375;37353723;0
GOLD ETF;D;20250918;000000;2.413;2.4385;2.41;2.4315;43051917;0
GOLD ETF;D;20250919;000000;2.4315;2.4675;2.4255;2.4655;28407102;0
GOLD ETF;D;20250922;000000;2.499;2.5075;2.477;2.503;63858505;0
GOLD ETF;D;20250923;000000;2.504;2.5355;2.499;2.5255;54696453;0
GOLD ETF;D;20250924;000000;2.526;2.5385;2.483;2.493;35295289;0
GOLD ETF;D;20250925;000000;2.493;2.5335;2.491;2.5155;49688247;0
GOLD ETF;D;20250926;000000;2.5185;2.5245;2.5015;2.507;21711426;0
GOLD ETF;D;20250929;000000;2.5265;2.5495;2.5185;2.537;55097280;0
GOLD ETF;D;20250930;000000;2.546;2.559;2.5025;2.539;141340321;0
GOLD ETF;D;20251001;000000;2.539;2.545;2.5015;2.5055;139817341;0
GOLD ETF;D;20251002;000000;2.502;2.535;2.471;2.485;115583995;0
GOLD ETF;D;20251003;000000;2.4975;2.555;2.494;2.555;77122223;0
GOLD ETF;D;20251006;000000;2.58;2.6105;2.572;2.605;74533804;0
GOLD ETF;D;20251007;000000;2.597;2.6105;2.57;2.5915;148820051;0
GOLD ETF;D;20251008;000000;2.618;2.629;2.61;2.62;72645303;0
GOLD ETF;D;20251009;000000;2.615;2.633;2.558;2.583;72984950;0
GOLD ETF;D;20251010;000000;2.58;2.6095;2.555;2.599;83247147;0
GOLD ETF;D;20251013;000000;2.6175;2.63;2.5995;2.6235;165817317;0
GOLD ETF;D;20251014;000000;2.6215;2.63;2.6;2.625;43686371;0
GOLD ETF;D;20251015;000000;2.6405;2.649;2.623;2.6415;64103527;0
GOLD ETF;D;20251016;000000;2.6415;2.769;2.6415;2.7685;110027033;0
GOLD ETF;D;20251017;000000;2.8;2.8375;2.6825;2.733;232314397;0
GOLD ETF;D;20251020;000000;2.729;2.799;2.7115;2.785;54998066;0
GOLD ETF;D;20251021;000000;2.7855;2.7995;2.634;2.6655;100719911;0
GOLD ETF;D;20251022;000000;2.68;2.71;2.5835;2.666;208342605;0
GOLD ETF;D;20251023;000000;2.6735;2.692;2.6345;2.668;38274931;0
GOLD ETF;D;20251024;000000;2.643;2.6615;2.5935;2.619;40579949;0
GOLD ETF;D;20251027;000000;2.591;2.591;2.5005;2.542;65936169;0
GOLD ETF;D;20251028;000000;2.516;2.5325;2.49;2.52;60613671;0
GOLD ETF;D;20251029;000000;2.5415;2.5865;2.5205;2.5295;87498523;0
GOLD ETF;D;20251030;000000;2.55;2.608;2.5485;2.6075;35537457;0
GOLD ETF;D;20251031;000000;2.6;2.619;2.571;2.584;29387968;0
GOLD ETF;D;20251101;000000;2.584;2.595;2.562;2.5895;63607212;0
GOLD ETF;D;20251103;000000;2.6005;2.615;2.5635;2.5755;12342878;0
GOLD ETF;D;20251105;000000;2.57;2.596;2.5585;2.5915;23795812;0
GOLD ETF;D;20251106;000000;2.5925;2.6195;2.573;2.582;48854072;0
GOLD ETF;D;20251107;000000;2.5925;2.6075;2.567;2.575;50355748;0
GOLD ETF;D;20251110;000000;2.6195;2.676;2.6185;2.676;57959914;0
GOLD ETF;D;20251111;000000;2.7005;2.701;2.6505;2.6775;28847130;0
GOLD ETF;D;20251112;000000;2.6755;2.7065;2.659;2.696;47259784;0
GOLD ETF;D;20251113;000000;2.696;2.712;2.6595;2.6755;143818216;0
GOLD ETF;D;20251114;000000;2.6815;2.7065;2.6125;2.6485;49233086;0
GOLD ETF;D;20251117;000000;2.646;2.6695;2.611;2.6285;19409561;0
GOLD ETF;D;20251118;000000;2.618;2.6425;2.593;2.6415;25629619;0
GOLD ETF;D;20251119;000000;2.648;2.6695;2.6155;2.631;32156943;0
GOLD ETF;D;20251120;000000;2.628;2.6295;2.5775;2.5875;38498505;0
GOLD ETF;D;20251121;000000;2.575;2.589;2.5415;2.57;47413209;0
GOLD ETF;D;20251124;000000;2.568;2.607;2.5505;2.6015;34905911;0
GOLD ETF;D;20251125;000000;2.603;2.625;2.595;2.61;22570743;0
GOLD ETF;D;20251126;000000;2.615;2.625;2.602;2.6095;20402806;0
GOLD ETF;D;20251127;000000;2.6095;2.616;2.5955;2.607;17981087;0
GOLD ETF;D;20251128;000000;2.62;2.642;2.6;2.64;84928457;0
GOLD ETF;D;20251201;000000;2.64;2.655;2.626;2.628;29488608;0
GOLD ETF;D;20251202;000000;2.6205;2.6315;2.595;2.6175;32249101;0
GOLD ETF;D;20251203;000000;2.623;2.636;2.5885;2.593;22016391;0
GOLD ETF;D;20251204;000000;2.5895;2.5965;2.554;2.5615;37491292;0
GOLD ETF;D;20251205;000000;2.565;2.6075;2.565;2.5895;47327319;0
GOLD ETF;D;20251208;000000;2.6;2.614;2.576;2.5895;29396373;0
GOLD ETF;D;20251209;000000;2.5885;2.626;2.5775;2.613;16396313;0
GOLD ETF;D;20251210;000000;2.617;2.65;2.6025;2.6495;23941152;0
GOLD ETF;D;20251211;000000;2.6495;2.709;2.6275;2.686;56128465;0
GOLD ETF;D;20251212;000000;2.68;2.74;2.674;2.6955;43013721;0
GOLD ETF;D;20251215;000000;2.714;2.7335;2.704;2.719;45434012;0
GOLD ETF;D;20251216;000000;2.714;2.718;2.6875;2.713;26486611;0
GOLD ETF;D;20251217;000000;2.7195;2.74;2.715;2.734;38361684;0
GOLD ETF;D;20251218;000000;2.734;2.761;2.7005;2.7375;129006695;0
GOLD ETF;D;20251219;000000;2.74;2.749;2.716;2.7295;21181388;0
GOLD ETF;D;20251222;000000;2.751;2.7585;2.7205;2.7385;58038410;0
GOLD ETF;D;20251223;000000;2.755;2.7745;2.72;2.747;41234612;0
GOLD ETF;D;20251224;000000;2.7495;2.77;2.7335;2.751;84103643;0
GOLD ETF;D;20251225;000000;2.751;2.752;2.715;2.723;83933538;0
GOLD ETF;D;20251226;000000;2.73;2.76;2.73;2.753;35391191;0
GOLD ETF;D;20251229;000000;2.7355;2.7355;2.6605;2.6865;67278461;0
GOLD ETF;D;20251230;000000;2.6875;2.751;2.6875;2.7375;32966629;0
GOLD ETF;D;20260105;000000;2.7535;2.825;2.7495;2.824;69232656;0
GOLD ETF;D;20260106;000000;2.8305;2.84;2.8105;2.84;27467352;0
GOLD ETF;D;20260108;000000;2.814;2.8205;2.782;2.815;53405130;0
GOLD ETF;D;20260109;000000;2.815;2.83;2.797;2.827;18900563;0
GOLD ETF;D;20260112;000000;2.8515;2.913;2.845;2.9015;72254704;0
GOLD ETF;D;20260113;000000;2.889;2.905;2.876;2.887;50130741;0
GOLD ETF;D;20260114;000000;2.902;2.917;2.8755;2.893;56131293;0
GOLD ETF;D;20260115;000000;2.885;2.89;2.853;2.8635;61387741;0
GOLD ETF;D;20260116;000000;2.861;2.869;2.8235;2.852;33267074;0
GOLD ETF;D;20260119;000000;2.9095;2.9095;2.885;2.899;32734344;0
GOLD ETF;D;20260120;000000;2.91;2.9635;2.91;2.96;63164044;0
GOLD ETF;D;20260121;000000;3.0315;3.0315;2.906;2.935;99861532;0
GOLD ETF;D;20260122;000000;2.943;2.9735;2.896;2.97;83579723;0
GOLD ETF;D;20260123;000000;2.974;3.005;2.964;2.996;55543251;0
GOLD ETF;D;20260126;000000;3.0455;3.124;3.035;3.0865;143061091;0
GOLD ETF;D;20260127;000000;3.0915;3.1185;3.0655;3.1135;74515855;0
GOLD ETF;D;20260128;000000;3.201;3.301;3.1625;3.2785;152952550;0
GOLD ETF;D;20260129;000000;3.338;3.44;3.0135;3.211;330309862;0
GOLD ETF;D;20260130;000000;3.0755;3.1335;2.8785;2.968;246424323;0
GOLD ETF;D;20260202;000000;2.738;2.9455;2.738;2.882;260334348;0
GOLD ETF;D;20260203;000000;2.9655;3.1255;2.9635;3.0925;137088208;0
GOLD ETF;D;20260204;000000;3.1865;3.1865;2.9935;3.0505;195249440;0
GOLD ETF;D;20260205;000000;3.038;3.044;2.99;3.0015;137150581;0
GOLD ETF;D;20260206;000000;3.02;3.115;3.015;3.099;93810859;0
GOLD ETF;D;20260209;000000;3.13;3.1835;3.1265;3.182;104619508;0
GOLD ETF;D;20260210;000000;3.1595;3.177;3.113;3.15;102941826;0
GOLD ETF;D;20260211;000000;3.168;3.188;3.1445;3.1745;93606950;0
GOLD ETF;D;20260212;000000;3.1685;3.1725;3.061;3.082;82729263;0
GOLD ETF;D;20260213;000000;3.11;3.132;3.064;3.1255;76538646;0
GOLD ETF;D;20260216;000000;3.1195;3.1195;3.065;3.067;78247786;0
GOLD ETF;D;20260217;000000;3.055;3.055;2.94;2.99;130800246;0
GOLD ETF;D;20260218;000000;3.0015;3.09;3.0015;3.0715;58200854;0
GOLD ETF;D;20260219;000000;3.1;3.1345;3.0605;3.083;33991080;0
GOLD ETF;D;20260220;000000;3.0885;3.108;3.0605;3.0995;123346844;0
GOLD ETF;D;20260224;000000;3.1405;3.151;3.097;3.125;81174071;0
GOLD ETF;D;20260225;000000;3.131;3.2085;3.1305;3.177;99581461;0
GOLD ETF;D;20260226;000000;3.2075;3.2075;3.151;3.1755;51600592;0
GOLD ETF;D;20260227;000000;3.174;3.212;3.1545;3.21;77783081;0
GOLD ETF;D;20260302;000000;3.3;3.3275;3.27;3.3;169610747;0
GOLD ETF;D;20260303;000000;3.28;3.3015;3.1025;3.167;146509377;0
GOLD ETF;D;20260304;000000;3.1805;3.237;3.18;3.2175;80151953;0
GOLD ETF;D;20260305;000000;3.2265;3.25;3.18;3.2155;87747804;0
GOLD ETF;D;20260306;000000;3.2205;3.236;3.1735;3.2155;75814658;0
GOLD ETF;D;20260309;000000;3.1945;3.1995;3.1305;3.195;47086566;0
GOLD ETF;D;20260310;000000;3.2155;3.271;3.211;3.2375;76252774;0
GOLD ETF;D;20260311;000000;3.242;3.249;3.225;3.2325;28615680;0
GOLD ETF;D;20260312;000000;3.23;3.2465;3.2;3.2165;38575575;0
GOLD ETF;D;20260313;000000;3.22;3.2365;3.192;3.2065;67783169;0
GOLD ETF;D;20260316;000000;3.209;3.24;3.191;3.229;53849424;0
GOLD ETF;D;20260317;000000;3.229;3.264;3.2235;3.2615;46541822;0
GOLD ETF;D;20260318;000000;3.262;3.301;3.1915;3.201;105026827;0
GOLD ETF;D;20260319;000000;3.19;3.2;3.056;3.1375;212120929;0
GOLD ETF;D;20260320;000000;3.1435;3.1435;3.037;3.0765;94393522;0
GOLD ETF;D;20260323;000000;2.8535;3.0345;2.8535;2.941;265601991;0
GOLD ETF;D;20260324;000000;2.93;2.9625;2.92;2.9495;64195627;0
GOLD ETF;D;20260325;000000;2.972;3.015;2.972;2.9865;67268368;0
GOLD ETF;D;20260326;000000;2.9755;2.9915;2.875;2.902;100283245;0
GOLD ETF;D;20260327;000000;2.912;2.988;2.892;2.958;87360968;0
GOLD ETF;D;20260330;000000;2.968;2.988;2.938;2.942;47666207;0
GOLD ETF;D;20260331;000000;2.9615;3.0275;2.9555;3.023;57950519;0
GOLD ETF;D;20260401;000000;3.04;3.0925;3.013;3.0395;100716973;0
GOLD ETF;D;20260402;000000;2.958;2.99;2.936;2.977;74497935;0
GOLD ETF;D;20260403;000000;2.9755;2.979;2.93;2.9435;44028671;0
GOLD ETF;D;20260406;000000;2.957;2.9895;2.941;2.9555;36509204;0
GOLD ETF;D;20260407;000000;2.9555;2.979;2.9245;2.974;55452009;0
GOLD ETF;D;20260408;000000;3.056;3.075;2.9655;2.967;59897123;0
GOLD ETF;D;20260409;000000;2.9655;2.9725;2.937;2.942;74532251;0
GOLD ETF;D;20260410;000000;2.942;2.9515;2.927;2.9375;36334006;0
GOLD ETF;D;20260413;000000;2.9245;2.928;2.8805;2.9155;65033195;0
GOLD ETF;D;20260414;000000;2.922;2.939;2.8885;2.9195;65439923;0
GOLD ETF;D;20260415;000000;2.9195;2.945;2.893;2.9165;55111743;0
GOLD ETF;D;20260416;000000;2.935;2.9585;2.9165;2.9255;51327609;0
GOLD ETF;D;20260417;000000;2.926;2.9755;2.922;2.9585;45958038;0
GOLD ETF;D;20260420;000000;2.934;2.934;2.8715;2.9045;52602524;0
GOLD ETF;D;20260421;000000;2.8965;2.908;2.8425;2.854;55244387;0
GOLD ETF;D;20260422;000000;2.8685;2.9115;2.8685;2.89;35222466;0
GOLD ETF;D;20260423;000000;2.879;2.9135;2.8475;2.8865;40073984;0
GOLD ETF;D;20260424;000000;2.8805;2.886;2.858;2.86;32939603;0
GOLD ETF;D;20260427;000000;2.856;2.864;2.8145;2.8235;40881364;0
GOLD ETF;D;20260429;000000;2.775;2.781;2.7155;2.736;51545114;0
GOLD ETF;D;20260430;000000;2.7515;2.809;2.747;2.8;52809946;0
