<TICKER>;<PER>;<DATE>;<TIME>;<OPEN>;<HIGH>;<LOW>;<CLOSE>;<VOL>;<OPENINT>
HEAD;D;20200925;0;1875.0;1952.2;1850.0;1870.0;137778;0
HEAD;D;20200928;0;1889.8;1931.0;1859.6;1930.0;41368;0
HEAD;D;20200929;0;1955.0;2108.0;1930.2;1938.0;29953;0
HEAD;D;20200930;0;1940.0;1940.2;1893.2;1898.0;7161;0
HEAD;D;20201001;0;1895.8;1899.8;1879.4;1892.6;5571;0
HEAD;D;20201002;0;1893.0;1902.4;1860.0;1884.0;8808;0
HEAD;D;20201005;0;1880.0;1915.6;1880.0;1915.6;6507;0
HEAD;D;20201006;0;1924.8;1929.8;1886.6;1900.0;30429;0
HEAD;D;20201007;0;1899.8;1927.0;1884.0;1885.8;93243;0
HEAD;D;20201008;0;1866.8;1890.6;1800.2;1854.0;41515;0
HEAD;D;20201009;0;1852.8;1852.8;1826.2;1835.4;17403;0
HEAD;D;20201012;0;1825.2;1849.0;1805.2;1836.6;14829;0
HEAD;D;20201013;0;1839.6;1841.8;1791.6;1802.2;46775;0
HEAD;D;20201014;0;1800.0;1824.8;1780.0;1824.8;11455;0
HEAD;D;20201015;0;1800.0;1814.0;1775.2;1805.6;20646;0
HEAD;D;20201016;0;1801.2;1809.2;1798.0;1809.2;4043;0
HEAD;D;20201019;0;1780.4;1804.6;1780.4;1798.8;6079;0
HEAD;D;20201020;0;1799.2;1809.8;1785.8;1801.2;4295;0
HEAD;D;20201021;0;1813.8;1813.8;1749.4;1769.8;4420;0
HEAD;D;20201022;0;1765.2;1778.6;1759.0;1776.0;5924;0
HEAD;D;20201023;0;1767.6;1776.0;1750.4;1750.4;4088;0
HEAD;D;20201026;0;1750.4;1774.8;1740.4;1751.0;7274;0
HEAD;D;20201027;0;1755.0;1776.0;1750.2;1776.0;3724;0
HEAD;D;20201028;0;1750.8;1810.0;1750.4;1798.8;9469;0
HEAD;D;20201029;0;1805.0;1828.0;1797.2;1818.8;8867;0
HEAD;D;20201030;0;1827.8;1831.2;1799.4;1824.0;110855;0
HEAD;D;20201102;0;1830.6;1874.0;1830.0;1869.0;9270;0
HEAD;D;20201103;0;1874.6;1881.4;1863.0;1875.6;15527;0
HEAD;D;20201105;0;1850.4;1863.0;1845.0;1855.2;5818;0
HEAD;D;20201106;0;1862.6;1862.6;1809.2;1838.0;61949;0
HEAD;D;20201109;0;1835.4;1862.0;1827.0;1862.0;19764;0
HEAD;D;20201110;0;1874.4;1903.0;1859.6;1895.4;46471;0
HEAD;D;20201111;0;1890.6;1935.8;1890.6;1932.0;13663;0
HEAD;D;20201112;0;1932.0;1992.0;1925.0;1992.0;22263;0
HEAD;D;20201113;0;1988.0;2010.8;1985.0;1993.2;6834;0
HEAD;D;20201116;0;1992.4;1992.4;1963.8;1980.8;6498;0
HEAD;D;20201117;0;1992.0;2000.6;1970.4;1979.6;11902;0
HEAD;D;20201118;0;1918.0;1960.0;1918.0;1942.6;8003;0
HEAD;D;20201119;0;1950.0;2019.8;1945.0;1985.4;16302;0
HEAD;D;20201120;0;1999.4;1999.4;1875.2;1889.4;33593;0
HEAD;D;20201123;0;1889.4;1889.8;1833.2;1852.0;13733;0
HEAD;D;20201124;0;1850.0;1865.6;1837.6;1838.0;13157;0
HEAD;D;20201125;0;1844.2;1870.8;1840.8;1845.0;6572;0
HEAD;D;20201126;0;1852.0;1863.0;1850.6;1862.8;3135;0
HEAD;D;20201127;0;1863.0;1882.2;1862.8;1867.2;12275;0
HEAD;D;20201130;0;1869.6;1892.6;1860.0;1870.2;12075;0
HEAD;D;20201201;0;1879.0;1894.6;1872.0;1890.4;9198;0
HEAD;D;20201202;0;1895.8;1905.8;1875.0;1875.8;4195;0
HEAD;D;20201203;0;1888.8;1888.8;1866.8;1866.8;3863;0
HEAD;D;20201204;0;1862.8;1892.6;1860.0;1883.2;7693;0
HEAD;D;20201207;0;1867.4;1886.0;1860.2;1865.4;9313;0
HEAD;D;20201208;0;1845.2;1874.4;1831.0;1860.2;18078;0
HEAD;D;20201209;0;1862.6;1937.4;1854.0;1923.2;16100;0
HEAD;D;20201210;0;1923.2;2044.2;1923.2;2020.2;16508;0
HEAD;D;20201211;0;2039.0;2088.0;2032.8;2085.0;14672;0
HEAD;D;20201214;0;2084.6;2094.4;2040.6;2069.4;7748;0
HEAD;D;20201215;0;2055.2;2110.4;2032.8;2110.0;11440;0
HEAD;D;20201216;0;2120.2;2172.2;2120.0;2170.8;8797;0
HEAD;D;20201217;0;2150.8;2216.6;2150.8;2196.2;25567;0
HEAD;D;20201218;0;2100.6;2194.8;2100.2;2105.0;13974;0
HEAD;D;20201221;0;2000.4;2222.0;2000.4;2202.8;16439;0
HEAD;D;20201222;0;2150.4;2392.2;2150.4;2359.0;10246;0
HEAD;D;20201223;0;2309.8;2377.2;2275.4;2344.2;15406;0
HEAD;D;20201224;0;2337.8;2360.0;2300.4;2300.4;11055;0
HEAD;D;20201225;0;2300.2;2332.0;2300.2;2328.6;1056;0
HEAD;D;20201228;0;2330.0;2626.8;2257.0;2353.2;4777;0
HEAD;D;20201229;0;2399.6;2399.6;2280.0;2280.0;3767;0
HEAD;D;20201230;0;2299.6;2312.2;2225.0;2265.0;7639;0
HEAD;D;20210104;0;2300.0;2300.0;2181.8;2206.0;6549;0
HEAD;D;20210105;0;2202.2;2245.0;2165.4;2197.2;4369;0
HEAD;D;20210106;0;2239.8;2239.8;2130.2;2177.0;8076;0
HEAD;D;20210108;0;2195.0;2235.8;2125.2;2165.4;11232;0
HEAD;D;20210111;0;2165.4;2172.8;2116.2;2116.2;6634;0
HEAD;D;20210112;0;2126.0;2126.0;2036.8;2065.0;14413;0
HEAD;D;20210113;0;2098.8;2098.8;2012.0;2018.0;15209;0
HEAD;D;20210114;0;2022.2;2190.0;2021.0;2101.4;9948;0
HEAD;D;20210115;0;2122.2;2208.4;2087.2;2100.0;8029;0
HEAD;D;20210118;0;2108.0;2132.2;2037.0;2073.2;5368;0
HEAD;D;20210119;0;2109.8;2169.8;1988.0;2120.0;17332;0
HEAD;D;20210120;0;2122.0;2180.0;2082.2;2180.0;9593;0
HEAD;D;20210121;0;2130.2;2229.8;2120.0;2140.6;8278;0
HEAD;D;20210122;0;2189.0;2245.4;2140.4;2240.4;15731;0
HEAD;D;20210125;0;2200.0;2301.6;2162.4;2273.0;6207;0
HEAD;D;20210126;0;2300.0;2300.0;2193.2;2248.0;5288;0
HEAD;D;20210127;0;2265.2;2350.0;2219.8;2276.0;9344;0
HEAD;D;20210128;0;2274.4;2380.0;2200.0;2330.2;8884;0
HEAD;D;20210129;0;2346.6;2398.4;2272.8;2353.0;19683;0
HEAD;D;20210201;0;2301.6;2388.0;2301.6;2350.0;4756;0
HEAD;D;20210202;0;2389.6;2424.6;2330.8;2374.0;4205;0
HEAD;D;20210203;0;2291.4;2442.0;2291.2;2387.0;6782;0
HEAD;D;20210204;0;2399.6;2441.6;2350.0;2399.8;6329;0
HEAD;D;20210205;0;2403.2;2423.8;2361.0;2405.2;7737;0
HEAD;D;20210208;0;2402.2;2486.8;2380.0;2477.8;3091;0
HEAD;D;20210209;0;2520.0;2520.0;2403.0;2440.0;5721;0
HEAD;D;20210210;0;2415.0;2469.8;2325.0;2372.2;5213;0
HEAD;D;20210211;0;2390.4;2399.8;2346.0;2351.8;3361;0
HEAD;D;20210212;0;2360.0;2385.2;2289.4;2289.8;5349;0
HEAD;D;20210215;0;2310.0;2325.0;2252.6;2325.0;6427;0
HEAD;D;20210216;0;2330.0;2354.4;2314.4;2339.4;7056;0
HEAD;D;20210217;0;2339.8;2418.0;2300.0;2418.0;6778;0
HEAD;D;20210218;0;2370.4;2386.8;2315.8;2338.0;5896;0
HEAD;D;20210219;0;2324.8;2400.0;2314.0;2380.0;8820;0
HEAD;D;20210220;0;2389.8;2390.2;2335.0;2335.0;392;0
HEAD;D;20210222;0;2350.0;2405.8;2334.4;2375.0;3468;0
HEAD;D;20210224;0;2350.2;2437.0;2336.2;2396.8;14478;0
HEAD;D;20210225;0;2437.0;2587.8;2395.2;2524.8;17070;0
HEAD;D;20210226;0;2596.0;2679.0;2542.8;2634.8;8754;0
HEAD;D;20210301;0;2610.0;2647.2;2543.0;2578.4;8271;0
HEAD;D;20210302;0;2540.0;2598.4;2515.2;2581.0;6602;0
HEAD;D;20210303;0;2580.0;2749.8;2580.0;2689.0;9909;0
HEAD;D;20210304;0;2699.0;2750.0;2640.0;2640.0;8768;0
HEAD;D;20210305;0;2697.6;2697.8;2405.0;2464.0;6954;0
HEAD;D;20210309;0;2498.0;2699.0;2283.2;2357.6;12510;0
HEAD;D;20210310;0;2312.0;2444.8;2312.0;2427.8;6236;0
HEAD;D;20210311;0;2382.2;2539.0;2382.2;2500.0;12039;0
HEAD;D;20210312;0;2477.0;2590.0;2477.0;2552.4;4763;0
HEAD;D;20210315;0;2550.0;2650.0;2549.0;2649.8;7380;0
HEAD;D;20210316;0;2680.0;2687.6;2450.0;2526.2;9846;0
HEAD;D;20210317;0;2478.0;2539.8;2454.2;2474.8;12315;0
HEAD;D;20210318;0;2479.0;2753.6;2370.0;2675.8;41542;0
HEAD;D;20210319;0;2680.0;2750.0;2628.8;2729.6;18376;0
HEAD;D;20210322;0;2730.0;2760.0;2672.8;2740.4;4950;0
HEAD;D;20210323;0;2740.0;2781.8;2577.2;2732.0;10689;0
HEAD;D;20210324;0;2725.4;2769.0;2608.2;2631.4;6270;0
HEAD;D;20210325;0;2622.0;2760.8;2511.0;2533.4;7867;0
HEAD;D;20210326;0;2564.6;2626.0;2543.8;2582.6;5506;0
HEAD;D;20210329;0;2599.4;2651.4;2545.0;2595.8;4710;0
HEAD;D;20210330;0;2570.2;2604.0;2499.8;2560.2;2517;0
HEAD;D;20210331;0;2599.8;2649.0;2572.0;2577.2;7294;0
HEAD;D;20210401;0;2619.6;2650.0;2573.2;2645.0;2638;0
HEAD;D;20210402;0;2630.0;2650.0;2583.0;2644.8;392;0
HEAD;D;20210405;0;2644.8;2775.0;2599.8;2691.4;4051;0
HEAD;D;20210406;0;2678.8;2825.0;2661.8;2825.0;5603;0
HEAD;D;20210407;0;2775.2;2840.2;2736.2;2773.6;2243;0
HEAD;D;20210408;0;2754.6;2815.0;2701.2;2710.0;3650;0
HEAD;D;20210409;0;2699.8;2754.2;2637.0;2724.6;3466;0
HEAD;D;20210412;0;2614.2;2838.2;2599.8;2734.8;6868;0
HEAD;D;20210413;0;2748.8;2945.4;2676.0;2847.0;11511;0
HEAD;D;20210414;0;2795.2;2890.0;2780.2;2815.2;1517;0
HEAD;D;20210415;0;2770.6;2879.8;2770.6;2805.0;3474;0
HEAD;D;20210416;0;2845.6;2868.6;2807.0;2812.2;739;0
HEAD;D;20210419;0;2767.0;2920.4;2767.0;2800.2;1298;0
HEAD;D;20210420;0;2892.6;2892.6;2734.2;2864.8;3193;0
HEAD;D;20210421;0;2829.4;2950.0;2817.2;2881.8;2772;0
HEAD;D;20210422;0;2896.6;2896.6;2673.4;2767.2;13120;0
HEAD;D;20210423;0;2713.2;2750.0;2620.8;2701.8;5531;0
HEAD;D;20210426;0;2703.4;2917.0;2684.0;2862.6;5352;0
HEAD;D;20210427;0;2897.6;3092.4;2891.8;3057.6;2848;0
HEAD;D;20210428;0;3010.4;3300.0;2925.0;3300.0;10461;0
HEAD;D;20210429;0;3192.0;3219.2;3035.0;3074.8;5153;0
HEAD;D;20210430;0;3089.0;3176.8;3073.2;3124.8;2412;0
HEAD;D;20210504;0;3020.0;3496.5;3020.0;3132.5;7048;0
HEAD;D;20210505;0;3150.5;3306.0;3040.0;3092.5;14346;0
HEAD;D;20210506;0;3091.0;3236.0;3026.0;3083.0;11215;0
HEAD;D;20210507;0;3089.0;3170.0;3037.5;3080.0;4859;0
HEAD;D;20210510;0;3099.0;3142.0;2925.5;2955.0;3371;0
HEAD;D;20210511;0;2930.5;2995.5;2763.0;2801.0;15743;0
HEAD;D;20210512;0;2850.0;2879.0;2707.0;2848.5;17031;0
HEAD;D;20210513;0;2878.0;2892.0;2750.0;2800.5;18210;0
HEAD;D;20210514;0;2868.5;2907.0;2763.0;2858.5;8963;0
HEAD;D;20210517;0;2949.5;2949.5;2784.0;2886.0;7722;0
HEAD;D;20210518;0;2879.0;2992.5;2788.5;2883.0;5147;0
HEAD;D;20210519;0;2891.5;2934.5;2809.5;2887.5;6296;0
HEAD;D;20210520;0;2848.0;2960.0;2848.0;2937.0;10326;0
HEAD;D;20210521;0;2965.0;3010.0;2850.0;2915.5;4142;0
HEAD;D;20210524;0;2977.5;3012.5;2900.5;3012.5;2149;0
HEAD;D;20210525;0;3015.0;3048.0;2945.0;3005.0;3046;0
HEAD;D;20210526;0;3028.0;3085.0;2920.5;2999.0;6400;0
HEAD;D;20210527;0;3011.5;3069.5;2907.0;2986.5;5584;0
HEAD;D;20210528;0;3008.0;3088.5;2966.5;3035.0;7134;0
HEAD;D;20210531;0;3028.0;3084.5;3007.0;3030.0;2762;0
HEAD;D;20210601;0;3078.5;3115.0;3010.0;3062.5;5790;0
HEAD;D;20210602;0;3019.5;3023.0;2775.0;2848.0;45669;0
HEAD;D;20210603;0;2850.0;2855.0;2614.5;2722.5;50959;0
HEAD;D;20210604;0;2747.0;2768.0;2677.0;2707.0;36337;0
HEAD;D;20210607;0;2710.0;2779.5;2710.0;2765.0;15997;0
HEAD;D;20210608;0;2723.0;2797.5;2648.0;2678.5;13585;0
HEAD;D;20210609;0;2640.0;2705.0;2606.0;2645.0;22437;0
HEAD;D;20210610;0;2647.5;2719.0;2631.5;2648.5;7724;0
HEAD;D;20210611;0;2682.0;2704.0;2635.5;2697.0;9927;0
HEAD;D;20210614;0;2713.0;2730.0;2675.5;2715.0;5677;0
HEAD;D;20210615;0;2747.5;2747.5;2633.0;2699.5;5292;0
HEAD;D;20210616;0;2723.5;2749.0;2668.5;2737.5;8131;0
HEAD;D;20210617;0;2705.0;2746.5;2675.0;2704.5;14243;0
HEAD;D;20210618;0;2719.0;2835.5;2681.0;2791.0;13107;0
HEAD;D;20210621;0;2791.0;2848.0;2762.5;2820.5;5749;0
HEAD;D;20210622;0;2828.0;2886.5;2805.5;2824.5;7827;0
HEAD;D;20210623;0;2835.5;2835.5;2761.0;2790.5;8267;0
HEAD;D;20210624;0;2836.0;2836.0;2684.5;2765.5;45920;0
HEAD;D;20210625;0;2774.0;2812.5;2749.0;2780.5;3069;0
HEAD;D;20210628;0;2779.5;2841.0;2768.5;2823.0;3619;0
HEAD;D;20210629;0;2861.0;2993.0;2762.5;2940.0;11221;0
HEAD;D;20210630;0;2901.5;3180.5;2901.5;3103.0;13189;0
HEAD;D;20210701;0;3057.5;3123.5;3024.0;3030.0;16239;0
HEAD;D;20210702;0;3025.5;3198.0;3025.5;3159.0;6839;0
HEAD;D;20210705;0;3162.0;3194.0;3057.5;3182.0;2477;0
HEAD;D;20210706;0;3125.0;3230.0;3092.5;3154.0;12467;0
HEAD;D;20210707;0;3192.5;3376.5;3121.5;3351.5;10124;0
HEAD;D;20210708;0;3354.5;3391.0;3171.0;3352.5;20352;0
HEAD;D;20210709;0;3409.5;3450.0;3285.0;3350.5;11049;0
HEAD;D;20210712;0;3367.0;3750.0;3287.0;3357.0;17931;0
HEAD;D;20210713;0;3422.0;3441.0;3300.0;3350.5;41627;0
HEAD;D;20210714;0;3399.5;3399.5;3210.5;3264.5;10656;0
HEAD;D;20210715;0;3295.0;3295.0;2981.5;3040.0;21068;0
HEAD;D;20210716;0;3032.5;3340.0;3017.0;3246.5;21184;0
HEAD;D;20210719;0;3269.5;3323.0;3177.0;3177.0;49566;0
HEAD;D;20210720;0;3200.0;3244.5;3142.5;3169.5;9386;0
HEAD;D;20210721;0;3188.0;3268.5;3167.0;3267.5;10803;0
HEAD;D;20210722;0;3164.5;3316.5;3164.5;3268.0;5051;0
HEAD;D;20210723;0;3295.0;3347.5;3264.5;3347.5;4461;0
HEAD;D;20210726;0;3429.0;3429.0;3164.0;3186.0;9753;0
HEAD;D;20210727;0;3200.0;3211.0;3056.0;3136.5;9699;0
HEAD;D;20210728;0;3137.5;3263.0;3111.0;3250.0;6990;0
HEAD;D;20210729;0;3260.0;3261.5;3200.0;3204.0;2836;0
HEAD;D;20210730;0;3199.0;3254.0;3089.0;3128.0;10014;0
HEAD;D;20210802;0;3124.0;3205.0;3089.0;3135.0;7653;0
HEAD;D;20210803;0;3130.0;3154.0;3035.0;3061.0;16290;0
HEAD;D;20210804;0;3071.0;3126.0;3020.0;3045.0;20262;0
HEAD;D;20210805;0;3051.0;3206.0;3026.0;3202.0;14011;0
HEAD;D;20210806;0;3157.0;3246.0;3157.0;3231.0;7545;0
HEAD;D;20210809;0;3231.0;3510.0;3196.0;3510.0;17427;0
HEAD;D;20210810;0;3470.0;3728.0;3445.0;3679.0;14427;0
HEAD;D;20210811;0;3720.0;3720.0;3552.0;3590.0;10796;0
HEAD;D;20210812;0;3610.0;3700.0;3579.0;3580.0;6401;0
HEAD;D;20210813;0;3621.0;3830.0;3449.0;3547.0;4266;0
HEAD;D;20210816;0;3660.0;3747.0;3562.0;3705.0;23072;0
HEAD;D;20210817;0;3706.0;4075.0;3680.0;3779.0;39401;0
HEAD;D;20210818;0;3820.0;3849.0;3612.0;3650.0;16479;0
HEAD;D;20210819;0;3512.0;3887.0;3512.0;3853.0;20146;0
HEAD;D;20210820;0;3819.0;3883.0;3735.0;3789.0;7174;0
HEAD;D;20210823;0;3736.0;3876.0;3736.0;3802.0;9539;0
HEAD;D;20210824;0;3810.0;4014.0;3810.0;3926.0;14202;0
HEAD;D;20210825;0;3963.0;4003.0;3707.0;3892.0;17314;0
HEAD;D;20210826;0;3927.0;3927.0;3790.0;3897.0;8725;0
HEAD;D;20210827;0;3897.0;4021.0;3842.0;3949.0;9847;0
HEAD;D;20210830;0;3970.0;4100.0;3970.0;4086.0;12661;0
HEAD;D;20210831;0;4086.0;4114.0;3847.0;3911.0;20686;0
HEAD;D;20210901;0;3930.0;4029.0;3870.0;3985.0;9127;0
HEAD;D;20210902;0;4079.0;4142.0;3978.0;4142.0;11302;0
HEAD;D;20210903;0;4160.0;4160.0;3952.0;4027.0;13123;0
HEAD;D;20210906;0;4021.0;4066.0;3981.0;4062.0;3643;0
HEAD;D;20210907;0;4063.0;4085.0;3956.0;3975.0;12839;0
HEAD;D;20210908;0;3991.0;4021.0;3789.0;3960.0;7105;0
HEAD;D;20210909;0;3932.0;3981.0;3869.0;3929.0;8734;0
HEAD;D;20210910;0;3923.0;3969.0;3887.0;3888.0;3432;0
HEAD;D;20210913;0;3918.0;3978.0;3845.0;3880.0;5651;0
HEAD;D;20210914;0;3935.0;3949.0;3841.0;3855.0;8892;0
HEAD;D;20210915;0;3864.0;3969.0;3832.0;3950.0;12631;0
HEAD;D;20210916;0;4000.0;4068.0;3892.0;3927.0;30681;0
HEAD;D;20210917;0;3931.0;3988.0;3806.0;3831.0;14668;0
HEAD;D;20210920;0;3761.0;3890.0;3701.0;3780.0;16275;0
HEAD;D;20210921;0;3800.0;3819.0;3695.0;3700.0;4274;0
HEAD;D;20210922;0;3710.0;3804.0;3680.0;3780.0;10623;0
HEAD;D;20210923;0;3780.0;3830.0;3733.0;3767.0;7274;0
HEAD;D;20210924;0;3767.0;3790.0;3628.0;3696.0;9691;0
HEAD;D;20210927;0;3710.0;3752.0;3673.0;3727.0;9214;0
HEAD;D;20210928;0;3692.0;3712.0;3634.0;3634.0;5282;0
HEAD;D;20210929;0;3637.0;3670.0;3530.0;3556.0;13311;0
HEAD;D;20210930;0;3558.0;3640.0;3465.0;3558.0;24918;0
HEAD;D;20211001;0;3562.0;3628.0;3528.0;3628.0;8120;0
HEAD;D;20211004;0;3627.0;3744.0;3519.0;3577.0;19912;0
HEAD;D;20211005;0;3600.0;3739.0;3523.0;3692.0;14247;0
HEAD;D;20211006;0;3748.0;3856.0;3622.0;3852.0;28670;0
HEAD;D;20211007;0;3890.0;4171.0;3769.0;3957.0;40851;0
HEAD;D;20211008;0;3981.0;4064.0;3919.0;4012.0;16226;0
HEAD;D;20211011;0;4000.0;4083.0;3968.0;3971.0;11582;0
HEAD;D;20211012;0;3990.0;4084.0;3955.0;4040.0;10783;0
HEAD;D;20211013;0;4048.0;4054.0;3881.0;3926.0;12050;0
HEAD;D;20211014;0;3981.0;3981.0;3783.0;3879.0;18804;0
HEAD;D;20211015;0;3900.0;3945.0;3779.0;3920.0;10952;0
HEAD;D;20211018;0;3964.0;3964.0;3662.0;3809.0;53596;0
HEAD;D;20211019;0;3820.0;3991.0;3814.0;3979.0;12976;0
HEAD;D;20211020;0;3990.0;3990.0;3840.0;3876.0;9644;0
HEAD;D;20211021;0;3900.0;4040.0;3840.0;4007.0;11625;0
HEAD;D;20211022;0;4040.0;4111.0;3990.0;4036.0;14863;0
HEAD;D;20211025;0;4098.0;4224.0;3973.0;4215.0;17521;0
HEAD;D;20211026;0;4140.0;4308.0;4006.0;4039.0;21419;0
HEAD;D;20211027;0;4060.0;4140.0;3953.0;3986.0;18348;0
HEAD;D;20211028;0;4020.0;4037.0;3856.0;3908.0;18190;0
HEAD;D;20211029;0;3930.0;3994.0;3741.0;3776.0;21473;0
HEAD;D;20211101;0;3830.0;3867.0;3754.0;3838.0;11647;0
HEAD;D;20211102;0;3870.0;4010.0;3816.0;3855.0;16322;0
HEAD;D;20211103;0;3870.0;3889.0;3797.0;3826.0;9288;0
HEAD;D;20211105;0;3843.0;3849.0;3671.0;3756.0;13019;0
HEAD;D;20211108;0;3779.0;3897.0;3733.0;3892.0;18683;0
HEAD;D;20211109;0;3866.0;4153.0;3854.0;4099.0;20241;0
HEAD;D;20211110;0;4091.0;4104.0;3960.0;4085.0;10404;0
HEAD;D;20211111;0;4054.0;4155.0;3994.0;4053.0;12603;0
HEAD;D;20211112;0;4116.0;4291.0;4080.0;4178.0;19905;0
HEAD;D;20211115;0;4288.0;4952.0;4184.0;4610.0;75994;0
HEAD;D;20211116;0;4689.0;4819.0;4469.0;4773.0;25294;0
HEAD;D;20211117;0;4790.0;4790.0;4412.0;4484.0;15319;0
HEAD;D;20211118;0;4520.0;4587.0;4389.0;4546.0;9557;0
HEAD;D;20211119;0;4560.0;4610.0;4493.0;4539.0;9239;0
HEAD;D;20211122;0;4500.0;4555.0;4225.0;4230.0;44403;0
HEAD;D;20211123;0;4300.0;4400.0;4070.0;4192.0;31093;0
HEAD;D;20211124;0;4170.0;4300.0;4055.0;4126.0;24045;0
HEAD;D;20211125;0;4151.0;4212.0;4100.0;4198.0;8615;0
HEAD;D;20211126;0;4000.0;4136.0;3815.0;3955.0;17143;0
HEAD;D;20211129;0;4040.0;4172.0;3972.0;3996.0;92216;0
HEAD;D;20211130;0;3801.0;4122.0;3801.0;4113.0;73761;0
HEAD;D;20211201;0;4299.0;4322.0;4100.0;4189.0;54593;0
HEAD;D;20211202;0;4238.0;4292.0;4046.0;4084.0;27033;0
HEAD;D;20211203;0;4100.0;4150.0;3883.0;3887.0;20255;0
HEAD;D;20211206;0;3945.0;3986.0;3687.0;3854.0;22275;0
HEAD;D;20211207;0;3840.0;4051.0;3632.0;3953.0;33035;0
HEAD;D;20211208;0;3948.0;4086.0;3902.0;3933.0;31447;0
HEAD;D;20211209;0;3931.0;4073.0;3930.0;3987.0;28347;0
HEAD;D;20211210;0;4008.0;4100.0;3963.0;4084.0;17594;0
HEAD;D;20211213;0;4093.0;4150.0;3752.0;3787.0;45273;0
HEAD;D;20211214;0;3790.0;4070.0;3300.0;3700.0;52817;0
HEAD;D;20211215;0;3708.0;3800.0;3551.0;3700.0;54370;0
HEAD;D;20211216;0;3888.0;3888.0;3644.0;3721.0;64875;0
HEAD;D;20211217;0;3773.0;3840.0;3612.0;3722.0;25623;0
HEAD;D;20211220;0;3800.0;3964.0;3668.0;3696.0;40422;0
HEAD;D;20211221;0;3717.0;3843.0;3681.0;3842.0;17504;0
HEAD;D;20211222;0;3942.0;3942.0;3820.0;3844.0;23616;0
HEAD;D;20211223;0;3909.0;3915.0;3717.0;3802.0;34231;0
HEAD;D;20211224;0;3780.0;3850.0;3690.0;3812.0;9835;0
HEAD;D;20211227;0;3888.0;3925.0;3776.0;3885.0;19918;0
HEAD;D;20211228;0;3896.0;3963.0;3795.0;3830.0;25269;0
HEAD;D;20211229;0;3831.0;3866.0;3751.0;3809.0;24032;0
HEAD;D;20211230;0;3834.0;3889.0;3792.0;3889.0;13396;0
HEAD;D;20220103;0;3898.0;3960.0;3810.0;3873.0;16340;0
HEAD;D;20220104;0;3847.0;4002.0;3821.0;3898.0;28913;0
HEAD;D;20220105;0;3886.0;3951.0;3486.0;3510.0;60842;0
HEAD;D;20220106;0;3560.0;3616.0;3338.0;3458.0;46411;0
HEAD;D;20220110;0;3475.0;3549.0;3377.0;3484.0;35958;0
HEAD;D;20220111;0;3497.0;3579.0;3434.0;3513.0;30839;0
HEAD;D;20220112;0;3535.0;3635.0;3496.0;3555.0;32754;0
HEAD;D;20220113;0;3568.0;3629.0;3425.0;3570.0;44825;0
HEAD;D;20220114;0;3577.0;3632.0;3335.0;3566.0;70061;0
HEAD;D;20220117;0;3409.0;3796.0;3403.0;3719.0;29040;0
HEAD;D;20220118;0;3608.0;3756.0;3125.0;3150.0;97579;0
HEAD;D;20220119;0;3168.0;3299.0;2963.0;2984.0;96055;0
HEAD;D;20220120;0;3140.0;3250.0;2837.0;2837.0;144083;0
HEAD;D;20220121;0;2848.0;2959.0;2683.0;2694.0;74039;0
HEAD;D;20220124;0;2759.0;2852.0;2597.0;2846.0;81981;0
HEAD;D;20220125;0;2857.0;3040.0;2777.0;2969.0;76878;0
HEAD;D;20220126;0;2970.0;3214.0;2903.0;3031.0;58997;0
HEAD;D;20220127;0;3040.0;3276.0;3040.0;3268.0;46057;0
HEAD;D;20220128;0;3276.0;3360.0;3130.0;3306.0;38718;0
HEAD;D;20220131;0;3390.0;3524.0;3286.0;3421.0;44897;0
HEAD;D;20220201;0;3401.0;3698.0;3370.0;3555.0;37473;0
HEAD;D;20220202;0;3612.0;3670.0;3527.0;3658.0;21056;0
HEAD;D;20220203;0;3532.0;3680.0;3408.0;3465.0;28153;0
HEAD;D;20220204;0;3471.0;3585.0;3421.0;3530.0;16932;0
HEAD;D;20220207;0;3531.0;3589.0;3416.0;3483.0;13319;0
HEAD;D;20220208;0;3476.0;3546.0;3383.0;3490.0;13872;0
HEAD;D;20220209;0;3471.0;3586.0;3471.0;3569.0;16173;0
HEAD;D;20220210;0;3569.0;3760.0;3507.0;3639.0;20424;0
HEAD;D;20220211;0;3797.0;3797.0;3245.0;3256.0;35538;0
HEAD;D;20220214;0;3340.0;3483.0;3097.0;3251.0;35091;0
HEAD;D;20220215;0;3252.0;3508.0;3250.0;3451.0;45969;0
HEAD;D;20220216;0;3453.0;3797.0;3348.0;3355.0;43477;0
HEAD;D;20220217;0;3357.0;3488.0;3248.0;3325.0;35543;0
HEAD;D;20220218;0;3397.0;3555.0;3004.0;3028.0;37859;0
HEAD;D;20220221;0;3017.0;3279.0;2700.0;2876.0;40891;0
HEAD;D;20220222;0;2666.0;3110.0;2600.0;3069.0;42755;0
HEAD;D;20220224;0;2796.0;3100.0;1532.0;2094.0;43422;0
HEAD;D;20220225;0;1989.0;2400.0;1400.0;1549.0;65040;0
HEAD;D;20220329;0;1497.0;1730.0;1220.0;1320.0;17548;0
HEAD;D;20220330;0;1448.0;1768.0;1404.0;1580.0;30773;0
HEAD;D;20220331;0;1738.0;2362.0;1595.0;2280.0;36315;0
HEAD;D;20220401;0;2202.0;2808.0;2190.0;2299.0;31356;0
HEAD;D;20220404;0;2299.0;2498.0;2126.0;2167.0;17612;0
HEAD;D;20220405;0;2189.0;2198.0;2001.0;2051.0;15525;0
HEAD;D;20220406;0;2110.0;2110.0;1927.0;1992.0;5724;0
HEAD;D;20220407;0;1992.0;2052.0;1900.0;1910.0;6429;0
HEAD;D;20220408;0;1999.0;2390.0;1740.0;2163.0;11603;0
HEAD;D;20220411;0;2217.0;2300.0;1962.0;2072.0;3347;0
HEAD;D;20220412;0;2070.0;2136.0;1918.0;1991.0;1904;0
HEAD;D;20220413;0;2020.0;2059.0;1950.0;2018.0;1357;0
HEAD;D;20220414;0;2002.0;2098.0;1824.0;1889.0;2299;0
HEAD;D;20220415;0;1864.0;1924.0;1761.0;1860.0;2720;0
HEAD;D;20220418;0;1889.0;1916.0;1751.0;1799.0;2388;0
HEAD;D;20220419;0;1798.0;1848.0;1625.0;1729.0;2668;0
HEAD;D;20220420;0;1846.0;1886.0;1684.0;1795.0;2335;0
HEAD;D;20220421;0;1732.0;1846.0;1722.0;1820.0;2479;0
HEAD;D;20220422;0;1705.0;1868.0;1705.0;1720.0;999;0
HEAD;D;20220425;0;1720.0;1720.0;1502.0;1520.0;2445;0
HEAD;D;20220426;0;1520.0;1548.0;1450.0;1505.0;3187;0
HEAD;D;20220427;0;1582.0;1629.0;1489.0;1575.0;2560;0
HEAD;D;20220428;0;1571.0;1899.0;1570.0;1670.0;3643;0
HEAD;D;20220429;0;1783.0;1783.0;1566.0;1682.0;905;0
HEAD;D;20220504;0;1706.0;1725.0;1561.0;1575.0;2304;0
HEAD;D;20220505;0;1509.0;1644.0;1509.0;1555.0;2341;0
HEAD;D;20220506;0;1473.0;1579.0;1473.0;1496.0;1564;0
HEAD;D;20220511;0;1450.0;1616.0;1438.0;1593.0;2266;0
HEAD;D;20220512;0;1598.0;1598.0;1440.0;1483.0;2691;0
HEAD;D;20220513;0;1452.0;1523.0;1452.0;1490.0;639;0
HEAD;D;20220516;0;1514.0;1560.0;1456.0;1537.0;1158;0
HEAD;D;20220517;0;1535.0;1600.0;1499.0;1512.0;2911;0
HEAD;D;20220518;0;1540.0;1600.0;1476.0;1499.0;5450;0
HEAD;D;20220519;0;1475.0;1508.0;1460.0;1500.0;1161;0
HEAD;D;20220520;0;1514.0;1533.0;1441.0;1465.0;1816;0
HEAD;D;20220523;0;1480.0;1497.0;1352.0;1414.0;2181;0
HEAD;D;20220524;0;1387.0;1389.0;1310.0;1336.0;1730;0
HEAD;D;20220525;0;1383.0;1384.0;1300.0;1353.0;869;0
HEAD;D;20220526;0;1388.0;1450.0;1340.0;1404.0;1765;0
HEAD;D;20220527;0;1464.0;1494.0;1376.0;1465.0;1746;0
HEAD;D;20220530;0;1485.0;1488.0;1325.0;1329.0;1997;0
HEAD;D;20220531;0;1330.0;1350.0;1140.0;1180.0;9384;0
HEAD;D;20220601;0;1181.0;1246.0;1156.0;1193.0;3018;0
HEAD;D;20220602;0;1192.0;1195.0;1160.0;1177.0;8781;0
HEAD;D;20220603;0;1177.0;1192.0;1052.0;1082.0;4296;0
HEAD;D;20220606;0;1082.0;1132.0;970.0;987.0;3883;0
HEAD;D;20220607;0;981.0;1000.0;948.0;950.0;3318;0
HEAD;D;20220608;0;950.0;1086.0;931.0;1044.0;4874;0
HEAD;D;20220609;0;1098.0;1098.0;934.0;946.0;3555;0
HEAD;D;20220610;0;988.0;995.0;872.0;882.0;5242;0
HEAD;D;20220614;0;880.0;880.0;832.0;850.0;2163;0
HEAD;D;20220615;0;829.0;923.0;828.0;870.0;1501;0
HEAD;D;20220616;0;884.0;959.0;880.0;936.0;3010;0
HEAD;D;20220617;0;956.0;996.0;910.0;922.0;1553;0
HEAD;D;20220620;0;855.0;965.0;855.0;904.0;2773;0
HEAD;D;20220621;0;871.0;934.0;857.0;882.0;2653;0
HEAD;D;20220622;0;856.0;900.0;838.0;877.0;2052;0
HEAD;D;20220623;0;869.0;904.0;857.0;870.0;2229;0
HEAD;D;20220624;0;872.0;898.0;813.0;830.0;7482;0
HEAD;D;20220627;0;836.0;862.0;826.0;843.0;2016;0
HEAD;D;20220628;0;858.0;888.0;829.0;888.0;2210;0
HEAD;D;20220629;0;895.0;919.0;864.0;864.0;2185;0
HEAD;D;20220630;0;938.0;939.0;817.0;917.0;4157;0
HEAD;D;20220701;0;939.0;1010.0;890.0;941.0;3349;0
HEAD;D;20220704;0;957.0;969.0;944.0;952.0;6504;0
HEAD;D;20220705;0;936.0;1005.0;933.0;988.0;3340;0
HEAD;D;20220706;0;1022.0;1071.0;894.0;921.0;8894;0
HEAD;D;20220707;0;924.0;959.0;875.0;888.0;8192;0
HEAD;D;20220708;0;903.0;937.0;900.0;927.0;1457;0
HEAD;D;20220711;0;894.0;989.0;894.0;913.0;1240;0
HEAD;D;20220712;0;909.0;913.0;855.0;863.0;2074;0
HEAD;D;20220713;0;869.0;871.0;830.0;835.0;3737;0
HEAD;D;20220714;0;898.0;899.0;820.0;825.0;756;0
HEAD;D;20220715;0;868.0;868.0;820.0;825.0;1102;0
HEAD;D;20220718;0;850.0;901.0;832.0;872.0;4680;0
HEAD;D;20220719;0;871.0;935.0;853.0;895.0;7201;0
HEAD;D;20220720;0;925.0;929.0;855.0;908.0;5193;0
HEAD;D;20220721;0;924.0;926.0;890.0;917.0;1839;0
HEAD;D;20220722;0;920.0;946.0;907.0;940.0;2315;0
HEAD;D;20220725;0;949.0;1150.0;941.0;1073.0;14302;0
HEAD;D;20220726;0;1141.0;1340.0;1102.0;1159.0;31098;0
HEAD;D;20220727;0;1200.0;1340.0;1199.0;1296.0;23159;0
HEAD;D;20220728;0;1303.0;1569.0;1211.0;1530.0;50893;0
HEAD;D;20220729;0;1597.0;1850.0;1473.0;1628.0;68181;0
HEAD;D;20220801;0;1650.0;1697.0;1355.0;1455.0;20725;0
HEAD;D;20220802;0;1450.0;1487.0;1325.0;1360.0;10282;0
HEAD;D;20220803;0;1396.0;1438.0;1326.0;1357.0;6872;0
HEAD;D;20220804;0;1366.0;1845.0;1351.0;1710.0;51628;0
HEAD;D;20220805;0;1722.0;1845.0;1665.0;1680.0;35645;0
HEAD;D;20220808;0;1760.0;1928.0;1700.0;1795.0;26037;0
HEAD;D;20220809;0;1800.0;1843.0;1715.0;1762.0;10049;0
HEAD;D;20220810;0;1835.0;1835.0;1770.0;1780.0;4098;0
HEAD;D;20220811;0;1782.0;1794.0;1670.0;1684.0;8551;0
HEAD;D;20220812;0;1680.0;1810.0;1680.0;1780.0;5166;0
HEAD;D;20220815;0;1822.0;1823.0;1700.0;1716.0;3402;0
HEAD;D;20220816;0;1700.0;1776.0;1551.0;1666.0;6416;0
HEAD;D;20220817;0;1674.0;1740.0;1662.0;1695.0;2481;0
HEAD;D;20220818;0;1695.0;1695.0;1580.0;1610.0;4545;0
HEAD;D;20220819;0;1635.0;1635.0;1527.0;1553.0;3013;0
HEAD;D;20220822;0;1505.0;1671.0;1505.0;1596.0;6962;0
HEAD;D;20220823;0;1630.0;1646.0;1482.0;1500.0;17510;0
HEAD;D;20220824;0;1650.0;1650.0;1417.0;1473.0;15588;0
HEAD;D;20220825;0;1519.0;1519.0;1431.0;1466.0;4787;0
HEAD;D;20220826;0;1465.0;1482.0;1401.0;1460.0;4731;0
HEAD;D;20220829;0;1459.0;1600.0;1440.0;1591.0;10619;0
HEAD;D;20220830;0;1600.0;1603.0;1500.0;1512.0;12317;0
HEAD;D;20220831;0;1507.0;1540.0;1421.0;1516.0;6482;0
HEAD;D;20220901;0;1517.0;1519.0;1440.0;1470.0;11455;0
HEAD;D;20220902;0;1488.0;1494.0;1391.0;1399.0;14181;0
HEAD;D;20220905;0;1390.0;1450.0;1355.0;1387.0;13848;0
HEAD;D;20220906;0;1400.0;1400.0;1333.0;1342.0;15840;0
HEAD;D;20220907;0;1335.0;1400.0;1300.0;1336.0;16538;0
HEAD;D;20220908;0;1385.0;1385.0;1250.0;1279.0;14337;0
HEAD;D;20220909;0;1289.0;1367.0;1278.0;1353.0;6811;0
HEAD;D;20220912;0;1380.0;1440.0;1349.0;1400.0;12152;0
HEAD;D;20220913;0;1420.0;1420.0;1323.0;1382.0;8443;0
HEAD;D;20220914;0;1368.0;1385.0;1305.0;1350.0;8443;0
HEAD;D;20220915;0;1335.0;1371.0;1325.0;1348.0;5172;0
HEAD;D;20220916;0;1349.0;1449.0;1335.0;1400.0;16973;0
HEAD;D;20220919;0;1404.0;1475.0;1337.0;1470.0;20607;0
HEAD;D;20220920;0;1500.0;1502.0;1210.0;1309.0;31869;0
HEAD;D;20220921;0;1166.0;1309.0;983.0;1264.0;7287;0
HEAD;D;20220922;0;1284.0;1324.0;1245.0;1259.0;5764;0
HEAD;D;20220923;0;1291.0;1291.0;1111.0;1130.0;4565;0
HEAD;D;20220926;0;1111.0;1130.0;853.0;1019.0;15333;0
HEAD;D;20220927;0;1030.0;1090.0;1010.0;1049.0;4074;0
HEAD;D;20220928;0;1115.0;1115.0;1002.0;1043.0;6416;0
HEAD;D;20220929;0;1025.0;1091.0;924.0;989.0;12992;0
HEAD;D;20220930;0;994.0;1097.0;918.0;1050.0;11875;0
HEAD;D;20221003;0;1075.0;1200.0;1075.0;1186.0;10197;0
HEAD;D;20221004;0;1187.0;1289.0;1100.0;1193.0;15417;0
HEAD;D;20221005;0;1168.0;1174.0;1101.0;1152.0;3591;0
HEAD;D;20221006;0;1155.0;1220.0;1111.0;1139.0;3056;0
HEAD;D;20221007;0;1139.0;1139.0;1113.0;1135.0;3088;0
HEAD;D;20221010;0;1020.0;1169.0;1020.0;1167.0;3604;0
HEAD;D;20221011;0;1144.0;1175.0;1144.0;1165.0;1409;0
HEAD;D;20221012;0;1175.0;1194.0;1152.0;1169.0;1515;0
HEAD;D;20221013;0;1167.0;1239.0;1152.0;1197.0;6710;0
HEAD;D;20221014;0;1205.0;1210.0;1170.0;1194.0;1413;0
HEAD;D;20221017;0;1187.0;1300.0;1186.0;1299.0;6994;0
HEAD;D;20221018;0;1300.0;1357.0;1259.0;1290.0;5898;0
HEAD;D;20221019;0;1290.0;1295.0;1220.0;1259.0;3010;0
HEAD;D;20221020;0;1275.0;1288.0;1245.0;1246.0;2182;0
HEAD;D;20221021;0;1268.0;1290.0;1219.0;1255.0;3297;0
HEAD;D;20221024;0;1269.0;1297.0;1260.0;1286.0;1894;0
HEAD;D;20221025;0;1275.0;1291.0;1265.0;1287.0;4732;0
HEAD;D;20221026;0;1288.0;1300.0;1271.0;1282.0;2182;0
HEAD;D;20221027;0;1286.0;1293.0;1272.0;1279.0;1536;0
HEAD;D;20221028;0;1284.0;1425.0;1229.0;1334.0;13197;0
HEAD;D;20221031;0;1341.0;1410.0;1341.0;1385.0;4875;0
HEAD;D;20221101;0;1385.0;1475.0;1357.0;1380.0;5094;0
HEAD;D;20221102;0;1355.0;1390.0;1330.0;1345.0;3668;0
HEAD;D;20221103;0;1331.0;1381.0;1331.0;1356.0;3228;0
HEAD;D;20221107;0;1377.0;1425.0;1352.0;1399.0;9530;0
HEAD;D;20221108;0;1407.0;1414.0;1330.0;1379.0;8909;0
HEAD;D;20221109;0;1390.0;1444.0;1365.0;1375.0;4279;0
HEAD;D;20221110;0;1368.0;1410.0;1364.0;1393.0;3074;0
HEAD;D;20221111;0;1405.0;1405.0;1368.0;1390.0;3456;0
HEAD;D;20221114;0;1390.0;1400.0;1364.0;1399.0;1970;0
HEAD;D;20221115;0;1388.0;1400.0;1201.0;1375.0;5747;0
HEAD;D;20221116;0;1375.0;1394.0;1292.0;1362.0;38649;0
HEAD;D;20221117;0;1370.0;1400.0;1341.0;1360.0;24685;0
HEAD;D;20221118;0;1365.0;1440.0;1353.0;1385.0;5879;0
HEAD;D;20221121;0;1394.0;1396.0;1332.0;1363.0;5032;0
HEAD;D;20221122;0;1375.0;1379.0;1345.0;1358.0;2673;0
HEAD;D;20221123;0;1365.0;1396.0;1340.0;1374.0;2172;0
HEAD;D;20221124;0;1370.0;1370.0;1340.0;1358.0;1052;0
HEAD;D;20221125;0;1359.0;1369.0;1345.0;1351.0;665;0
HEAD;D;20221128;0;1343.0;1380.0;1312.0;1347.0;4442;0
HEAD;D;20221129;0;1359.0;1380.0;1342.0;1354.0;3306;0
HEAD;D;20221130;0;1361.0;1377.0;1361.0;1374.0;6935;0
HEAD;D;20221201;0;1365.0;1384.0;1348.0;1362.0;1493;0
HEAD;D;20221202;0;1359.0;1369.0;1334.0;1350.0;2043;0
HEAD;D;20221205;0;1359.0;1371.0;1332.0;1349.0;6021;0
HEAD;D;20221206;0;1353.0;1375.0;1346.0;1354.0;11600;0
HEAD;D;20221207;0;1369.0;1380.0;1352.0;1366.0;1431;0
HEAD;D;20221208;0;1369.0;1389.0;1361.0;1381.0;8817;0
HEAD;D;20221209;0;1360.0;1372.0;1346.0;1351.0;2094;0
HEAD;D;20221212;0;1365.0;1370.0;1355.0;1355.0;2971;0
HEAD;D;20221213;0;1355.0;1364.0;1337.0;1343.0;9753;0
HEAD;D;20221214;0;1342.0;1342.0;1280.0;1318.0;1867;0
HEAD;D;20221215;0;1337.0;1337.0;1275.0;1288.0;22756;0
HEAD;D;20221216;0;1276.0;1304.0;1273.0;1289.0;5433;0
HEAD;D;20221219;0;1294.0;1299.0;1261.0;1271.0;8379;0
HEAD;D;20221220;0;1270.0;1305.0;1270.0;1302.0;4962;0
HEAD;D;20221221;0;1286.0;1319.0;1285.0;1303.0;2294;0
HEAD;D;20221222;0;1301.0;1325.0;1272.0;1305.0;4921;0
HEAD;D;20221223;0;1319.0;1340.0;1246.0;1284.0;11275;0
HEAD;D;20221226;0;1294.0;1294.0;1240.0;1256.0;6268;0
HEAD;D;20221227;0;1241.0;1265.0;1225.0;1265.0;4351;0
HEAD;D;20221228;0;1259.0;1259.0;1186.0;1210.0;23664;0
HEAD;D;20221229;0;1222.0;1222.0;1161.0;1198.0;5887;0
HEAD;D;20221230;0;1196.0;1218.0;1174.0;1202.0;3451;0
HEAD;D;20230104;0;1227.0;1256.0;1214.0;1240.0;1035;0
HEAD;D;20230105;0;1242.0;1254.0;1230.0;1232.0;733;0
HEAD;D;20230106;0;1234.0;1257.0;1206.0;1212.0;2763;0
HEAD;D;20230109;0;1199.0;1262.0;1125.0;1167.0;34201;0
HEAD;D;20230110;0;1160.0;1160.0;1085.0;1104.0;21335;0
HEAD;D;20230111;0;1101.0;1189.0;1080.0;1181.0;47141;0
HEAD;D;20230112;0;1190.0;1239.0;1151.0;1200.0;19755;0
HEAD;D;20230113;0;1200.0;1228.0;1164.0;1221.0;24433;0
HEAD;D;20230116;0;1220.0;1338.0;1213.0;1298.0;33328;0
HEAD;D;20230117;0;1295.0;1339.0;1270.0;1273.0;31483;0
HEAD;D;20230118;0;1277.0;1319.0;1270.0;1310.0;16202;0
HEAD;D;20230119;0;1299.0;1308.0;1273.0;1287.0;12583;0
HEAD;D;20230120;0;1289.0;1314.0;1272.0;1290.0;8607;0
HEAD;D;20230123;0;1298.0;1436.0;1289.0;1390.0;63549;0
HEAD;D;20230124;0;1405.0;1405.0;1361.0;1390.0;15390;0
HEAD;D;20230125;0;1372.0;1400.0;1363.0;1385.0;4031;0
HEAD;D;20230126;0;1375.0;1395.0;1320.0;1382.0;10430;0
HEAD;D;20230127;0;1393.0;1410.0;1355.0;1391.0;9086;0
HEAD;D;20230130;0;1395.0;1425.0;1384.0;1415.0;12273;0
HEAD;D;20230131;0;1426.0;1435.0;1390.0;1399.0;9444;0
HEAD;D;20230201;0;1419.0;1425.0;1401.0;1414.0;4562;0
HEAD;D;20230202;0;1423.0;1440.0;1415.0;1440.0;2846;0
HEAD;D;20230203;0;1434.0;1434.0;1330.0;1390.0;9677;0
HEAD;D;20230206;0;1375.0;1421.0;1375.0;1401.0;5552;0
HEAD;D;20230207;0;1410.0;1426.0;1366.0;1411.0;12710;0
HEAD;D;20230208;0;1420.0;1438.0;1365.0;1383.0;18812;0
HEAD;D;20230209;0;1391.0;1391.0;1306.0;1342.0;12359;0
HEAD;D;20230210;0;1347.0;1348.0;1312.0;1319.0;6677;0
HEAD;D;20230213;0;1323.0;1371.0;1319.0;1368.0;11597;0
HEAD;D;20230214;0;1353.0;1368.0;1318.0;1350.0;6315;0
HEAD;D;20230215;0;1350.0;1350.0;1280.0;1308.0;10353;0
HEAD;D;20230216;0;1309.0;1345.0;1309.0;1327.0;5175;0
HEAD;D;20230217;0;1322.0;1334.0;1299.0;1319.0;2890;0
HEAD;D;20230220;0;1311.0;1319.0;1299.0;1315.0;2129;0
HEAD;D;20230221;0;1313.0;1369.0;1302.0;1333.0;2922;0
HEAD;D;20230222;0;1342.0;1346.0;1315.0;1337.0;1501;0
HEAD;D;20230224;0;1340.0;1340.0;1280.0;1330.0;1557;0
HEAD;D;20230227;0;1332.0;1332.0;1289.0;1328.0;5438;0
HEAD;D;20230228;0;1332.0;1360.0;1306.0;1331.0;11023;0
HEAD;D;20230301;0;1335.0;1352.0;1326.0;1342.0;4157;0
HEAD;D;20230302;0;1343.0;1349.0;1310.0;1325.0;7422;0
HEAD;D;20230303;0;1318.0;1351.0;1314.0;1333.0;3557;0
HEAD;D;20230306;0;1343.0;1348.0;1312.0;1338.0;4917;0
HEAD;D;20230307;0;1338.0;1342.0;1312.0;1330.0;8445;0
HEAD;D;20230309;0;1329.0;1329.0;1308.0;1316.0;3980;0
HEAD;D;20230310;0;1309.0;1332.0;1297.0;1320.0;4515;0
HEAD;D;20230313;0;1318.0;1327.0;1297.0;1311.0;4419;0
HEAD;D;20230314;0;1315.0;1316.0;1293.0;1305.0;5302;0
HEAD;D;20230315;0;1308.0;1314.0;1282.0;1298.0;5861;0
HEAD;D;20230316;0;1290.0;1304.0;1255.0;1293.0;9486;0
HEAD;D;20230317;0;1288.0;1310.0;1282.0;1300.0;2254;0
HEAD;D;20230320;0;1290.0;1305.0;1270.0;1305.0;3929;0
HEAD;D;20230321;0;1307.0;1307.0;1271.0;1286.0;9266;0
HEAD;D;20230322;0;1281.0;1305.0;1273.0;1295.0;2930;0
HEAD;D;20230323;0;1289.0;1297.0;1276.0;1281.0;2148;0
HEAD;D;20230324;0;1278.0;1297.0;1275.0;1297.0;1440;0
HEAD;D;20230327;0;1293.0;1310.0;1289.0;1309.0;4173;0
HEAD;D;20230328;0;1315.0;1336.0;1302.0;1323.0;6117;0
HEAD;D;20230329;0;1328.0;1348.0;1295.0;1310.0;22541;0
HEAD;D;20230330;0;1317.0;1388.0;1300.0;1381.0;13500;0
HEAD;D;20230331;0;1370.0;1387.0;1350.0;1366.0;6396;0
HEAD;D;20230403;0;1366.0;1450.0;1351.0;1424.0;18446;0
HEAD;D;20230404;0;1433.0;1436.0;1390.0;1421.0;7181;0
HEAD;D;20230405;0;1425.0;1425.0;1335.0;1388.0;35626;0
HEAD;D;20230406;0;1390.0;1450.0;1381.0;1416.0;26571;0
HEAD;D;20230407;0;1448.0;1450.0;1408.0;1439.0;12534;0
HEAD;D;20230410;0;1455.0;1589.0;1439.0;1545.0;26179;0
HEAD;D;20230411;0;1551.0;1650.0;1497.0;1535.0;32991;0
HEAD;D;20230412;0;1533.0;1554.0;1462.0;1521.0;9110;0
HEAD;D;20230413;0;1513.0;1517.0;1471.0;1485.0;7349;0
HEAD;D;20230414;0;1471.0;1600.0;1389.0;1540.0;32992;0
HEAD;D;20230417;0;1549.0;1589.0;1541.0;1549.0;7083;0
HEAD;D;20230418;0;1561.0;1650.0;1545.0;1650.0;20479;0
HEAD;D;20230419;0;1789.0;1789.0;1600.0;1653.0;22001;0
HEAD;D;20230420;0;1661.0;1670.0;1550.0;1630.0;8792;0
HEAD;D;20230421;0;1627.0;1739.0;1573.0;1691.0;9416;0
HEAD;D;20230424;0;1678.0;1699.0;1599.0;1632.0;29133;0
HEAD;D;20230425;0;1634.0;1638.0;1603.0;1603.0;5423;0
HEAD;D;20230426;0;1610.0;1623.0;1580.0;1618.0;4259;0
HEAD;D;20230427;0;1611.0;1641.0;1589.0;1639.0;5558;0
HEAD;D;20230428;0;1640.0;1640.0;1575.0;1603.0;4705;0
HEAD;D;20230502;0;1603.0;1617.0;1494.0;1543.0;11838;0
HEAD;D;20230503;0;1553.0;1562.0;1457.0;1480.0;7180;0
HEAD;D;20230504;0;1487.0;1511.0;1454.0;1511.0;4200;0
HEAD;D;20230505;0;1510.0;1511.0;1479.0;1485.0;2294;0
HEAD;D;20230508;0;1483.0;1511.0;1460.0;1464.0;1895;0
HEAD;D;20230510;0;1464.0;1589.0;1426.0;1547.0;13978;0
HEAD;D;20230511;0;1552.0;1683.0;1518.0;1622.0;45994;0
HEAD;D;20230512;0;1628.0;1668.0;1572.0;1623.0;11942;0
HEAD;D;20230515;0;1631.0;1660.0;1602.0;1659.0;11924;0
HEAD;D;20230516;0;1651.0;1749.0;1608.0;1662.0;29488;0
HEAD;D;20230517;0;1669.0;1696.0;1650.0;1680.0;9080;0
HEAD;D;20230518;0;1685.0;1720.0;1662.0;1677.0;8859;0
HEAD;D;20230519;0;1667.0;1747.0;1655.0;1728.0;11049;0
HEAD;D;20230522;0;1728.0;1780.0;1698.0;1724.0;11152;0
HEAD;D;20230523;0;1732.0;1782.0;1701.0;1757.0;16608;0
HEAD;D;20230524;0;1750.0;1889.0;1750.0;1828.0;23767;0
HEAD;D;20230525;0;1833.0;1878.0;1808.0;1859.0;27916;0
HEAD;D;20230526;0;1845.0;2088.0;1822.0;1982.0;91707;0
HEAD;D;20230529;0;1997.0;2080.0;1971.0;2019.0;53145;0
HEAD;D;20230530;0;2001.0;2014.0;1900.0;1977.0;22576;0
HEAD;D;20230531;0;1953.0;2045.0;1901.0;2021.0;20430;0
HEAD;D;20230601;0;2043.0;2102.0;2001.0;2039.0;28353;0
HEAD;D;20230602;0;2053.0;2068.0;2020.0;2041.0;9169;0
HEAD;D;20230605;0;2041.0;2050.0;1916.0;1950.0;22993;0
HEAD;D;20230606;0;1926.0;2000.0;1845.0;1995.0;24184;0
HEAD;D;20230607;0;1998.0;2146.0;1973.0;2063.0;36813;0
HEAD;D;20230608;0;2072.0;2250.0;2050.0;2250.0;50612;0
HEAD;D;20230609;0;2255.0;2548.0;2200.0;2221.0;143601;0
HEAD;D;20230613;0;2253.0;2302.0;2122.0;2175.0;71265;0
HEAD;D;20230614;0;2180.0;2220.0;2130.0;2158.0;40254;0
HEAD;D;20230615;0;2166.0;2169.0;2118.0;2137.0;16035;0
HEAD;D;20230616;0;2142.0;2192.0;2116.0;2167.0;20928;0
HEAD;D;20230619;0;2167.0;2168.0;2102.0;2140.0;21335;0
HEAD;D;20230620;0;2124.0;2189.0;2124.0;2176.0;23361;0
HEAD;D;20230621;0;2198.0;2230.0;2145.0;2223.0;21965;0
HEAD;D;20230622;0;2213.0;2320.0;2177.0;2278.0;49217;0
HEAD;D;20230623;0;2296.0;2322.0;2125.0;2174.0;61712;0
HEAD;D;20230626;0;2174.0;2226.0;2052.0;2138.0;31762;0
HEAD;D;20230627;0;2140.0;2202.0;2121.0;2164.0;13671;0
HEAD;D;20230628;0;2165.0;2207.0;2125.0;2154.0;15193;0
HEAD;D;20230629;0;2159.0;2188.0;2131.0;2165.0;11977;0
HEAD;D;20230630;0;2170.0;2205.0;2125.0;2144.0;9190;0
HEAD;D;20230703;0;2144.0;2165.0;2142.0;2158.0;7896;0
HEAD;D;20230704;0;2165.0;2182.0;2140.0;2146.0;8505;0
HEAD;D;20230705;0;2165.0;2165.0;2139.0;2142.0;6249;0
HEAD;D;20230706;0;2141.0;2151.0;2128.0;2131.0;9197;0
HEAD;D;20230707;0;2130.0;2250.0;2102.0;2174.0;47541;0
HEAD;D;20230710;0;2185.0;2189.0;2161.0;2177.0;9498;0
HEAD;D;20230711;0;2182.0;2199.0;2150.0;2182.0;11474;0
HEAD;D;20230712;0;2185.0;2215.0;2167.0;2191.0;14325;0
HEAD;D;20230713;0;2198.0;2200.0;2140.0;2177.0;14135;0
HEAD;D;20230714;0;2170.0;2196.0;2150.0;2185.0;10959;0
HEAD;D;20230717;0;2181.0;2232.0;2170.0;2227.0;17293;0
HEAD;D;20230718;0;2230.0;2270.0;2210.0;2264.0;34103;0
HEAD;D;20230719;0;2264.0;2264.0;2204.0;2235.0;22146;0
HEAD;D;20230720;0;2240.0;2242.0;2150.0;2173.0;19561;0
HEAD;D;20230721;0;2174.0;2233.0;2156.0;2221.0;12551;0
HEAD;D;20230724;0;2222.0;2243.0;2200.0;2239.0;15624;0
HEAD;D;20230725;0;2245.0;2387.0;2216.0;2364.0;54444;0
HEAD;D;20230726;0;2374.0;2383.0;2298.0;2341.0;37537;0
HEAD;D;20230727;0;2352.0;2447.0;2310.0;2433.0;58076;0
HEAD;D;20230728;0;2440.0;2494.0;2403.0;2429.0;28921;0
HEAD;D;20230731;0;2437.0;2520.0;2429.0;2495.0;41786;0
HEAD;D;20230801;0;2505.0;2600.0;2453.0;2545.0;49854;0
HEAD;D;20230802;0;2546.0;2600.0;2495.0;2575.0;37510;0
HEAD;D;20230803;0;2590.0;2670.0;2565.0;2632.0;41467;0
HEAD;D;20230804;0;2632.0;2645.0;2080.0;2570.0;82469;0
HEAD;D;20230807;0;2570.0;2651.0;2506.0;2525.0;51050;0
HEAD;D;20230808;0;2510.0;2540.0;2408.0;2523.0;37920;0
HEAD;D;20230809;0;2538.0;2538.0;2430.0;2488.0;26293;0
HEAD;D;20230810;0;2494.0;2567.0;2473.0;2560.0;20963;0
HEAD;D;20230811;0;2570.0;2570.0;2466.0;2555.0;29197;0
HEAD;D;20230814;0;2554.0;2570.0;2430.0;2440.0;32329;0
HEAD;D;20230815;0;2440.0;2550.0;2425.0;2494.0;23195;0
HEAD;D;20230816;0;2529.0;2844.0;2477.0;2754.0;141799;0
HEAD;D;20230817;0;2780.0;2950.0;2612.0;2813.0;149451;0
HEAD;D;20230818;0;2820.0;2898.0;2737.0;2830.0;59815;0
HEAD;D;20230821;0;2884.0;2985.0;2846.0;2974.0;52669;0
HEAD;D;20230822;0;2991.0;3259.0;2928.0;3178.0;115092;0
HEAD;D;20230823;0;3178.0;3500.0;3178.0;3322.0;268632;0
HEAD;D;20230824;0;3344.0;3569.0;3335.0;3523.0;198434;0
HEAD;D;20230825;0;3535.0;3750.0;3535.0;3725.0;165872;0
HEAD;D;20230828;0;3744.0;4192.0;3743.0;4107.0;249983;0
HEAD;D;20230829;0;4137.0;4250.0;3720.0;3845.0;320780;0
HEAD;D;20230830;0;3772.0;3843.0;3550.0;3775.0;223208;0
HEAD;D;20230831;0;3794.0;3795.0;3680.0;3750.0;62625;0
HEAD;D;20230901;0;3770.0;3785.0;3635.0;3724.0;51009;0
HEAD;D;20230904;0;3726.0;3840.0;3677.0;3749.0;63982;0
HEAD;D;20230905;0;3749.0;3762.0;3680.0;3734.0;30437;0
HEAD;D;20230906;0;3744.0;3744.0;3555.0;3610.0;78906;0
HEAD;D;20230907;0;3620.0;3624.0;3370.0;3457.0;96275;0
HEAD;D;20230908;0;3462.0;3476.0;3325.0;3362.0;34853;0
HEAD;D;20230911;0;3399.0;3488.0;3252.0;3338.0;49297;0
HEAD;D;20230912;0;3344.0;3573.0;3279.0;3480.0;69472;0
HEAD;D;20230913;0;3508.0;3600.0;3502.0;3521.0;37164;0
HEAD;D;20230914;0;3536.0;3536.0;3300.0;3443.0;32762;0
HEAD;D;20230915;0;3442.0;3500.0;3339.0;3485.0;27358;0
HEAD;D;20230918;0;3501.0;3588.0;3462.0;3468.0;24106;0
HEAD;D;20230919;0;3469.0;3523.0;3314.0;3364.0;34994;0
HEAD;D;20230920;0;3360.0;3361.0;3050.0;3210.0;47146;0
HEAD;D;20230921;0;3224.0;3300.0;3086.0;3086.0;27154;0
HEAD;D;20230922;0;3087.0;3211.0;3062.0;3169.0;31737;0
HEAD;D;20230925;0;3173.0;3403.0;3169.0;3334.0;60348;0
HEAD;D;20230926;0;3340.0;3388.0;3243.0;3322.0;24781;0
HEAD;D;20230927;0;3360.0;3450.0;3326.0;3418.0;34492;0
HEAD;D;20230928;0;3450.0;3487.0;3378.0;3410.0;20069;0
HEAD;D;20230929;0;3425.0;3438.0;3382.0;3385.0;8878;0
HEAD;D;20231002;0;3385.0;3594.0;3306.0;3492.0;76502;0
HEAD;D;20231003;0;3508.0;3585.0;3385.0;3551.0;28582;0
HEAD;D;20231004;0;3551.0;3671.0;3551.0;3625.0;71419;0
HEAD;D;20231005;0;3625.0;3625.0;3510.0;3569.0;25914;0
HEAD;D;20231006;0;3569.0;3620.0;3520.0;3581.0;15893;0
HEAD;D;20231009;0;3581.0;3609.0;3470.0;3571.0;19344;0
HEAD;D;20231010;0;3587.0;3611.0;3571.0;3582.0;20214;0
HEAD;D;20231011;0;3582.0;3789.0;3582.0;3760.0;76247;0
HEAD;D;20231012;0;3700.0;3744.0;3531.0;3700.0;29345;0
HEAD;D;20231013;0;3702.0;3772.0;3644.0;3644.0;28096;0
HEAD;D;20231016;0;3650.0;3823.0;3645.0;3785.0;44563;0
HEAD;D;20231017;0;3830.0;3873.0;3728.0;3728.0;46416;0
HEAD;D;20231018;0;3760.0;3777.0;3641.0;3738.0;56255;0
HEAD;D;20231019;0;3750.0;3930.0;3654.0;3930.0;23754;0
HEAD;D;20231020;0;3830.0;3879.0;3786.0;3802.0;28477;0
HEAD;D;20231023;0;3805.0;3850.0;3780.0;3827.0;18881;0
HEAD;D;20231024;0;3836.0;3848.0;3724.0;3778.0;25385;0
HEAD;D;20231025;0;3797.0;3819.0;3734.0;3762.0;14583;0
HEAD;D;20231026;0;3765.0;3765.0;3605.0;3700.0;46238;0
HEAD;D;20231027;0;3700.0;3743.0;3605.0;3665.0;22069;0
HEAD;D;20231030;0;3698.0;3810.0;3618.0;3805.0;20549;0
HEAD;D;20231031;0;3805.0;3810.0;3622.0;3745.0;20139;0
HEAD;D;20231101;0;3826.0;4000.0;3792.0;3832.0;101701;0
HEAD;D;20231102;0;3832.0;3925.0;3740.0;3770.0;37629;0
HEAD;D;20231103;0;3832.0;3832.0;3705.0;3722.0;11650;0
HEAD;D;20231106;0;3759.0;3785.0;3730.0;3761.0;4491;0
HEAD;D;20231107;0;3761.0;3803.0;3700.0;3708.0;11694;0
HEAD;D;20231108;0;3750.0;3750.0;3620.0;3665.0;26179;0
HEAD;D;20231109;0;3665.0;3675.0;3580.0;3615.0;15111;0
HEAD;D;20231110;0;3622.0;3622.0;3463.0;3485.0;25298;0
HEAD;D;20231113;0;3498.0;3609.0;3470.0;3505.0;61053;0
HEAD;D;20231114;0;3507.0;3570.0;3101.0;3530.0;66449;0
HEAD;D;20231115;0;3618.0;3618.0;3458.0;3557.0;50119;0
HEAD;D;20231116;0;3557.0;3635.0;3505.0;3547.0;21979;0
HEAD;D;20231117;0;3547.0;3565.0;3462.0;3500.0;15619;0
HEAD;D;20231120;0;3540.0;3540.0;3492.0;3520.0;12243;0
HEAD;D;20231121;0;3528.0;3675.0;3508.0;3646.0;18389;0
HEAD;D;20231122;0;3646.0;3726.0;3617.0;3675.0;30563;0
HEAD;D;20231123;0;3710.0;3710.0;3617.0;3650.0;13511;0
HEAD;D;20231124;0;3650.0;3670.0;3571.0;3600.0;14544;0
HEAD;D;20231127;0;3640.0;3648.0;3512.0;3528.0;10979;0
HEAD;D;20231128;0;3534.0;3534.0;3400.0;3474.0;13835;0
HEAD;D;20231129;0;3497.0;3723.0;3466.0;3597.0;24162;0
HEAD;D;20231130;0;3554.0;3617.0;3481.0;3481.0;10460;0
HEAD;D;20231201;0;3510.0;3529.0;3397.0;3419.0;9645;0
HEAD;D;20231204;0;3430.0;3430.0;3280.0;3342.0;18884;0
HEAD;D;20231205;0;3350.0;3350.0;3110.0;3222.0;47282;0
HEAD;D;20231206;0;3200.0;3200.0;2920.0;2920.0;87676;0
HEAD;D;20231207;0;2920.0;3092.0;2703.0;3030.0;95970;0
HEAD;D;20231208;0;3030.0;3170.0;2977.0;3075.0;29395;0
HEAD;D;20231211;0;3075.0;3086.0;2841.0;2860.0;27428;0
HEAD;D;20231212;0;2869.0;2942.0;2777.0;2903.0;19791;0
HEAD;D;20231213;0;2903.0;2957.0;2861.0;2947.0;15088;0
HEAD;D;20231214;0;3000.0;3055.0;2863.0;2881.0;16768;0
HEAD;D;20231215;0;2900.0;3013.0;2864.0;2994.0;20753;0
HEAD;D;20231218;0;2994.0;3096.0;2981.0;3079.0;20130;0
HEAD;D;20231219;0;3080.0;3188.0;2950.0;2973.0;38805;0
HEAD;D;20231220;0;3010.0;3110.0;2980.0;3085.0;33392;0
HEAD;D;20231221;0;3086.0;3099.0;2974.0;3000.0;21547;0
HEAD;D;20231222;0;3024.0;3068.0;2973.0;3045.0;25261;0
HEAD;D;20231225;0;3045.0;3090.0;3003.0;3003.0;33605;0
HEAD;D;20231226;0;3010.0;3074.0;3010.0;3066.0;33729;0
HEAD;D;20231227;0;3067.0;3069.0;3010.0;3035.0;19086;0
HEAD;D;20231228;0;3050.0;3069.0;3000.0;3023.0;19242;0
HEAD;D;20231229;0;3021.0;3026.0;2922.0;2950.0;31988;0
HEAD;D;20240103;0;2987.0;3019.0;2955.0;3008.0;9604;0
HEAD;D;20240104;0;3026.0;3139.0;3008.0;3136.0;26412;0
HEAD;D;20240105;0;3120.0;3158.0;3051.0;3121.0;17460;0
HEAD;D;20240108;0;3140.0;3175.0;3098.0;3142.0;14539;0
HEAD;D;20240109;0;3169.0;3252.0;3169.0;3192.0;37346;0
HEAD;D;20240110;0;3209.0;3247.0;3194.0;3210.0;14933;0
HEAD;D;20240111;0;3238.0;3238.0;3134.0;3160.0;24175;0
HEAD;D;20240112;0;3165.0;3226.0;3165.0;3190.0;14192;0
HEAD;D;20240115;0;3190.0;3219.0;3150.0;3169.0;12258;0
HEAD;D;20240116;0;3190.0;3227.0;3104.0;3155.0;20485;0
HEAD;D;20240117;0;3155.0;3220.0;3146.0;3163.0;9078;0
HEAD;D;20240118;0;3187.0;3194.0;3161.0;3179.0;14532;0
HEAD;D;20240119;0;3179.0;3190.0;3117.0;3145.0;13115;0
HEAD;D;20240122;0;3160.0;3169.0;3136.0;3163.0;11308;0
HEAD;D;20240123;0;3179.0;3208.0;3054.0;3054.0;28325;0
HEAD;D;20240124;0;3068.0;3129.0;3027.0;3046.0;49480;0
HEAD;D;20240125;0;3047.0;3181.0;3013.0;3138.0;40578;0
HEAD;D;20240126;0;3138.0;3300.0;3138.0;3205.0;88959;0
HEAD;D;20240129;0;3210.0;3263.0;3143.0;3177.0;29169;0
HEAD;D;20240130;0;3198.0;3233.0;3156.0;3205.0;19033;0
HEAD;D;20240131;0;3205.0;3294.0;3181.0;3248.0;52599;0
HEAD;D;20240201;0;3252.0;3400.0;3226.0;3350.0;54473;0
HEAD;D;20240202;0;3398.0;3510.0;3313.0;3504.0;57560;0
HEAD;D;20240205;0;3503.0;3650.0;3413.0;3599.0;63224;0
HEAD;D;20240206;0;3626.0;3748.0;3521.0;3692.0;123453;0
HEAD;D;20240207;0;3700.0;3777.0;3616.0;3715.0;70973;0
HEAD;D;20240208;0;3715.0;3734.0;3555.0;3560.0;52606;0
HEAD;D;20240209;0;3562.0;3564.0;3441.0;3491.0;35319;0
HEAD;D;20240212;0;3470.0;3698.0;3456.0;3645.0;50212;0
HEAD;D;20240213;0;3645.0;3703.0;3592.0;3640.0;23434;0
HEAD;D;20240214;0;3641.0;3668.0;3536.0;3575.0;24990;0
HEAD;D;20240215;0;3575.0;3600.0;3517.0;3600.0;13277;0
HEAD;D;20240216;0;3600.0;3689.0;3581.0;3595.0;29291;0
HEAD;D;20240219;0;3594.0;3633.0;3522.0;3570.0;16044;0
HEAD;D;20240220;0;3581.0;3587.0;3458.0;3458.0;20006;0
HEAD;D;20240221;0;3420.0;3420.0;3250.0;3364.0;49551;0
HEAD;D;20240222;0;3380.0;3569.0;3365.0;3411.0;27956;0
HEAD;D;20240226;0;3420.0;3530.0;3420.0;3476.0;21642;0
HEAD;D;20240227;0;3527.0;3527.0;3413.0;3466.0;14769;0
HEAD;D;20240228;0;3469.0;3498.0;3420.0;3423.0;11802;0
HEAD;D;20240229;0;3423.0;3477.0;3362.0;3397.0;33624;0
HEAD;D;20240301;0;3398.0;3430.0;3324.0;3381.0;20289;0
HEAD;D;20240304;0;3394.0;3440.0;3337.0;3414.0;28878;0
HEAD;D;20240305;0;3434.0;3647.0;3375.0;3631.0;80312;0
HEAD;D;20240306;0;3631.0;3731.0;3538.0;3660.0;136809;0
HEAD;D;20240307;0;3650.0;3748.0;3504.0;3716.0;72875;0
HEAD;D;20240311;0;3750.0;3974.0;3730.0;3934.0;145396;0
HEAD;D;20240312;0;3933.0;3980.0;3833.0;3870.0;72473;0
HEAD;D;20240313;0;3882.0;3954.0;3840.0;3840.0;60554;0
HEAD;D;20240314;0;3878.0;3888.0;3719.0;3720.0;55439;0
HEAD;D;20240315;0;3732.0;3884.0;3724.0;3860.0;42933;0
HEAD;D;20240318;0;3860.0;3890.0;3804.0;3858.0;20603;0
HEAD;D;20240319;0;3860.0;3943.0;3779.0;3800.0;43000;0
HEAD;D;20240320;0;3836.0;3913.0;3798.0;3843.0;24797;0
HEAD;D;20240321;0;3843.0;3954.0;3841.0;3920.0;29313;0
HEAD;D;20240322;0;3945.0;4048.0;3945.0;3982.0;58663;0
HEAD;D;20240325;0;3990.0;4048.0;3897.0;4014.0;45150;0
HEAD;D;20240326;0;4035.0;4081.0;3947.0;4010.0;61131;0
HEAD;D;20240327;0;4047.0;4149.0;4016.0;4107.0;90812;0
HEAD;D;20240328;0;4107.0;4203.0;4107.0;4182.0;54285;0
HEAD;D;20240329;0;4189.0;4361.0;4182.0;4226.0;73619;0
HEAD;D;20240401;0;4226.0;4424.0;4226.0;4365.0;48317;0
HEAD;D;20240402;0;4371.0;4499.0;4180.0;4292.0;66297;0
HEAD;D;20240403;0;4300.0;4477.0;4272.0;4382.0;50369;0
HEAD;D;20240404;0;4380.0;4700.0;4353.0;4573.0;66969;0
HEAD;D;20240405;0;4573.0;4573.0;4407.0;4430.0;61443;0
HEAD;D;20240408;0;4500.0;4556.0;4370.0;4458.0;44718;0
HEAD;D;20240409;0;4435.0;4636.0;4424.0;4539.0;48812;0
HEAD;D;20240410;0;4499.0;4684.0;4428.0;4665.0;57715;0
HEAD;D;20240411;0;4665.0;4715.0;4591.0;4701.0;35247;0
HEAD;D;20240412;0;4710.0;4867.0;4657.0;4856.0;39727;0
HEAD;D;20240415;0;4864.0;5073.0;4862.0;5073.0;55334;0
HEAD;D;20240416;0;5078.0;5268.0;4935.0;4949.0;98299;0
HEAD;D;20240417;0;4949.0;5087.0;4949.0;5026.0;40252;0
HEAD;D;20240418;0;5027.0;5036.0;4953.0;5007.0;21047;0
HEAD;D;20240419;0;5010.0;5015.0;4805.0;4960.0;86271;0
HEAD;D;20240422;0;4907.0;5091.0;4861.0;5011.0;46156;0
HEAD;D;20240423;0;5010.0;5039.0;4850.0;4850.0;27168;0
HEAD;D;20240424;0;4865.0;4900.0;4657.0;4842.0;45942;0
HEAD;D;20240425;0;4850.0;5049.0;4745.0;4932.0;45268;0
HEAD;D;20240426;0;4950.0;4970.0;4850.0;4909.0;20354;0
HEAD;D;20240427;0;4915.0;4936.0;4868.0;4918.0;8389;0
HEAD;D;20240429;0;4909.0;5175.0;4880.0;5163.0;47866;0
HEAD;D;20240430;0;5138.0;5159.0;5075.0;5159.0;10219;0
HEAD;D;20240502;0;5138.0;5298.0;4907.0;4951.0;46075;0
HEAD;D;20240503;0;4951.0;5147.0;4890.0;5147.0;34301;0
HEAD;D;20240506;0;5147.0;5147.0;4939.0;4980.0;33810;0
HEAD;D;20240507;0;5045.0;5076.0;4971.0;5030.0;15570;0
HEAD;D;20240508;0;5034.0;5090.0;4924.0;4944.0;16241;0
HEAD;D;20240510;0;4959.0;5046.0;4945.0;4957.0;8225;0
HEAD;D;20240513;0;4956.0;5078.0;4880.0;5078.0;44256;0
HEAD;D;20240514;0;5078.0;5190.0;5055.0;5176.0;32256;0
HEAD;D;20240515;0;5182.0;5375.0;5087.0;5120.0;63685;0
HEAD;D;20240516;0;5200.0;5315.0;5115.0;5184.0;44598;0
HEAD;D;20240517;0;5165.0;5295.0;5165.0;5180.0;18912;0
HEAD;D;20240520;0;5180.0;5228.0;5031.0;5100.0;29718;0
HEAD;D;20240521;0;5084.0;5200.0;5010.0;5180.0;17060;0
HEAD;D;20240522;0;5227.0;5313.0;5175.0;5184.0;17165;0
HEAD;D;20240523;0;5200.0;5252.0;5125.0;5151.0;12359;0
HEAD;D;20240524;0;5173.0;5182.0;4921.0;5077.0;26637;0
HEAD;D;20240527;0;5010.0;5047.0;4859.0;4978.0;33647;0
HEAD;D;20240528;0;4958.0;5175.0;4859.0;5175.0;27115;0
HEAD;D;20240529;0;5180.0;5180.0;4976.0;5057.0;19143;0
HEAD;D;20240530;0;5080.0;5149.0;4927.0;4984.0;14940;0
HEAD;D;20240531;0;4988.0;4988.0;4716.0;4722.0;44878;0
HEAD;D;20240603;0;4775.0;4804.0;4450.0;4631.0;68219;0
HEAD;D;20240604;0;4672.0;4957.0;4672.0;4888.0;40646;0
HEAD;D;20240605;0;4912.0;5160.0;4912.0;4934.0;48454;0
HEAD;D;20240606;0;4934.0;5030.0;4879.0;4879.0;20735;0
HEAD;D;20240607;0;4909.0;5149.0;4892.0;5031.0;28818;0
HEAD;D;20240610;0;5039.0;5150.0;5001.0;5100.0;22829;0
HEAD;D;20240611;0;5080.0;5150.0;4968.0;5059.0;16656;0
HEAD;D;20240613;0;4813.0;5060.0;4631.0;5017.0;19269;0
HEAD;D;20240614;0;4995.0;5309.0;4986.0;5020.0;44920;0
HEAD;D;20240617;0;5124.0;5158.0;4920.0;4927.0;33301;0
HEAD;D;20240618;0;4949.0;4971.0;4730.0;4738.0;18729;0
HEAD;D;20240619;0;4799.0;4980.0;4572.0;4643.0;43692;0
HEAD;D;20240620;0;4687.0;5043.0;4687.0;4861.0;47080;0
HEAD;D;20240621;0;4885.0;5058.0;4885.0;4994.0;17798;0
HEAD;D;20240624;0;4990.0;5118.0;4904.0;4994.0;21702;0
HEAD;D;20240625;0;4941.0;4992.0;4873.0;4945.0;6612;0
HEAD;D;20240626;0;4982.0;4989.0;4911.0;4921.0;7290;0
HEAD;D;20240627;0;4922.0;4953.0;4836.0;4909.0;8477;0
HEAD;D;20240628;0;4908.0;4929.0;4860.0;4900.0;5269;0
HEAD;D;20240701;0;4905.0;4943.0;4880.0;4941.0;5959;0
HEAD;D;20240702;0;4939.0;4945.0;4860.0;4885.0;7355;0
HEAD;D;20240703;0;4900.0;4920.0;4850.0;4850.0;5936;0
HEAD;D;20240704;0;4840.0;4849.0;4652.0;4746.0;18909;0
HEAD;D;20240705;0;4746.0;4786.0;4605.0;4749.0;11788;0
HEAD;D;20240708;0;4744.0;4770.0;4650.0;4680.0;9039;0
HEAD;D;20240709;0;4660.0;4661.0;4441.0;4470.0;20428;0
HEAD;D;20240710;0;4457.0;4475.0;4327.0;4363.0;13586;0
HEAD;D;20240711;0;4324.0;4728.0;4177.0;4698.0;21585;0
HEAD;D;20240712;0;4699.0;4749.0;4521.0;4715.0;11537;0
HEAD;D;20240715;0;4700.0;4773.0;4600.0;4710.0;15645;0
HEAD;D;20240716;0;4696.0;4895.0;4557.0;4895.0;17652;0
HEAD;D;20240717;0;4875.0;4899.0;4811.0;4850.0;8891;0
HEAD;D;20240718;0;4878.0;4918.0;4777.0;4910.0;10475;0
HEAD;D;20240719;0;4910.0;4941.0;4850.0;4891.0;6333;0
HEAD;D;20240722;0;4892.0;4950.0;4863.0;4907.0;7202;0
HEAD;D;20240723;0;4905.0;4906.0;4778.0;4798.0;4953;0
HEAD;D;20240724;0;4805.0;4839.0;4750.0;4761.0;11975;0
HEAD;D;20240725;0;4760.0;4771.0;4723.0;4740.0;18364;0
HEAD;D;20240726;0;4740.0;4821.0;4605.0;4697.0;14193;0
HEAD;D;20240729;0;4697.0;4697.0;4318.0;4338.0;26591;0
HEAD;D;20240730;0;4368.0;4516.0;4265.0;4516.0;28889;0
HEAD;D;20240731;0;4529.0;4593.0;4363.0;4397.0;20041;0
HEAD;D;20240801;0;4415.0;4469.0;4024.0;4098.0;53542;0
HEAD;D;20240802;0;4099.0;4239.0;4002.0;4112.0;27573;0
HEAD;D;20240805;0;4109.0;4109.0;3889.0;3927.0;33582;0
HEAD;D;20240806;0;3955.0;4100.0;3769.0;3802.0;38223;0
HEAD;D;20240807;0;3802.0;3952.0;3750.0;3924.0;34367;0
HEAD;D;20240808;0;3910.0;4076.0;3795.0;3842.0;36706;0
HEAD;D;20240809;0;3820.0;3925.0;3800.0;3908.0;26109;0
HEAD;D;20240926;0;3899.0;4095.0;3719.0;3935.0;2378148;0
HEAD;D;20240927;0;3949.0;4258.0;3940.0;4198.0;1061293;0
HEAD;D;20240930;0;4250.0;4498.0;4230.0;4498.0;982534;0
HEAD;D;20241001;0;4490.0;4548.0;4281.0;4281.0;914313;0
HEAD;D;20241002;0;4299.0;4400.0;4159.0;4226.0;587857;0
HEAD;D;20241003;0;4305.0;4383.0;4264.0;4280.0;972765;0
HEAD;D;20241004;0;4285.0;4305.0;4182.0;4240.0;405414;0
HEAD;D;20241007;0;4240.0;4270.0;4103.0;4164.0;344630;0
HEAD;D;20241008;0;4150.0;4256.0;4054.0;4201.0;497384;0
HEAD;D;20241009;0;4200.0;4248.0;4160.0;4170.0;212420;0
HEAD;D;20241010;0;4191.0;4219.0;4152.0;4189.0;208807;0
HEAD;D;20241011;0;4187.0;4187.0;4102.0;4140.0;133935;0
HEAD;D;20241014;0;4150.0;4189.0;4063.0;4150.0;288887;0
HEAD;D;20241015;0;4144.0;4183.0;4119.0;4149.0;225349;0
HEAD;D;20241016;0;4160.0;4218.0;4100.0;4117.0;246204;0
HEAD;D;20241017;0;4120.0;4159.0;4095.0;4113.0;172738;0
HEAD;D;20241018;0;4113.0;4131.0;4069.0;4070.0;157625;0
HEAD;D;20241021;0;4066.0;4113.0;4031.0;4060.0;188408;0
HEAD;D;20241022;0;4059.0;4059.0;3933.0;3998.0;368515;0
HEAD;D;20241023;0;3984.0;4177.0;3911.0;4090.0;634616;0
HEAD;D;20241024;0;4100.0;4231.0;4065.0;4195.0;382153;0
HEAD;D;20241025;0;4220.0;4250.0;4010.0;4160.0;633291;0
HEAD;D;20241028;0;4136.0;4136.0;4050.0;4100.0;277216;0
HEAD;D;20241029;0;4500.0;4500.0;4186.0;4312.0;1669968;0
HEAD;D;20241030;0;4329.0;4341.0;4275.0;4290.0;280974;0
HEAD;D;20241031;0;4250.0;4270.0;4186.0;4190.0;229771;0
HEAD;D;20241101;0;4202.0;4249.0;4194.0;4228.0;152088;0
HEAD;D;20241102;0;4233.0;4269.0;4221.0;4245.0;91695;0
HEAD;D;20241105;0;4283.0;4297.0;4246.0;4262.0;174821;0
HEAD;D;20241106;0;4300.0;4343.0;4273.0;4297.0;314362;0
HEAD;D;20241107;0;4299.0;4315.0;4276.0;4313.0;99728;0
HEAD;D;20241108;0;4320.0;4400.0;4317.0;4399.0;207701;0
HEAD;D;20241111;0;4431.0;4500.0;4370.0;4400.0;410165;0
HEAD;D;20241112;0;4400.0;4416.0;4330.0;4385.0;231041;0
HEAD;D;20241113;0;4390.0;4500.0;4362.0;4498.0;402641;0
HEAD;D;20241114;0;4465.0;4544.0;4385.0;4435.0;532640;0
HEAD;D;20241115;0;4500.0;4518.0;4402.0;4466.0;352899;0
HEAD;D;20241118;0;4400.0;4480.0;4350.0;4453.0;223837;0
HEAD;D;20241119;0;4460.0;4465.0;4285.0;4360.0;276265;0
HEAD;D;20241120;0;4360.0;4409.0;4320.0;4331.0;171571;0
HEAD;D;20241121;0;4345.0;4365.0;4210.0;4240.0;218013;0
HEAD;D;20241122;0;4300.0;4330.0;4225.0;4251.0;186085;0
HEAD;D;20241125;0;4250.0;4268.0;4101.0;4155.0;320981;0
HEAD;D;20241126;0;4131.0;4175.0;4032.0;4051.0;380078;0
HEAD;D;20241127;0;4053.0;4110.0;3965.0;4055.0;331122;0
HEAD;D;20241128;0;4170.0;4174.0;4079.0;4135.0;171385;0
HEAD;D;20241129;0;4141.0;4192.0;4080.0;4159.0;145014;0
HEAD;D;20241202;0;4200.0;4300.0;4191.0;4270.0;264344;0
HEAD;D;20241203;0;4285.0;4311.0;4200.0;4233.0;167553;0
HEAD;D;20241204;0;4233.0;4262.0;4180.0;4189.0;143659;0
HEAD;D;20241205;0;4190.0;4259.0;4170.0;4247.0;140794;0
HEAD;D;20241206;0;4298.0;4317.0;4262.0;4290.0;203519;0
HEAD;D;20241209;0;4301.0;4320.0;4281.0;4313.0;224011;0
HEAD;D;20241210;0;4325.0;4330.0;4287.0;4297.0;191478;0
HEAD;D;20241211;0;4300.0;4313.0;4212.0;4231.0;220078;0
HEAD;D;20241212;0;4250.0;4278.0;4130.0;4141.0;296962;0
HEAD;D;20241213;0;4142.0;4150.0;4000.0;4010.0;452192;0
HEAD;D;20241216;0;4012.0;4062.0;3901.0;3982.0;752784;0
HEAD;D;20241217;0;3584.0;3584.0;2983.0;3060.0;987771;0
HEAD;D;20241218;0;3070.0;3177.0;3062.0;3128.0;289324;0
HEAD;D;20241219;0;3141.0;3310.0;3138.0;3310.0;485494;0
HEAD;D;20241220;0;3299.0;3497.0;3205.0;3480.0;896525;0
HEAD;D;20241223;0;3563.0;3591.0;3491.0;3541.0;541711;0
HEAD;D;20241224;0;3540.0;3543.0;3383.0;3431.0;443552;0
HEAD;D;20241225;0;3420.0;3450.0;3370.0;3426.0;370411;0
HEAD;D;20241226;0;3440.0;3448.0;3358.0;3395.0;404289;0
HEAD;D;20241227;0;3418.0;3530.0;3395.0;3496.0;428756;0
HEAD;D;20241228;0;3500.0;3685.0;3500.0;3636.0;448470;0
HEAD;D;20241230;0;3654.0;3739.0;3650.0;3710.0;220494;0
HEAD;D;20250103;0;3725.0;3738.0;3590.0;3626.0;163467;0
HEAD;D;20250106;0;3619.0;3619.0;3553.0;3599.0;85647;0
HEAD;D;20250108;0;3617.0;3632.0;3574.0;3609.0;76625;0
HEAD;D;20250109;0;3622.0;3634.0;3504.0;3514.0;227412;0
HEAD;D;20250110;0;3534.0;3714.0;3521.0;3669.0;289049;0
HEAD;D;20250113;0;3690.0;3724.0;3674.0;3685.0;241179;0
HEAD;D;20250114;0;3699.0;3790.0;3645.0;3750.0;171415;0
HEAD;D;20250115;0;3750.0;3760.0;3679.0;3741.0;145323;0
HEAD;D;20250116;0;3758.0;3909.0;3758.0;3814.0;342659;0
HEAD;D;20250117;0;3826.0;3850.0;3783.0;3842.0;155902;0
HEAD;D;20250120;0;3852.0;3885.0;3800.0;3800.0;187302;0
HEAD;D;20250121;0;3800.0;3820.0;3707.0;3801.0;173659;0
HEAD;D;20250122;0;3810.0;3810.0;3751.0;3782.0;151598;0
HEAD;D;20250123;0;3800.0;3805.0;3742.0;3805.0;143801;0
HEAD;D;20250124;0;3805.0;3822.0;3735.0;3760.0;237454;0
HEAD;D;20250127;0;3784.0;3797.0;3659.0;3679.0;184122;0
HEAD;D;20250128;0;3679.0;3740.0;3619.0;3721.0;137586;0
HEAD;D;20250129;0;3721.0;3742.0;3682.0;3703.0;169705;0
HEAD;D;20250130;0;3710.0;3734.0;3688.0;3708.0;200462;0
HEAD;D;20250131;0;3710.0;3725.0;3644.0;3664.0;261183;0
HEAD;D;20250203;0;3664.0;3675.0;3595.0;3627.0;183026;0
HEAD;D;20250204;0;3617.0;3659.0;3541.0;3562.0;197828;0
HEAD;D;20250205;0;3565.0;3595.0;3518.0;3575.0;203822;0
HEAD;D;20250206;0;3580.0;3609.0;3540.0;3573.0;259054;0
HEAD;D;20250207;0;3575.0;3595.0;3444.0;3465.0;446800;0
HEAD;D;20250210;0;3485.0;3537.0;3459.0;3491.0;441984;0
HEAD;D;20250211;0;3491.0;3536.0;3475.0;3513.0;243511;0
HEAD;D;20250212;0;3515.0;3639.0;3484.0;3620.0;807213;0
HEAD;D;20250213;0;3620.0;3772.0;3491.0;3530.0;685951;0
HEAD;D;20250214;0;3635.0;3635.0;3470.0;3515.0;531420;0
HEAD;D;20250217;0;3534.0;3591.0;3505.0;3591.0;393439;0
HEAD;D;20250218;0;3591.0;3609.0;3500.0;3514.0;310089;0
HEAD;D;20250219;0;3536.0;3600.0;3506.0;3567.0;199705;0
HEAD;D;20250220;0;3570.0;3748.0;3545.0;3728.0;931847;0
HEAD;D;20250221;0;3725.0;3800.0;3701.0;3800.0;388202;0
HEAD;D;20250224;0;3825.0;3913.0;3812.0;3874.0;601697;0
HEAD;D;20250225;0;3889.0;3921.0;3853.0;3887.0;407228;0
HEAD;D;20250226;0;3887.0;3917.0;3663.0;3744.0;592353;0
HEAD;D;20250227;0;3745.0;3745.0;3603.0;3617.0;573374;0
HEAD;D;20250228;0;3617.0;3845.0;3617.0;3810.0;654551;0
HEAD;D;20250303;0;3828.0;3833.0;3701.0;3811.0;448120;0
HEAD;D;20250304;0;3822.0;3849.0;3750.0;3826.0;445591;0
HEAD;D;20250305;0;3845.0;3850.0;3630.0;3664.0;1012284;0
HEAD;D;20250306;0;3670.0;3692.0;3553.0;3563.0;719634;0
HEAD;D;20250307;0;3580.0;3598.0;3455.0;3516.0;598199;0
HEAD;D;20250310;0;3516.0;3538.0;3400.0;3422.0;577464;0
HEAD;D;20250311;0;3422.0;3486.0;3412.0;3443.0;317273;0
HEAD;D;20250312;0;3440.0;3459.0;3395.0;3429.0;206271;0
HEAD;D;20250313;0;3429.0;3445.0;3320.0;3356.0;414560;0
HEAD;D;20250314;0;3356.0;3450.0;3339.0;3422.0;295615;0
HEAD;D;20250317;0;3440.0;3500.0;3400.0;3438.0;354020;0
HEAD;D;20250318;0;3447.0;3453.0;3380.0;3390.0;334767;0
HEAD;D;20250319;0;3404.0;3412.0;3359.0;3397.0;138968;0
HEAD;D;20250320;0;3391.0;3420.0;3357.0;3391.0;213489;0
HEAD;D;20250321;0;3399.0;3434.0;3377.0;3381.0;142615;0
HEAD;D;20250324;0;3374.0;3380.0;3325.0;3343.0;217256;0
HEAD;D;20250325;0;3347.0;3369.0;3302.0;3354.0;209530;0
HEAD;D;20250326;0;3354.0;3365.0;3250.0;3262.0;200084;0
HEAD;D;20250327;0;3262.0;3267.0;3200.0;3204.0;263593;0
HEAD;D;20250328;0;3207.0;3220.0;3139.0;3181.0;321876;0
HEAD;D;20250331;0;3181.0;3399.0;3056.0;3358.0;879851;0
HEAD;D;20250401;0;3358.0;3393.0;3184.0;3184.0;445535;0
HEAD;D;20250402;0;3190.0;3312.0;3173.0;3283.0;332283;0
HEAD;D;20250403;0;3283.0;3325.0;3160.0;3213.0;217548;0
HEAD;D;20250404;0;3230.0;3258.0;3058.0;3088.0;376030;0
HEAD;D;20250407;0;3079.0;3123.0;2878.0;3040.0;513690;0
HEAD;D;20250408;0;3048.0;3094.0;2951.0;2958.0;165771;0
HEAD;D;20250409;0;2963.0;3075.0;2868.0;3073.0;409929;0
HEAD;D;20250410;0;3070.0;3070.0;2970.0;3012.0;207804;0
HEAD;D;20250411;0;3012.0;3098.0;2996.0;3084.0;179132;0
HEAD;D;20250414;0;3080.0;3132.0;3031.0;3100.0;186460;0
HEAD;D;20250415;0;3124.0;3214.0;3083.0;3194.0;178852;0
HEAD;D;20250416;0;3194.0;3200.0;3108.0;3144.0;184204;0
HEAD;D;20250417;0;3146.0;3173.0;3112.0;3151.0;168382;0
HEAD;D;20250418;0;3144.0;3155.0;3048.0;3080.0;153995;0
HEAD;D;20250421;0;3111.0;3144.0;3093.0;3125.0;155809;0
HEAD;D;20250422;0;3131.0;3170.0;3096.0;3145.0;191265;0
HEAD;D;20250423;0;3141.0;3168.0;3076.0;3123.0;230347;0
HEAD;D;20250424;0;3115.0;3177.0;3114.0;3127.0;120761;0
HEAD;D;20250425;0;3136.0;3300.0;3133.0;3297.0;371485;0
HEAD;D;20250428;0;3300.0;3330.0;3218.0;3233.0;189955;0
HEAD;D;20250429;0;3235.0;3255.0;3152.0;3162.0;94146;0
HEAD;D;20250430;0;3162.0;3215.0;3118.0;3204.0;105355;0
HEAD;D;20250502;0;3182.0;3193.0;3103.0;3107.0;51577;0
HEAD;D;20250505;0;3107.0;3136.0;3050.0;3066.0;118137;0
HEAD;D;20250506;0;3066.0;3131.0;3014.0;3074.0;104845;0
HEAD;D;20250507;0;3084.0;3148.0;3052.0;3105.0;66161;0
HEAD;D;20250508;0;3102.0;3127.0;3097.0;3102.0;20274;0
HEAD;D;20250512;0;3101.0;3213.0;3091.0;3191.0;137087;0
HEAD;D;20250513;0;3192.0;3223.0;3119.0;3148.0;137839;0
HEAD;D;20250514;0;3149.0;3194.0;3091.0;3096.0;118523;0
HEAD;D;20250515;0;3096.0;3123.0;3053.0;3089.0;79459;0
HEAD;D;20250516;0;3090.0;3193.0;3082.0;3163.0;236230;0
HEAD;D;20250519;0;3165.0;3200.0;3096.0;3110.0;218023;0
HEAD;D;20250520;0;3115.0;3119.0;3062.0;3091.0;73897;0
HEAD;D;20250521;0;3096.0;3106.0;3051.0;3058.0;64838;0
HEAD;D;20250522;0;3051.0;3096.0;2973.0;3041.0;151522;0
HEAD;D;20250523;0;3044.0;3097.0;3026.0;3070.0;113584;0
HEAD;D;20250526;0;3054.0;3079.0;2989.0;3006.0;87998;0
HEAD;D;20250527;0;3006.0;3090.0;2953.0;3059.0;115632;0
HEAD;D;20250528;0;3063.0;3090.0;3016.0;3079.0;114902;0
HEAD;D;20250529;0;3081.0;3089.0;3026.0;3037.0;88455;0
HEAD;D;20250530;0;3037.0;3078.0;3017.0;3058.0;57803;0
HEAD;D;20250602;0;3056.0;3134.0;2985.0;3093.0;200630;0
HEAD;D;20250603;0;3080.0;3151.0;3070.0;3147.0;139746;0
HEAD;D;20250604;0;3140.0;3207.0;3121.0;3145.0;200156;0
HEAD;D;20250605;0;3164.0;3285.0;3128.0;3245.0;291405;0
HEAD;D;20250606;0;3245.0;3293.0;3161.0;3166.0;239370;0
HEAD;D;20250609;0;3210.0;3238.0;3123.0;3165.0;147929;0
HEAD;D;20250610;0;3175.0;3187.0;2955.0;3025.0;372338;0
HEAD;D;20250611;0;3046.0;3066.0;2986.0;3031.0;175956;0
HEAD;D;20250613;0;3030.0;3046.0;2995.0;3002.0;57656;0
HEAD;D;20250616;0;3002.0;3083.0;2993.0;3066.0;162358;0
HEAD;D;20250617;0;3075.0;3100.0;3030.0;3058.0;121199;0
HEAD;D;20250618;0;3057.0;3086.0;3030.0;3061.0;66358;0
HEAD;D;20250619;0;3061.0;3083.0;3033.0;3078.0;112025;0
HEAD;D;20250620;0;3080.0;3088.0;3040.0;3048.0;74435;0
HEAD;D;20250623;0;3049.0;3057.0;2992.0;3036.0;119960;0
HEAD;D;20250624;0;3035.0;3070.0;2997.0;3063.0;115547;0
HEAD;D;20250625;0;3055.0;3190.0;3046.0;3146.0;205041;0
HEAD;D;20250626;0;3147.0;3160.0;3065.0;3103.0;177810;0
HEAD;D;20250627;0;3103.0;3229.0;3072.0;3215.0;260097;0
HEAD;D;20250630;0;3220.0;3258.0;3170.0;3233.0;145696;0
HEAD;D;20250701;0;3237.0;3264.0;3211.0;3217.0;112766;0
HEAD;D;20250702;0;3231.0;3259.0;3206.0;3220.0;86844;0
HEAD;D;20250703;0;3226.0;3350.0;3217.0;3268.0;249794;0
HEAD;D;20250704;0;3268.0;3315.0;3222.0;3291.0;149390;0
HEAD;D;20250707;0;3298.0;3315.0;3240.0;3265.0;111420;0
HEAD;D;20250708;0;3263.0;3388.0;3249.0;3353.0;278513;0
HEAD;D;20250709;0;3350.0;3385.0;3290.0;3300.0;267215;0
HEAD;D;20250710;0;3300.0;3365.0;3300.0;3347.0;91519;0
HEAD;D;20250711;0;3353.0;3353.0;3213.0;3230.0;107980;0
HEAD;D;20250714;0;3230.0;3361.0;3171.0;3324.0;168430;0
HEAD;D;20250715;0;3322.0;3490.0;3317.0;3442.0;290260;0
HEAD;D;20250716;0;3442.0;3519.0;3408.0;3492.0;229252;0
HEAD;D;20250717;0;3497.0;3546.0;3417.0;3450.0;177267;0
HEAD;D;20250718;0;3450.0;3588.0;3435.0;3587.0;217598;0
HEAD;D;20250721;0;3565.0;3600.0;3526.0;3580.0;147365;0
HEAD;D;20250722;0;3580.0;3584.0;3517.0;3539.0;85899;0
HEAD;D;20250723;0;3535.0;3577.0;3518.0;3524.0;106150;0
HEAD;D;20250724;0;3525.0;3562.0;3470.0;3488.0;102301;0
HEAD;D;20250725;0;3497.0;3525.0;3421.0;3426.0;107059;0
HEAD;D;20250728;0;3441.0;3491.0;3351.0;3373.0;103383;0
HEAD;D;20250729;0;3373.0;3523.0;3367.0;3464.0;129600;0
HEAD;D;20250730;0;3464.0;3498.0;3360.0;3380.0;64537;0
HEAD;D;20250731;0;3374.0;3430.0;3357.0;3405.0;70400;0
HEAD;D;20250801;0;3420.0;3452.0;3397.0;3433.0;64634;0
HEAD;D;20250804;0;3433.0;3477.0;3407.0;3457.0;76076;0
HEAD;D;20250805;0;3457.0;3463.0;3373.0;3433.0;151330;0
HEAD;D;20250806;0;3446.0;3496.0;3387.0;3429.0;219685;0
HEAD;D;20250807;0;3430.0;3560.0;3418.0;3514.0;287495;0
HEAD;D;20250808;0;3520.0;3589.0;3487.0;3581.0;176439;0
HEAD;D;20250811;0;3591.0;3633.0;3518.0;3551.0;156801;0
HEAD;D;20250812;0;3558.0;3586.0;3519.0;3580.0;93478;0
HEAD;D;20250813;0;3590.0;3660.0;3572.0;3586.0;216878;0
HEAD;D;20250814;0;3586.0;3627.0;3540.0;3600.0;88754;0
HEAD;D;20250815;0;3610.0;3670.0;3598.0;3607.0;296831;0
HEAD;D;20250818;0;3583.0;3642.0;3550.0;3640.0;191252;0
HEAD;D;20250819;0;3640.0;3664.0;3601.0;3624.0;138842;0
HEAD;D;20250820;0;3627.0;3648.0;3586.0;3600.0;118613;0
HEAD;D;20250821;0;3605.0;3609.0;3520.0;3528.0;108403;0
HEAD;D;20250822;0;3529.0;3586.0;3529.0;3561.0;88348;0
HEAD;D;20250825;0;3565.0;3579.0;3526.0;3554.0;137917;0
HEAD;D;20250826;0;3554.0;3568.0;3536.0;3558.0;84093;0
HEAD;D;20250827;0;3558.0;3577.0;3533.0;3565.0;78093;0
HEAD;D;20250828;0;3569.0;3659.0;3553.0;3608.0;173096;0
HEAD;D;20250829;0;3608.0;3626.0;3577.0;3591.0;63481;0
HEAD;D;20250901;0;3594.0;3645.0;3583.0;3609.0;149734;0
HEAD;D;20250902;0;3610.0;3627.0;3533.0;3574.0;122416;0
HEAD;D;20250903;0;3573.0;3577.0;3539.0;3567.0;69200;0
HEAD;D;20250904;0;3568.0;3590.0;3555.0;3583.0;69526;0
HEAD;D;20250905;0;3583.0;3613.0;3577.0;3597.0;114636;0
HEAD;D;20250908;0;3605.0;3640.0;3603.0;3610.0;165108;0
HEAD;D;20250909;0;3613.0;3653.0;3603.0;3644.0;205686;0
HEAD;D;20250910;0;3645.0;3653.0;3610.0;3618.0;123409;0
HEAD;D;20250911;0;3618.0;3631.0;3556.0;3617.0;130583;0
HEAD;D;20250912;0;3630.0;3630.0;3530.0;3546.0;169229;0
HEAD;D;20250915;0;3551.0;3587.0;3490.0;3514.0;175853;0
HEAD;D;20250916;0;3514.0;3554.0;3484.0;3520.0;188508;0
HEAD;D;20250917;0;3520.0;3535.0;3493.0;3524.0;76750;0
HEAD;D;20250918;0;3533.0;3544.0;3491.0;3500.0;148542;0
HEAD;D;20250919;0;3514.0;3524.0;3484.0;3493.0;135036;0
HEAD;D;20250922;0;3508.0;3526.0;3428.0;3526.0;260431;0
HEAD;D;20250923;0;3526.0;3614.0;3503.0;3548.0;470111;0
HEAD;D;20250924;0;3548.0;3646.0;3513.0;3632.0;470821;0
HEAD;D;20250925;0;3635.0;3675.0;3571.0;3618.0;837393;0
HEAD;D;20250926;0;3396.0;3437.0;3305.0;3410.0;706867;0
HEAD;D;20250929;0;3394.0;3445.0;3318.0;3350.0;438834;0
HEAD;D;20250930;0;3356.0;3391.0;3286.0;3318.0;309064;0
HEAD;D;20251001;0;3328.0;3348.0;3150.0;3186.0;193881;0
HEAD;D;20251002;0;3175.0;3216.0;3061.0;3188.0;244167;0
HEAD;D;20251003;0;3190.0;3223.0;3070.0;3122.0;187719;0
HEAD;D;20251006;0;3119.0;3184.0;3023.0;3115.0;316487;0
HEAD;D;20251007;0;3112.0;3175.0;3071.0;3110.0;181866;0
HEAD;D;20251008;0;3110.0;3122.0;2970.0;3001.0;211140;0
HEAD;D;20251009;0;3011.0;3040.0;2901.0;3028.0;245484;0
HEAD;D;20251010;0;3027.0;3055.0;2920.0;2935.0;130733;0
HEAD;D;20251013;0;2941.0;2980.0;2881.0;2939.0;153637;0
HEAD;D;20251014;0;2951.0;3009.0;2888.0;2960.0;224414;0
HEAD;D;20251015;0;2969.0;2974.0;2910.0;2928.0;118588;0
HEAD;D;20251016;0;2936.0;3128.0;2905.0;3114.0;229714;0
HEAD;D;20251017;0;3115.0;3200.0;3068.0;3198.0;153479;0
HEAD;D;20251020;0;3198.0;3270.0;3150.0;3182.0;178450;0
HEAD;D;20251021;0;3175.0;3183.0;3007.0;3104.0;171981;0
HEAD;D;20251022;0;3104.0;3126.0;2955.0;2990.0;151613;0
HEAD;D;20251023;0;2959.0;2987.0;2920.0;2945.0;134550;0
HEAD;D;20251024;0;2953.0;2980.0;2891.0;2905.0;155869;0
HEAD;D;20251027;0;2912.0;2919.0;2778.0;2814.0;169763;0
HEAD;D;20251028;0;2814.0;2843.0;2727.0;2810.0;245862;0
HEAD;D;20251029;0;2817.0;2855.0;2808.0;2838.0;76501;0
HEAD;D;20251030;0;2835.0;2887.0;2824.0;2882.0;52734;0
HEAD;D;20251031;0;2887.0;2890.0;2784.0;2807.0;111633;0
HEAD;D;20251101;0;2807.0;2825.0;2779.0;2809.0;46306;0
HEAD;D;20251103;0;2809.0;2845.0;2809.0;2836.0;46372;0
HEAD;D;20251105;0;2833.0;2840.0;2752.0;2784.0;172907;0
HEAD;D;20251106;0;2788.0;2796.0;2728.0;2751.0;211458;0
HEAD;D;20251107;0;2751.0;2785.0;2734.0;2767.0;137833;0
HEAD;D;20251110;0;2773.0;2802.0;2757.0;2779.0;83667;0
HEAD;D;20251111;0;2779.0;2856.0;2763.0;2844.0;144301;0
HEAD;D;20251112;0;2844.0;2848.0;2764.0;2778.0;143566;0
HEAD;D;20251113;0;2784.0;2825.0;2773.0;2783.0;90007;0
HEAD;D;20251114;0;2789.0;2795.0;2745.0;2770.0;145485;0
HEAD;D;20251117;0;2773.0;2822.0;2745.0;2799.0;108290;0
HEAD;D;20251118;0;2800.0;2883.0;2789.0;2830.0;161250;0
HEAD;D;20251119;0;2825.0;2926.0;2806.0;2876.0;192600;0
HEAD;D;20251120;0;2881.0;2976.0;2871.0;2946.0;171381;0
HEAD;D;20251121;0;2950.0;2974.0;2894.0;2941.0;170255;0
HEAD;D;20251124;0;2950.0;2991.0;2921.0;2937.0;115646;0
HEAD;D;20251125;0;2937.0;2966.0;2903.0;2949.0;117472;0
HEAD;D;20251126;0;2949.0;2957.0;2911.0;2919.0;40701;0
HEAD;D;20251127;0;2918.0;2935.0;2861.0;2899.0;89957;0
HEAD;D;20251128;0;2890.0;2923.0;2875.0;2894.0;104364;0
HEAD;D;20251201;0;2905.0;2907.0;2860.0;2869.0;122048;0
HEAD;D;20251202;0;2873.0;2884.0;2851.0;2864.0;69139;0
HEAD;D;20251203;0;2851.0;2886.0;2808.0;2879.0;114685;0
HEAD;D;20251204;0;2879.0;2918.0;2876.0;2906.0;197189;0
HEAD;D;20251205;0;2908.0;2941.0;2902.0;2934.0;236333;0
HEAD;D;20251208;0;2936.0;2951.0;2905.0;2914.0;215973;0
HEAD;D;20251209;0;2914.0;2935.0;2912.0;2924.0;75247;0
HEAD;D;20251210;0;2929.0;2935.0;2872.0;2918.0;142127;0
HEAD;D;20251211;0;2917.0;2992.0;2914.0;2975.0;202587;0
HEAD;D;20251212;0;2975.0;3000.0;2900.0;2909.0;188422;0
HEAD;D;20251215;0;2924.0;2950.0;2896.0;2948.0;129747;0
HEAD;D;20251216;0;2942.0;2974.0;2933.0;2962.0;114281;0
HEAD;D;20251217;0;2964.0;2988.0;2907.0;2940.0;142103;0
HEAD;D;20251218;0;2950.0;2964.0;2900.0;2920.0;169627;0
HEAD;D;20251219;0;2930.0;2939.0;2878.0;2901.0;188331;0
HEAD;D;20251222;0;2910.0;2916.0;2845.0;2857.0;148653;0
HEAD;D;20251223;0;2850.0;2882.0;2822.0;2872.0;126963;0
HEAD;D;20251224;0;2864.0;2879.0;2835.0;2841.0;131173;0
HEAD;D;20251225;0;2851.0;2865.0;2821.0;2833.0;171433;0
HEAD;D;20251226;0;2837.0;2878.0;2833.0;2878.0;149078;0
HEAD;D;20251229;0;2878.0;2925.0;2847.0;2852.0;303930;0
HEAD;D;20251230;0;2855.0;2934.0;2852.0;2912.0;164005;0
HEAD;D;20260105;0;2912.0;2920.0;2870.0;2907.0;54698;0
HEAD;D;20260106;0;2914.0;2936.0;2906.0;2915.0;45585;0
HEAD;D;20260108;0;2906.0;2910.0;2860.0;2874.0;57444;0
HEAD;D;20260109;0;2874.0;2898.0;2874.0;2891.0;21560;0
HEAD;D;20260112;0;2891.0;2962.0;2891.0;2948.0;120378;0
HEAD;D;20260113;0;2942.0;3033.0;2911.0;2928.0;199874;0
HEAD;D;20260114;0;2923.0;2943.0;2875.0;2918.0;108694;0
HEAD;D;20260115;0;2918.0;2935.0;2899.0;2919.0;71153;0
HEAD;D;20260116;0;2920.0;2977.0;2915.0;2957.0;92132;0
HEAD;D;20260119;0;2957.0;2972.0;2920.0;2943.0;114882;0
HEAD;D;20260120;0;2951.0;2954.0;2870.0;2907.0;185289;0
HEAD;D;20260121;0;2903.0;2950.0;2899.0;2932.0;143772;0
HEAD;D;20260122;0;2940.0;2940.0;2906.0;2925.0;104216;0
HEAD;D;20260123;0;2921.0;2954.0;2917.0;2948.0;78031;0
HEAD;D;20260126;0;2949.0;2966.0;2921.0;2927.0;154730;0
HEAD;D;20260127;0;2931.0;2958.0;2923.0;2948.0;107048;0
HEAD;D;20260128;0;2948.0;2970.0;2939.0;2968.0;119795;0
HEAD;D;20260129;0;2932.0;2993.0;2930.0;2977.0;231085;0
HEAD;D;20260130;0;2977.0;2988.0;2921.0;2944.0;124568;0
HEAD;D;20260202;0;2954.0;2973.0;2927.0;2950.0;156216;0
HEAD;D;20260203;0;2951.0;2966.0;2936.0;2954.0;117609;0
HEAD;D;20260204;0;2960.0;2970.0;2900.0;2907.0;224716;0
HEAD;D;20260205;0;2914.0;2929.0;2882.0;2900.0;170180;0
HEAD;D;20260206;0;2897.0;2920.0;2890.0;2900.0;63887;0
HEAD;D;20260209;0;2900.0;2906.0;2823.0;2850.0;158769;0
HEAD;D;20260210;0;2842.0;2862.0;2773.0;2792.0;258334;0
HEAD;D;20260211;0;2796.0;2827.0;2756.0;2800.0;274235;0
HEAD;D;20260212;0;2813.0;2815.0;2792.0;2803.0;106518;0
HEAD;D;20260213;0;2807.0;2884.0;2775.0;2874.0;275297;0
HEAD;D;20260216;0;2879.0;2942.0;2872.0;2931.0;197382;0
HEAD;D;20260217;0;2925.0;2939.0;2890.0;2898.0;115915;0
HEAD;D;20260218;0;2917.0;2922.0;2867.0;2895.0;102592;0
HEAD;D;20260219;0;2899.0;2933.0;2888.0;2916.0;124104;0
HEAD;D;20260220;0;2916.0;2936.0;2885.0;2916.0;169803;0
HEAD;D;20260224;0;2915.0;2964.0;2902.0;2950.0;229832;0
HEAD;D;20260225;0;2950.0;2971.0;2934.0;2939.0;168023;0
HEAD;D;20260226;0;2975.0;2975.0;2944.0;2955.0;155321;0
HEAD;D;20260227;0;2960.0;3033.0;2951.0;3032.0;270415;0
HEAD;D;20260302;0;3033.0;3044.0;2940.0;2978.0;376293;0
HEAD;D;20260303;0;2981.0;2994.0;2886.0;2909.0;244899;0
HEAD;D;20260304;0;2910.0;2947.0;2908.0;2921.0;100229;0
HEAD;D;20260305;0;2924.0;2957.0;2905.0;2929.0;115645;0
HEAD;D;20260306;0;2930.0;3020.0;2922.0;2960.0;363367;0
HEAD;D;20260309;0;2981.0;2981.0;2931.0;2969.0;120112;0
HEAD;D;20260310;0;2980.0;3061.0;2973.0;3032.0;254654;0
HEAD;D;20260311;0;3032.0;3037.0;2960.0;2986.0;177536;0
HEAD;D;20260312;0;2995.0;3006.0;2975.0;3004.0;88793;0
HEAD;D;20260313;0;3000.0;3033.0;2988.0;3002.0;120655;0
HEAD;D;20260316;0;3010.0;3030.0;2995.0;3010.0;114436;0
HEAD;D;20260317;0;3012.0;3023.0;3000.0;3010.0;99120;0
HEAD;D;20260318;0;3010.0;3038.0;2999.0;3032.0;174075;0
HEAD;D;20260319;0;3032.0;3046.0;2989.0;3019.0;237265;0
HEAD;D;20260320;0;3018.0;3028.0;3000.0;3012.0;76406;0
HEAD;D;20260323;0;3015.0;3022.0;2967.0;2998.0;128506;0
HEAD;D;20260324;0;3000.0;3013.0;2981.0;2998.0;66886;0
HEAD;D;20260325;0;2999.0;3000.0;2980.0;2988.0;66904;0
HEAD;D;20260326;0;2988.0;2992.0;2936.0;2950.0;89651;0
HEAD;D;20260327;0;2945.0;2957.0;2892.0;2902.0;145942;0
HEAD;D;20260330;0;2920.0;2949.0;2901.0;2930.0;98974;0
HEAD;D;20260331;0;2931.0;2969.0;2920.0;2957.0;170979;0
HEAD;D;20260401;0;2963.0;2981.0;2947.0;2977.0;87354;0
HEAD;D;20260402;0;2985.0;2999.0;2947.0;2966.0;116783;0
HEAD;D;20260403;0;2967.0;2998.0;2934.0;2960.0;79050;0
HEAD;D;20260406;0;2960.0;2969.0;2940.0;2955.0;84617;0
HEAD;D;20260407;0;2956.0;2970.0;2946.0;2951.0;76075;0
HEAD;D;20260408;0;2951.0;2973.0;2947.0;2963.0;66454;0
HEAD;D;20260409;000000;2963;2977;2935;2940;79732;0
HEAD;D;20260410;000000;2940;2954;2920;2930;102694;0
HEAD;D;20260413;000000;2938;2940;2901;2912;135336;0
HEAD;D;20260414;000000;2916;2916;2874;2894;106478;0
HEAD;D;20260415;000000;2895;2915;2867;2911;144355;0
HEAD;D;20260416;000000;2911;2935;2890;2913;85474;0
HEAD;D;20260417;000000;2914;2945;2911;2926;89165;0
HEAD;D;20260420;000000;2926;2987;2923;2960;152221;0
HEAD;D;20260421;000000;2960;2972;2917;2938;120616;0
HEAD;D;20260422;000000;2943;2971;2932;2968;93155;0
HEAD;D;20260423;000000;2969;2986;2955;2976;62431;0
HEAD;D;20260424;000000;2976;2998;2959;2972;97277;0
HEAD;D;20260427;000000;2972;3000;2964;2971;94149;0
HEAD;D;20260428;000000;2971;2982;2912;2927;122649;0
HEAD;D;20260429;000000;2929;2948;2872;2925;166168;0
HEAD;D;20260430;000000;2927;2933;2891;2928;94892;0
HEAD;D;20260504;000000;2928;2985;2907;2918;247479;0
HEAD;D;20260505;000000;2918;2935;2902;2922;106524;0
HEAD;D;20260506;000000;2922;2935;2904;2913;146023;0
HEAD;D;20260507;000000;2914;2925;2891;2905;131642;0
HEAD;D;20260508;000000;2910;2912;2857;2888;227203;0
HEAD;D;20260511;000000;2890;2922;2890;2905;285781;0
HEAD;D;20260512;000000;2668;2723;2651;2711;549639;0
HEAD;D;20260513;000000;2714;2717;2691;2697;101459;0
HEAD;D;20260514;000000;2697;2709;2678;2699;128166;0
