<TICKER>;<PER>;<DATE>;<TIME>;<OPEN>;<HIGH>;<LOW>;<CLOSE>;<VOL>;<OPENINT>
LENT;D;20211201;000000;0;0;0;0;0;0
LENT;D;20211202;000000;0;0;0;0;0;0
LENT;D;20211203;000000;0;0;0;0;0;0
LENT;D;20211206;000000;0;0;0;0;0;0
LENT;D;20211207;000000;0;0;0;0;0;0
LENT;D;20211208;000000;0;0;0;0;0;0
LENT;D;20211209;000000;0;0;0;0;0;0
LENT;D;20211210;000000;0;0;0;0;0;0
LENT;D;20211213;000000;0;0;0;0;0;0
LENT;D;20211214;000000;1095;1095;1095;1095;42;0
LENT;D;20211215;000000;1204;1204;1050;1150;1630;0
LENT;D;20211216;000000;1200;1264.4;1177;1264.4;4839;0
LENT;D;20211217;000000;1299;1389.6;1281.8;1301;6592;0
LENT;D;20211220;000000;1287.8;1320;1110;1150;7426;0
LENT;D;20211221;000000;1182.6;1182.6;1069;1111.8;4973;0
LENT;D;20211222;000000;1111.6;1112;1032;1057;7541;0
LENT;D;20211223;000000;1050.2;1075.6;1006;1014;9392;0
LENT;D;20211224;000000;1015.8;1035.4;992;997.6;8144;0
LENT;D;20211227;000000;1012;1057;996.2;1049.2;12164;0
LENT;D;20211228;000000;1040;1042;1010.2;1033.6;4720;0
LENT;D;20211229;000000;1003;1032;996.2;999;14225;0
LENT;D;20211230;000000;1029.8;1029.8;995;998;7618;0
LENT;D;20220103;000000;998.4;1021.4;970;1001.4;5219;0
LENT;D;20220104;000000;1013;1022.8;1000;1019.8;8034;0
LENT;D;20220105;000000;1018;1026;1002.8;1025;2104;0
LENT;D;20220106;000000;1024.4;1030;1010;1019.6;2142;0
LENT;D;20220107;000000;0;0;0;0;0;0
LENT;D;20220110;000000;1016.6;1036.2;995;999;11516;0
LENT;D;20220111;000000;1005.8;1008.8;990.4;1008.8;2663;0
LENT;D;20220112;000000;1009.2;1014.4;1004.4;1009.2;2210;0
LENT;D;20220113;000000;1000.4;1014;982;982.6;10076;0
LENT;D;20220114;000000;984;999.8;961;977.2;8370;0
LENT;D;20220117;000000;977.4;999;968.2;974.2;5476;0
LENT;D;20220118;000000;970;980.8;929.6;933.8;11763;0
LENT;D;20220119;000000;933.8;966.2;918.2;940.8;8376;0
LENT;D;20220120;000000;990;990;925.4;958.6;3798;0
LENT;D;20220121;000000;971.4;971.4;894.2;919;15082;0
LENT;D;20220124;000000;932.8;995;785.2;826.8;23880;0
LENT;D;20220125;000000;852;852;799.6;830;8717;0
LENT;D;20220126;000000;850;869;833.2;858;3767;0
LENT;D;20220127;000000;875;888.8;831.2;880;3228;0
LENT;D;20220128;000000;899.8;927;880;898;3242;0
LENT;D;20220131;000000;890.2;932;860.4;894.2;9945;0
LENT;D;20220201;000000;910;910;894.5;907;2340;0
LENT;D;20220202;000000;910;919.5;897.5;905;3534;0
LENT;D;20220203;000000;900.5;900.5;880;888;2073;0
LENT;D;20220204;000000;915;915;875;877.5;1908;0
LENT;D;20220207;000000;885.5;892;861;872.5;2900;0
LENT;D;20220208;000000;875.5;881.5;840;870;2736;0
LENT;D;20220209;000000;875.5;894;871;885;2588;0
LENT;D;20220210;000000;878.5;894;878.5;884.5;4171;0
LENT;D;20220211;000000;889.5;915.5;850.5;879;7817;0
LENT;D;20220214;000000;875;879;851.5;866;1490;0
LENT;D;20220215;000000;879;894;865.5;878;3277;0
LENT;D;20220216;000000;899.5;916;890;893.5;3849;0
LENT;D;20220217;000000;893;921;875.5;883.5;4564;0
LENT;D;20220218;000000;883;920.5;871;877;3176;0
LENT;D;20220221;000000;900;910.5;821;839;18041;0
LENT;D;20220222;000000;825;866.5;735;850.5;7748;0
LENT;D;20220223;000000;0;0;0;0;0;0
LENT;D;20220224;000000;750;765;370;605;40975;0
LENT;D;20220225;000000;660;753.5;602;645;10760;0
LENT;D;20220228;000000;0;0;0;0;0;0
LENT;D;20220301;000000;0;0;0;0;0;0
LENT;D;20220302;000000;0;0;0;0;0;0
LENT;D;20220303;000000;0;0;0;0;0;0
LENT;D;20220304;000000;0;0;0;0;0;0
LENT;D;20220309;000000;0;0;0;0;0;0
LENT;D;20220310;000000;0;0;0;0;0;0
LENT;D;20220311;000000;0;0;0;0;0;0
LENT;D;20220314;000000;0;0;0;0;0;0
LENT;D;20220315;000000;0;0;0;0;0;0
LENT;D;20220316;000000;0;0;0;0;0;0
LENT;D;20220317;000000;0;0;0;0;0;0
LENT;D;20220318;000000;0;0;0;0;0;0
LENT;D;20220321;000000;0;0;0;0;0;0
LENT;D;20220322;000000;0;0;0;0;0;0
LENT;D;20220323;000000;0;0;0;0;0;0
LENT;D;20220324;000000;0;0;0;0;0;0
LENT;D;20220325;000000;0;0;0;0;0;0
LENT;D;20220328;000000;680;699.5;548;638.5;9672;0
LENT;D;20220329;000000;650;749;638.5;708;11513;0
LENT;D;20220330;000000;730;970;708;884.5;65865;0
LENT;D;20220331;000000;887;900;761;863;26016;0
LENT;D;20220401;000000;870;949;860.5;861;18306;0
LENT;D;20220404;000000;861.5;888.5;815.5;855.5;7632;0
LENT;D;20220405;000000;862.5;862.5;802;812.5;9025;0
LENT;D;20220406;000000;800;860;776;804;7027;0
LENT;D;20220407;000000;804.5;835;790;808;3213;0
LENT;D;20220408;000000;826.5;827;787.5;802;4923;0
LENT;D;20220411;000000;820;820;785.5;794;2560;0
LENT;D;20220412;000000;785;830;751;798.5;7729;0
LENT;D;20220413;000000;801;829;777;799;3250;0
LENT;D;20220414;000000;780.5;844.5;753;785;3764;0
LENT;D;20220415;000000;800;800;695;771.5;3480;0
LENT;D;20220418;000000;779.5;790;717;728.5;6511;0
LENT;D;20220419;000000;717.5;745;705;728;6275;0
LENT;D;20220420;000000;736.5;770.5;711;730;3168;0
LENT;D;20220421;000000;730;755;712.5;733;3770;0
LENT;D;20220422;000000;733;741;715.5;725;1483;0
LENT;D;20220425;000000;730;988;727;825;100740;0
LENT;D;20220426;000000;815;845;770;790.5;29579;0
LENT;D;20220427;000000;791.5;800;752;792;11326;0
LENT;D;20220428;000000;794.5;800;775;776;8632;0
LENT;D;20220429;000000;776.5;788.5;761.5;780.5;4271;0
LENT;D;20220504;000000;785;788;770;776;2904;0
LENT;D;20220505;000000;771;787;765;771.5;3180;0
LENT;D;20220506;000000;771.5;778.5;755;764;1917;0
LENT;D;20220511;000000;755;765.5;755;762;2078;0
LENT;D;20220512;000000;750.5;765;731.5;745.5;2933;0
LENT;D;20220513;000000;735.5;775;735.5;740;2070;0
LENT;D;20220516;000000;772.5;775;744;766;3310;0
LENT;D;20220517;000000;766.5;800;760.5;789.5;12181;0
LENT;D;20220518;000000;788;819.5;766;770;12600;0
LENT;D;20220519;000000;772.5;776.5;742;773;3582;0
LENT;D;20220520;000000;780;780;748.5;756.5;3680;0
LENT;D;20220523;000000;757;765;719.5;729;2827;0
LENT;D;20220524;000000;729;739.5;722;729.5;1931;0
LENT;D;20220525;000000;733;744.5;725;737.5;2884;0
LENT;D;20220526;000000;739.5;766.5;726;742.5;4281;0
LENT;D;20220527;000000;745;759.5;719;735.5;5465;0
LENT;D;20220530;000000;745;745;723;727;3865;0
LENT;D;20220531;000000;727;749;709;711;4404;0
LENT;D;20220601;000000;719.5;722;701;708;5318;0
LENT;D;20220602;000000;709;709;676.5;681.5;7477;0
LENT;D;20220603;000000;695.5;695.5;668;680;5395;0
LENT;D;20220606;000000;680;689.5;669.5;678;3134;0
LENT;D;20220607;000000;678;687.5;654.5;687;6578;0
LENT;D;20220608;000000;690;702;687;696;5933;0
LENT;D;20220609;000000;688;708;668.5;678.5;5886;0
LENT;D;20220610;000000;672.5;681;668;671.5;2735;0
LENT;D;20220614;000000;670;675;656.5;668;3660;0
LENT;D;20220615;000000;665;693.5;660;677.5;1894;0
LENT;D;20220616;000000;675;688;675;685.5;1586;0
LENT;D;20220617;000000;687.5;687.5;680;686.5;1016;0
LENT;D;20220620;000000;685.5;690;672;689;2465;0
LENT;D;20220621;000000;689.5;693.5;680;683.5;3526;0
LENT;D;20220622;000000;689;689.5;655;682;4388;0
LENT;D;20220623;000000;693.5;693.5;675.5;679.5;2751;0
LENT;D;20220624;000000;679.5;688.5;672.5;681;2193;0
LENT;D;20220627;000000;685;732.5;672;705;7973;0
LENT;D;20220628;000000;705;720;692;695;3987;0
LENT;D;20220629;000000;695.5;708;695;699;4440;0
LENT;D;20220630;000000;702;730;650;675.5;13657;0
LENT;D;20220701;000000;675.5;694.5;650;678.5;5418;0
LENT;D;20220704;000000;678.5;686;669;674;2960;0
LENT;D;20220705;000000;681;681;670.5;673;2590;0
LENT;D;20220706;000000;678.5;680;671;678;2346;0
LENT;D;20220707;000000;685.5;693;677;686;4029;0
LENT;D;20220708;000000;682.5;696.5;679.5;689.5;2637;0
LENT;D;20220711;000000;692.5;696;681;681;1718;0
LENT;D;20220712;000000;698;698;677.5;682;2176;0
LENT;D;20220713;000000;680;690;658;661;3541;0
LENT;D;20220714;000000;663.5;685;662;663;2150;0
LENT;D;20220715;000000;673.5;676;651.5;667.5;2767;0
LENT;D;20220718;000000;673.5;674;663;669;1358;0
LENT;D;20220719;000000;674;706;671;689.5;6926;0
LENT;D;20220720;000000;698;705;670.5;688.5;6524;0
LENT;D;20220721;000000;678.5;691.5;663;688;3444;0
LENT;D;20220722;000000;710;710;673;706.5;13647;0
LENT;D;20220725;000000;728;736.5;708.5;713.5;30016;0
LENT;D;20220726;000000;713.5;718;686;706;10540;0
LENT;D;20220727;000000;699;712;699;703.5;4894;0
LENT;D;20220728;000000;709.5;709.5;701;706.5;5389;0
LENT;D;20220729;000000;709;838;707;785;92265;0
LENT;D;20220801;000000;787;925.5;787;888;142326;0
LENT;D;20220802;000000;905;944;792;803.5;118911;0
LENT;D;20220803;000000;808.5;808.5;755.5;764.5;45642;0
LENT;D;20220804;000000;760.5;839;760.5;827;67971;0
LENT;D;20220805;000000;830;831;765;795;38506;0
LENT;D;20220808;000000;808.5;827;782.5;822;26449;0
LENT;D;20220809;000000;821.5;841.5;800;832;20869;0
LENT;D;20220810;000000;832;847;812.5;840;13040;0
LENT;D;20220811;000000;840;844;808.5;843.5;18029;0
LENT;D;20220812;000000;842.5;938;837.5;887.5;87778;0
LENT;D;20220815;000000;899;899.5;843;892;59886;0
LENT;D;20220816;000000;890;909.5;889;894;16592;0
LENT;D;20220817;000000;891;909;891;905.5;14587;0
LENT;D;20220818;000000;912;953;904;927;43722;0
LENT;D;20220819;000000;924;936;918.5;936;10291;0
LENT;D;20220822;000000;936.5;945;912.5;935;19864;0
LENT;D;20220823;000000;933.5;940;909.5;923;14665;0
LENT;D;20220824;000000;929;929;914;923.5;3494;0
LENT;D;20220825;000000;925;928;896;917;7926;0
LENT;D;20220826;000000;916;917;890;907.5;11317;0
LENT;D;20220829;000000;910;913.5;898;903;11925;0
LENT;D;20220830;000000;899.5;904.5;883;897.5;9342;0
LENT;D;20220831;000000;881;902.5;874.5;896;10858;0
LENT;D;20220901;000000;902;902;876;895.5;6697;0
LENT;D;20220902;000000;898.5;906;885.5;896;6267;0
LENT;D;20220905;000000;897;900;888;895.5;6302;0
LENT;D;20220906;000000;895.5;907;865;887.5;16083;0
LENT;D;20220907;000000;884.5;889;866;867;8863;0
LENT;D;20220908;000000;867.5;873;857.5;868.5;4001;0
LENT;D;20220909;000000;860;870;856.5;860.5;9274;0
LENT;D;20220912;000000;919.5;919.5;861;872;30276;0
LENT;D;20220913;000000;880.5;900;870;890;20894;0
LENT;D;20220914;000000;895;895;869;876;8229;0
LENT;D;20220915;000000;872.5;889;872.5;875;6468;0
LENT;D;20220916;000000;879;880;862.5;868;7119;0
LENT;D;20220919;000000;865;876.5;848;860;9452;0
LENT;D;20220920;000000;861.5;867.5;760.5;804;29544;0
LENT;D;20220921;000000;772;799.5;700;749;14215;0
LENT;D;20220922;000000;750;806;735;755;12137;0
LENT;D;20220923;000000;747.5;760;699.5;715.5;8502;0
LENT;D;20220926;000000;710;744.5;634;665;15249;0
LENT;D;20220927;000000;665.5;721;661;684.5;13844;0
LENT;D;20220928;000000;697.5;701;660.5;662.5;8560;0
LENT;D;20220929;000000;722;722;607.5;668.5;53176;0
LENT;D;20220930;000000;668.5;686;610;661;24876;0
LENT;D;20221003;000000;640;699;640;679.5;23138;0
LENT;D;20221004;000000;684.5;696.5;663;670.5;11875;0
LENT;D;20221005;000000;697;730;651;677;35374;0
LENT;D;20221006;000000;678;709.5;666;706;33756;0
LENT;D;20221007;000000;700;704.5;681.5;693;21692;0
LENT;D;20221010;000000;675;703;639;699.5;15346;0
LENT;D;20221011;000000;696.5;735;696.5;725;16135;0
LENT;D;20221012;000000;766;766;731.5;752.5;15810;0
LENT;D;20221013;000000;757.5;757.5;727;737.5;11725;0
LENT;D;20221014;000000;749;752.5;725.5;727.5;5135;0
LENT;D;20221017;000000;727.5;754;727.5;750;13196;0
LENT;D;20221018;000000;759.5;759.5;710;735;30088;0
LENT;D;20221019;000000;725;734.5;704;718.5;21053;0
LENT;D;20221020;000000;722;735;720;727;13029;0
LENT;D;20221021;000000;720;787.5;719;783.5;48176;0
LENT;D;20221024;000000;791.5;831;765;768.5;105970;0
LENT;D;20221025;000000;770;781.5;766;775.5;32434;0
LENT;D;20221026;000000;775.5;779.5;762;771.5;24472;0
LENT;D;20221027;000000;774;790;766;780;33751;0
LENT;D;20221028;000000;780;782.5;770;771.5;11638;0
LENT;D;20221031;000000;771.5;776.5;730;759;28479;0
LENT;D;20221101;000000;759;775;759;762.5;12991;0
LENT;D;20221102;000000;769;769;752.5;755;11399;0
LENT;D;20221103;000000;751.5;751.5;716;736.5;20515;0
LENT;D;20221107;000000;739.5;750;736;749.5;35933;0
LENT;D;20221108;000000;749.5;760;736.5;745.5;28222;0
LENT;D;20221109;000000;748.5;749;735.5;741;23541;0
LENT;D;20221110;000000;740;765;739.5;754;34681;0
LENT;D;20221111;000000;766;766;754;755.5;25686;0
LENT;D;20221114;000000;750;756.5;746.5;751.5;22024;0
LENT;D;20221115;000000;752;754;742;747.5;13826;0
LENT;D;20221116;000000;743;745.5;712;740.5;29009;0
LENT;D;20221117;000000;743;743;720;729;17794;0
LENT;D;20221118;000000;729;737;718.5;735;15495;0
LENT;D;20221121;000000;735;735.5;724.5;730;7397;0
LENT;D;20221122;000000;742.5;744.5;727.5;739;18103;0
LENT;D;20221123;000000;739;749;737.5;739.5;10022;0
LENT;D;20221124;000000;739.5;745;719;737.5;15718;0
LENT;D;20221125;000000;743;764;733;742;31041;0
LENT;D;20221128;000000;747.5;787.5;721;748;58354;0
LENT;D;20221129;000000;750;753;737.5;750;20506;0
LENT;D;20221130;000000;749;756;741;744;10742;0
LENT;D;20221201;000000;758;758;737;737;9064;0
LENT;D;20221202;000000;743;743;725;730.5;21184;0
LENT;D;20221205;000000;731;736;711;729;20434;0
LENT;D;20221206;000000;729;734.5;720;723;17017;0
LENT;D;20221207;000000;721.5;727.5;720;724;4159;0
LENT;D;20221208;000000;720;723;718;719;3949;0
LENT;D;20221209;000000;724.5;724.5;700;705;13224;0
LENT;D;20221212;000000;707;715.5;706;711;11675;0
LENT;D;20221213;000000;710;717.5;706;716;7012;0
LENT;D;20221214;000000;716;716;701.5;704.5;5551;0
LENT;D;20221215;000000;704;710;690;693;10475;0
LENT;D;20221216;000000;690.5;700.5;685;695;6020;0
LENT;D;20221219;000000;695;700;682;689.5;6142;0
LENT;D;20221220;000000;695;716.5;682.5;700.5;10610;0
LENT;D;20221221;000000;705;710.5;695;697.5;8610;0
LENT;D;20221222;000000;700;703;694.5;695.5;5838;0
LENT;D;20221223;000000;695.5;701.5;693;698;5263;0
LENT;D;20221226;000000;694;703.5;690;694.5;7231;0
LENT;D;20221227;000000;699.5;699.5;690;693;10215;0
LENT;D;20221228;000000;693;694;688;688.5;6209;0
LENT;D;20221229;000000;688;691;685;688;6176;0
LENT;D;20221230;000000;688;693;686;690;7276;0
LENT;D;20230103;000000;691;702;689.5;693.5;7169;0
LENT;D;20230104;000000;693;700;691.5;699;6199;0
LENT;D;20230105;000000;699;702;690;691.5;7119;0
LENT;D;20230106;000000;691.5;692;687;689;3812;0
LENT;D;20230109;000000;690;693;688;691;6362;0
LENT;D;20230110;000000;691;694;689;693.5;4937;0
LENT;D;20230111;000000;693.5;699;693.5;698.5;10327;0
LENT;D;20230112;000000;698.5;730.5;698.5;711;67835;0
LENT;D;20230113;000000;712;717.5;701;710.5;21720;0
LENT;D;20230116;000000;716.5;745;703.5;731;64164;0
LENT;D;20230117;000000;734;738;715;717;18420;0
LENT;D;20230118;000000;723;729.5;712.5;722.5;14185;0
LENT;D;20230119;000000;723.5;723.5;705.5;711.5;16770;0
LENT;D;20230120;000000;715;715;686;706.5;18110;0
LENT;D;20230123;000000;706.5;716.5;704;714;7380;0
LENT;D;20230124;000000;714.5;730;714.5;718;19768;0
LENT;D;20230125;000000;717.5;721.5;710.5;719;8904;0
LENT;D;20230126;000000;719;721.5;707;715;15021;0
LENT;D;20230127;000000;718.5;720.5;706;715.5;7346;0
LENT;D;20230130;000000;713;727;707;719.5;26672;0
LENT;D;20230131;000000;719.5;728;719;720.5;19052;0
LENT;D;20230201;000000;720;723;718;719;13011;0
LENT;D;20230202;000000;723.5;724;719;720;7144;0
LENT;D;20230203;000000;721;722.5;708.5;717;11639;0
LENT;D;20230206;000000;715.5;723;714;718;8556;0
LENT;D;20230207;000000;720;722.5;712.5;716.5;10702;0
LENT;D;20230208;000000;714.5;722.5;714;716;9764;0
LENT;D;20230209;000000;724;724;710;716;9520;0
LENT;D;20230210;000000;716;719.5;714;717.5;5132;0
LENT;D;20230213;000000;717;741.5;712.5;733;44285;0
LENT;D;20230214;000000;742;742;713;719;25992;0
LENT;D;20230215;000000;720;720;690;694;29710;0
LENT;D;20230216;000000;694.5;702;691.5;698;9990;0
LENT;D;20230217;000000;698;701;692.5;696;5005;0
LENT;D;20230220;000000;693.5;695;685;691.5;8938;0
LENT;D;20230221;000000;691.5;711;690;699;18280;0
LENT;D;20230222;000000;700;713;700;708;9429;0
LENT;D;20230224;000000;709.5;709.5;700;701.5;5651;0
LENT;D;20230227;000000;700;710;697;704.5;8102;0
LENT;D;20230228;000000;708.5;711.5;705;707;7263;0
LENT;D;20230301;000000;711;736;707;719.5;46311;0
LENT;D;20230302;000000;727.5;727.5;696;707;17751;0
LENT;D;20230303;000000;707;712.5;707;711;5262;0
LENT;D;20230306;000000;715;719;710;712.5;12507;0
LENT;D;20230307;000000;712.5;719.5;711;717.5;12327;0
LENT;D;20230309;000000;717.5;744.5;716;720.5;56548;0
LENT;D;20230310;000000;725;725;710.5;716;14527;0
LENT;D;20230313;000000;716.5;724.5;711;714;12363;0
LENT;D;20230314;000000;714;722;714;716;6438;0
LENT;D;20230315;000000;719.5;721;707;711;15533;0
LENT;D;20230316;000000;708.5;711;704;710.5;5921;0
LENT;D;20230317;000000;715;715;707;708;7784;0
LENT;D;20230320;000000;710;713;702;707;31108;0
LENT;D;20230321;000000;715;720;707;710;17648;0
LENT;D;20230322;000000;709.5;713;705;708.5;7287;0
LENT;D;20230323;000000;711;717.5;708;710;16268;0
LENT;D;20230324;000000;709;727;703;713;38220;0
LENT;D;20230327;000000;723;773.5;715.5;761;219530;0
LENT;D;20230328;000000;761;763;733;747;69994;0
LENT;D;20230329;000000;761;785.5;720;736;209330;0
LENT;D;20230330;000000;736;765;736;750;60494;0
LENT;D;20230331;000000;752.5;761;732;745;36807;0
LENT;D;20230403;000000;750;768;736;745;46681;0
LENT;D;20230404;000000;750;770;746;758.5;59175;0
LENT;D;20230405;000000;761;761.5;740;755;35266;0
LENT;D;20230406;000000;752;756;750.5;755;21982;0
LENT;D;20230407;000000;755.5;758.5;743;747;13397;0
LENT;D;20230410;000000;751;755;743;748.5;31553;0
LENT;D;20230411;000000;748.5;750;733;742;30586;0
LENT;D;20230412;000000;742;746;736.5;740;14497;0
LENT;D;20230413;000000;732;741;726;735;13500;0
LENT;D;20230414;000000;745;761.5;735;750;86669;0
LENT;D;20230417;000000;756;769;751;769;50082;0
LENT;D;20230418;000000;769.5;770.5;755;761;33942;0
LENT;D;20230419;000000;765;790;760;768;87131;0
LENT;D;20230420;000000;768;778.5;749.5;761;36862;0
LENT;D;20230421;000000;761;794;759.5;778.5;94599;0
LENT;D;20230424;000000;793;807;770.5;773;64830;0
LENT;D;20230425;000000;775;779.5;763.5;764.5;24080;0
LENT;D;20230426;000000;763;770.5;762;763;13968;0
LENT;D;20230427;000000;763;768.5;752.5;762.5;21268;0
LENT;D;20230428;000000;762.5;767.5;740.5;750;22450;0
LENT;D;20230502;000000;755;768.5;732;740;31753;0
LENT;D;20230503;000000;741.5;749.5;728;730;22046;0
LENT;D;20230504;000000;730;735.5;710.5;722;29477;0
LENT;D;20230505;000000;722;736;721;722.5;18037;0
LENT;D;20230508;000000;725.5;725.5;713;716.5;5314;0
LENT;D;20230510;000000;716.5;731.5;713.5;726;15659;0
LENT;D;20230511;000000;719.5;751.5;719.5;736.5;37335;0
LENT;D;20230512;000000;737.5;739.5;723.5;730;6433;0
LENT;D;20230515;000000;738.5;738.5;725.5;731.5;7008;0
LENT;D;20230516;000000;737;748.5;728.5;735.5;27768;0
LENT;D;20230517;000000;735.5;739.5;732.5;736.5;10750;0
LENT;D;20230518;000000;736.5;738.5;732;732;8988;0
LENT;D;20230519;000000;730;732;720;729;18183;0
LENT;D;20230522;000000;729.5;738;714.5;722.5;25358;0
LENT;D;20230523;000000;720;726;715;720.5;11201;0
LENT;D;20230524;000000;727;732;718;720;12962;0
LENT;D;20230525;000000;720;728;714;714;19081;0
LENT;D;20230526;000000;715;719.5;704.5;713;26867;0
LENT;D;20230529;000000;713.5;718;710;716;26732;0
LENT;D;20230530;000000;719.5;749.5;716;731;135248;0
LENT;D;20230531;000000;724;735.5;723.5;726.5;34084;0
LENT;D;20230601;000000;736;736;718;726;56576;0
LENT;D;20230602;000000;724;733;720.5;722;22278;0
LENT;D;20230605;000000;728;731;720;720;21721;0
LENT;D;20230606;000000;720;725.5;713;714.5;19409;0
LENT;D;20230607;000000;714.5;727;714.5;727;27430;0
LENT;D;20230608;000000;727;731;719;722;12579;0
LENT;D;20230609;000000;722;732.5;719;730;46820;0
LENT;D;20230613;000000;730;748;726;742.5;66691;0
LENT;D;20230614;000000;742.5;751;731;739;35863;0
LENT;D;20230615;000000;750;777;741.5;770;153652;0
LENT;D;20230616;000000;771;778;754.5;763;47471;0
LENT;D;20230619;000000;763;780;760.5;770;41653;0
LENT;D;20230620;000000;777;777;755;758.5;23362;0
LENT;D;20230621;000000;759;765;737;755.5;38267;0
LENT;D;20230622;000000;755.5;776;754;770;54840;0
LENT;D;20230623;000000;760;764.5;751;753;26437;0
LENT;D;20230626;000000;755.5;755.5;737.5;742.5;24926;0
LENT;D;20230627;000000;743;749;718;745;31948;0
LENT;D;20230628;000000;745;747.5;739.5;740;12002;0
LENT;D;20230629;000000;747.5;774;741.5;760.5;79344;0
LENT;D;20230630;000000;754.5;764.5;745.5;754;14163;0
LENT;D;20230703;000000;754;768;751;758.5;27658;0
LENT;D;20230704;000000;768;768;750;755.5;18761;0
LENT;D;20230705;000000;755.5;761;751;761;28608;0
LENT;D;20230706;000000;762;770;741.5;749;31729;0
LENT;D;20230707;000000;751;754;740.5;743.5;21199;0
LENT;D;20230710;000000;743.5;755.5;743.5;752;20214;0
LENT;D;20230711;000000;756.5;758;752;754;19736;0
LENT;D;20230712;000000;762;786;753;784;133722;0
LENT;D;20230713;000000;785;808;776;788.5;148533;0
LENT;D;20230714;000000;788.5;794;778;782;29324;0
LENT;D;20230717;000000;783;801.5;761.5;794;142521;0
LENT;D;20230718;000000;801.5;802;786;788;70059;0
LENT;D;20230719;000000;793;808;773.5;801.5;77274;0
LENT;D;20230720;000000;801.5;815;776.5;779.5;97043;0
LENT;D;20230721;000000;779.5;797.5;761;794.5;81140;0
LENT;D;20230724;000000;799;828;798;820;141815;0
LENT;D;20230725;000000;820.5;836;803;824;121845;0
LENT;D;20230726;000000;824;834.5;810;819.5;47094;0
LENT;D;20230727;000000;845;849;821;829.5;102122;0
LENT;D;20230728;000000;832.5;834.5;807;818.5;110499;0
LENT;D;20230731;000000;817;827.5;816;818;39573;0
LENT;D;20230801;000000;820;824.5;808;812;39534;0
LENT;D;20230802;000000;814;820;801.5;814.5;66272;0
LENT;D;20230803;000000;814.5;823;803.5;813;35629;0
LENT;D;20230804;000000;813.5;838;777;788.5;170241;0
LENT;D;20230807;000000;791.5;811.5;788;796;63731;0
LENT;D;20230808;000000;796;820;769;784;68353;0
LENT;D;20230809;000000;793;818;783;785;67239;0
LENT;D;20230810;000000;786;800;785;797;29384;0
LENT;D;20230811;000000;797;805;792.5;801.5;24214;0
LENT;D;20230814;000000;800;811.5;785;791;50285;0
LENT;D;20230815;000000;788;798;769;788;36213;0
LENT;D;20230816;000000;788.5;791;747.5;762.5;47105;0
LENT;D;20230817;000000;766;782.5;757;780;41957;0
LENT;D;20230818;000000;780;794;769;781;32936;0
LENT;D;20230821;000000;785;797;782.5;784;25546;0
LENT;D;20230822;000000;796;796;783.5;786.5;26193;0
LENT;D;20230823;000000;786.5;793.5;771;779.5;21712;0
LENT;D;20230824;000000;779;783;773;776.5;18955;0
LENT;D;20230825;000000;777;792.5;775.5;787.5;43097;0
LENT;D;20230828;000000;790;805.5;787.5;793;83926;0
LENT;D;20230829;000000;794;802;785;786;45063;0
LENT;D;20230830;000000;787.5;796.5;780;785;26489;0
LENT;D;20230831;000000;795;798;778.5;783.5;33382;0
LENT;D;20230901;000000;784;791;776.5;782.5;15377;0
LENT;D;20230904;000000;777.5;790;777.5;788.5;31561;0
LENT;D;20230905;000000;790;796.5;781;788.5;39124;0
LENT;D;20230906;000000;785;793.5;779;779.5;50824;0
LENT;D;20230907;000000;781.5;790;747;764.5;68122;0
LENT;D;20230908;000000;764;771;739;754.5;57432;0
LENT;D;20230911;000000;759;760.5;744.5;752.5;12969;0
LENT;D;20230912;000000;758.5;768.5;752.5;766;25816;0
LENT;D;20230913;000000;766;790;758;780;105937;0
LENT;D;20230914;000000;773.5;778;723.5;749;75892;0
LENT;D;20230915;000000;738;768.5;738;757.5;28649;0
LENT;D;20230918;000000;763;765.5;748.5;751.5;18038;0
LENT;D;20230919;000000;756;756;726;728.5;44606;0
LENT;D;20230920;000000;728.5;733.5;715;723;29828;0
LENT;D;20230921;000000;727;727;703;710;21755;0
LENT;D;20230922;000000;710;721;699;715;17049;0
LENT;D;20230925;000000;718;737.5;708;728.5;36428;0
LENT;D;20230926;000000;726.5;728.5;715;723;10920;0
LENT;D;20230927;000000;724;731;724;729.5;11004;0
LENT;D;20230928;000000;730.5;737;723.5;731.5;10335;0
LENT;D;20230929;000000;734;736.5;726;731;10203;0
LENT;D;20231002;000000;736.5;736.5;716.5;720;21667;0
LENT;D;20231003;000000;720;730;716;728;10419;0
LENT;D;20231004;000000;726.5;729.5;722;724;11215;0
LENT;D;20231005;000000;723;729;718;722;7437;0
LENT;D;20231006;000000;722;724.5;713;720.5;9105;0
LENT;D;20231009;000000;723.5;727.5;718.5;725;10468;0
LENT;D;20231010;000000;725;729.5;724.5;726;12104;0
LENT;D;20231011;000000;725;728;723.5;727;10229;0
LENT;D;20231012;000000;727;727;713;723.5;16076;0
LENT;D;20231013;000000;727.5;730;724;728;11871;0
LENT;D;20231016;000000;728;752;728;750;54460;0
LENT;D;20231017;000000;750;777;745.5;764;129961;0
LENT;D;20231018;000000;769.5;772;738.5;746.5;49852;0
LENT;D;20231019;000000;746.5;751.5;745;749;19154;0
LENT;D;20231020;000000;752;767.5;745.5;762.5;35723;0
LENT;D;20231023;000000;762.5;775.5;751.5;762;52442;0
LENT;D;20231024;000000;760;791.5;755;762.5;122367;0
LENT;D;20231025;000000;762;768.5;755;757.5;23962;0
LENT;D;20231026;000000;756;758.5;732;737.5;46989;0
LENT;D;20231027;000000;750;753;735;745;43632;0
LENT;D;20231030;000000;745;749;735.5;740.5;21262;0
LENT;D;20231031;000000;740.5;741.5;727.5;728;21829;0
LENT;D;20231101;000000;731;736;718.5;727;30961;0
LENT;D;20231102;000000;732.5;733.5;727;728.5;12013;0
LENT;D;20231103;000000;730.5;730.5;722.5;726.5;13954;0
LENT;D;20231106;000000;728;728;719;724;16276;0
LENT;D;20231107;000000;725.5;739.5;721;730;19599;0
LENT;D;20231108;000000;730;744;727;742;37396;0
LENT;D;20231109;000000;742;745.5;733.5;737.5;15597;0
LENT;D;20231110;000000;742.5;742.5;730.5;731.5;14857;0
LENT;D;20231113;000000;734;738;722.5;729;18145;0
LENT;D;20231114;000000;726.5;731;709.5;716.5;27841;0
LENT;D;20231115;000000;717;722;704.5;717.5;17394;0
LENT;D;20231116;000000;720;725;715.5;716.5;16239;0
LENT;D;20231117;000000;716;735;709;718;15857;0
LENT;D;20231120;000000;720.5;728.5;714;717.5;14499;0
LENT;D;20231121;000000;717.5;720.5;715;718;5716;0
LENT;D;20231122;000000;719.5;726;718;723.5;8958;0
LENT;D;20231123;000000;724;724;712.5;718.5;10287;0
LENT;D;20231124;000000;718.5;723;711;713;9272;0
LENT;D;20231127;000000;715.5;716.5;690;695.5;28846;0
LENT;D;20231128;000000;700;708.5;695;702;25717;0
LENT;D;20231129;000000;705;707.5;692.5;702;14188;0
LENT;D;20231130;000000;706;707;691.5;692;14529;0
LENT;D;20231201;000000;697;697;682;686.5;15678;0
LENT;D;20231204;000000;686.5;686.5;668;671;28449;0
LENT;D;20231205;000000;671;688;663;671.5;16914;0
LENT;D;20231206;000000;672;676.5;656;663;20863;0
LENT;D;20231207;000000;663;666;650;664;15105;0
LENT;D;20231208;000000;670;672;658.5;666.5;9601;0
LENT;D;20231211;000000;666;683;650;653.5;17026;0
LENT;D;20231212;000000;657;664.5;646;653;8229;0
LENT;D;20231213;000000;654;656.5;647.5;655.5;13454;0
LENT;D;20231214;000000;655.5;663;650;650;7589;0
LENT;D;20231215;000000;650;655;638.5;652.5;20600;0
LENT;D;20231218;000000;658;667;654.5;665.5;23053;0
LENT;D;20231219;000000;666;666;655.5;660;16945;0
LENT;D;20231220;000000;666.5;695;660;675;50757;0
LENT;D;20231221;000000;678.5;684;660.5;663.5;21375;0
LENT;D;20231222;000000;669;688;665.5;679.5;70401;0
LENT;D;20231225;000000;690;699;682;688;38876;0
LENT;D;20231226;000000;688;692;672;677;36781;0
LENT;D;20231227;000000;680;690.5;672;672.5;35027;0
LENT;D;20231228;000000;672.5;679;663.5;665.5;28569;0
LENT;D;20231229;000000;671;677.5;663;669.5;18161;0
LENT;D;20240103;000000;672;683;672;677;10627;0
LENT;D;20240104;000000;680;696.5;676;691.5;25881;0
LENT;D;20240105;000000;692;694.5;680;688;13847;0
LENT;D;20240108;000000;688.5;712.5;682;697.5;94668;0
LENT;D;20240109;000000;706;709;693;696;24669;0
LENT;D;20240110;000000;693.5;706;693.5;699.5;22202;0
LENT;D;20240111;000000;705;705;690;701.5;29684;0
LENT;D;20240112;000000;699;712;695.5;707;42775;0
LENT;D;20240115;000000;707;712;694.5;700;26835;0
LENT;D;20240116;000000;701;709;693;705;25604;0
LENT;D;20240117;000000;707;718;702.5;710;35880;0
LENT;D;20240118;000000;716;716;697.5;704;22714;0
LENT;D;20240119;000000;704.5;709;697.5;702.5;12716;0
LENT;D;20240122;000000;702;705;700;702;10388;0
LENT;D;20240123;000000;703;709.5;698;701.5;14453;0
LENT;D;20240124;000000;703.5;706;692;696;15014;0
LENT;D;20240125;000000;696;699;692;694.5;17066;0
LENT;D;20240126;000000;698.5;742;694;732.5;217631;0
LENT;D;20240129;000000;733.5;745.5;722.5;728;91731;0
LENT;D;20240130;000000;733.5;745;729;732;35071;0
LENT;D;20240131;000000;734.5;755;733.5;748;86089;0
LENT;D;20240201;000000;750;753.5;737.5;750.5;47564;0
LENT;D;20240202;000000;753.5;759;742;757.5;37049;0
LENT;D;20240205;000000;763;775;743.5;760;176241;0
LENT;D;20240206;000000;760;764;745;752.5;34111;0
LENT;D;20240207;000000;756.5;758;741;749.5;39120;0
LENT;D;20240208;000000;749.5;751.5;731;734;37376;0
LENT;D;20240209;000000;736.5;752;731;744;56082;0
LENT;D;20240212;000000;749.5;757.5;744;752;31330;0
LENT;D;20240213;000000;752;757.5;748;755.5;19866;0
LENT;D;20240214;000000;753;767.5;750.5;758;38246;0
LENT;D;20240215;000000;758;779;756;779;53118;0
LENT;D;20240216;000000;780;780;764;771;30670;0
LENT;D;20240219;000000;771;775.5;750.5;754;21846;0
LENT;D;20240220;000000;755;755;738;753.5;36962;0
LENT;D;20240221;000000;752;752;721;742;37946;0
LENT;D;20240222;000000;742;750;738;741;13491;0
LENT;D;20240226;000000;757;762.5;745.5;759.5;23338;0
LENT;D;20240227;000000;757.5;769;757;759;16869;0
LENT;D;20240228;000000;759.5;763.5;747.5;752;21654;0
LENT;D;20240229;000000;751;755.5;747.5;754.5;11026;0
LENT;D;20240301;000000;753;776.5;741;768;73654;0
LENT;D;20240304;000000;768.5;773.5;760;762.5;30046;0
LENT;D;20240305;000000;763;765;753;756.5;38851;0
LENT;D;20240306;000000;756.5;756.5;736;751.5;53009;0
LENT;D;20240307;000000;752;753.5;741.5;743.5;20085;0
LENT;D;20240311;000000;744;750.5;739;740;40227;0
LENT;D;20240312;000000;741;741;731;736.5;37966;0
LENT;D;20240313;000000;736.5;750;736;744;49459;0
LENT;D;20240314;000000;744.5;748;741;742.5;26473;0
LENT;D;20240315;000000;742.5;748;741;741;18081;0
LENT;D;20240318;000000;741.5;747;741;741;12706;0
LENT;D;20240319;000000;739;742.5;731;732;20582;0
LENT;D;20240320;000000;735;740.5;717.5;727.5;48036;0
LENT;D;20240321;000000;742.5;775.5;740.5;755.5;160044;0
LENT;D;20240322;000000;760;790;760;771.5;134050;0
LENT;D;20240325;000000;766;777;752;765.5;39575;0
LENT;D;20240326;000000;779;799;767;799;102536;0
LENT;D;20240327;000000;805;847;800;847;249194;0
LENT;D;20240328;000000;847;849.5;821;829;106276;0
LENT;D;20240329;000000;829;882;829;869;178921;0
LENT;D;20240401;000000;870;925;870;909.5;225699;0
LENT;D;20240402;000000;920;925;882;906;114717;0
LENT;D;20240403;000000;903;1090.5;903;1056;212756;0
LENT;D;20240404;000000;1029;1029.5;974;990;365040;0
LENT;D;20240405;000000;998.5;998.5;960;962.5;117393;0
LENT;D;20240408;000000;965;1044;961;1020.5;212570;0
LENT;D;20240409;000000;1021;1043;995;1002;124513;0
LENT;D;20240410;000000;995;1017;985;1005;44684;0
LENT;D;20240411;000000;1015;1035;995;1015.5;73098;0
LENT;D;20240412;000000;1005;1058.5;1001;1041.5;72010;0
LENT;D;20240415;000000;1048.5;1080;1036.5;1044;102061;0
LENT;D;20240416;000000;1044;1086.5;1044;1070.5;133938;0
LENT;D;20240417;000000;1072;1090;1052.5;1055.5;77917;0
LENT;D;20240418;000000;1057;1062;1020;1042;75996;0
LENT;D;20240419;000000;1042;1065;1015;1022;80851;0
LENT;D;20240422;000000;1028;1054.5;1015;1016;46448;0
LENT;D;20240423;000000;1025;1025;1015;1015.5;47367;0
LENT;D;20240424;000000;1017;1019.5;986.5;1008;42721;0
LENT;D;20240425;000000;1009;1011;995;998;16244;0
LENT;D;20240426;000000;1002.5;1140;998.5;1120;391261;0
LENT;D;20240427;000000;1131;1205;1090;1142;342265;0
LENT;D;20240429;000000;1160;1173;1098;1099;113548;0
LENT;D;20240430;000000;1100;1160;1100;1137.5;105068;0
LENT;D;20240502;000000;1137.5;1216.5;1125.5;1170.5;278727;0
LENT;D;20240503;000000;1166;1210;1154.5;1197;93882;0
LENT;D;20240506;000000;1200.5;1288;1200.5;1263;359199;0
LENT;D;20240507;000000;1259;1259;1204;1231.5;110043;0
LENT;D;20240508;000000;1232.5;1279.5;1183.5;1213;172138;0
LENT;D;20240510;000000;1220;1239.5;1194;1223;48988;0
LENT;D;20240513;000000;1227.5;1245;1175.5;1200.5;123768;0
LENT;D;20240514;000000;1206;1206;1175.5;1192.5;37724;0
LENT;D;20240515;000000;1192.5;1208.5;1178;1184;47710;0
LENT;D;20240516;000000;1188;1239;1184.5;1229.5;47654;0
LENT;D;20240517;000000;1229.5;1229.5;1192;1204.5;51185;0
LENT;D;20240520;000000;1204.5;1211;1154;1179.5;79832;0
LENT;D;20240521;000000;1180.5;1186.5;1112;1143;83360;0
LENT;D;20240522;000000;1143;1168;1136.5;1165;37318;0
LENT;D;20240523;000000;1169;1169;1137;1137;33756;0
LENT;D;20240524;000000;1139;1139.5;1115.5;1126;49112;0
LENT;D;20240527;000000;1120.5;1143.5;1084;1094;66665;0
LENT;D;20240528;000000;1095;1117.5;1089;1104;26655;0
LENT;D;20240529;000000;1104;1182.5;1100;1157.5;92972;0
LENT;D;20240530;000000;1146.5;1174;1125;1127;37438;0
LENT;D;20240531;000000;1127;1143;1087;1088;44217;0
LENT;D;20240603;000000;1051.5;1127.5;1022.5;1108;83388;0
LENT;D;20240604;000000;1108;1196;1091.5;1181;65699;0
LENT;D;20240605;000000;1180;1210.5;1168.5;1196.5;74157;0
LENT;D;20240606;000000;1192.5;1247.5;1192;1222;132542;0
LENT;D;20240607;000000;1222.5;1283;1218;1249.5;81312;0
LENT;D;20240610;000000;1249;1256;1212;1212;57137;0
LENT;D;20240611;000000;1208;1210;1146.5;1152;75731;0
LENT;D;20240613;000000;1122;1206;1053;1157.5;65663;0
LENT;D;20240614;000000;1154;1200;1154;1180;21421;0
LENT;D;20240617;000000;1181.5;1193;1170;1175;17322;0
LENT;D;20240618;000000;1170;1175;1112.5;1125;20250;0
LENT;D;20240619;000000;1124;1156;1079;1094;46594;0
LENT;D;20240620;000000;1094;1150;1081;1144.5;34244;0
LENT;D;20240621;000000;1146;1167.5;1106.5;1120;31544;0
LENT;D;20240624;000000;1119.5;1130;1091;1095;33237;0
LENT;D;20240625;000000;1095;1125.5;1059;1114;42013;0
LENT;D;20240626;000000;1120;1178.5;1115;1178;46998;0
LENT;D;20240627;000000;1178;1185;1150;1172;23528;0
LENT;D;20240628;000000;1171.5;1173;1141;1154.5;15131;0
LENT;D;20240701;000000;1147.5;1165;1130;1132;19953;0
LENT;D;20240702;000000;1134;1144;1118;1130;13741;0
LENT;D;20240703;000000;1131;1150.5;1130;1140.5;19220;0
LENT;D;20240704;000000;1132;1137;1100;1100.5;18516;0
LENT;D;20240705;000000;1100;1123;1078;1123;22655;0
LENT;D;20240708;000000;1110.5;1121.5;1106;1109.5;9617;0
LENT;D;20240709;000000;1106;1106.5;1057;1075.5;25848;0
LENT;D;20240710;000000;1076;1086;1031;1031;42023;0
LENT;D;20240711;000000;1030;1084;1025.5;1049.5;32645;0
LENT;D;20240712;000000;1064;1095;1037;1041.5;32976;0
LENT;D;20240715;000000;1047;1062.5;990;995;39474;0
LENT;D;20240716;000000;990.5;1033;968.5;1015;45525;0
LENT;D;20240717;000000;1020;1035;1000.5;1010;15960;0
LENT;D;20240718;000000;1010;1030;997;1020;30952;0
LENT;D;20240719;000000;1022;1061;1019;1052.5;36826;0
LENT;D;20240722;000000;1060;1108.5;1060;1073.5;33662;0
LENT;D;20240723;000000;1081.5;1115;1062.5;1111;20386;0
LENT;D;20240724;000000;1109.5;1145;1090;1139.5;37471;0
LENT;D;20240725;000000;1140;1162.5;1134;1148;32387;0
LENT;D;20240726;000000;1145;1166.5;1076;1112.5;56621;0
LENT;D;20240729;000000;1112.5;1199;1077.5;1114;225036;0
LENT;D;20240730;000000;1115.5;1146;1106.5;1140;60076;0
LENT;D;20240731;000000;1140;1200;1132;1150;82022;0
LENT;D;20240801;000000;1156.5;1204;1152.5;1165.5;100085;0
LENT;D;20240802;000000;1164;1178;1134;1139.5;47680;0
LENT;D;20240805;000000;1138;1139.5;1077;1104;43464;0
LENT;D;20240806;000000;1100;1140;1099;1117;56477;0
LENT;D;20240807;000000;1117;1170;1087;1153;61506;0
LENT;D;20240808;000000;1153;1158;1128;1128;35155;0
LENT;D;20240809;000000;1125;1140.5;1110;1125.5;20507;0
LENT;D;20240812;000000;1117;1124.5;1102;1109;20760;0
LENT;D;20240813;000000;1118;1144.5;1111;1134;21487;0
LENT;D;20240814;000000;1140;1158;1127;1127;17970;0
LENT;D;20240815;000000;1121;1130;1103;1106.5;15819;0
LENT;D;20240816;000000;1107.5;1113;1087.5;1096;17231;0
LENT;D;20240819;000000;1089;1100;1073.5;1080;29901;0
LENT;D;20240820;000000;1081;1092;1076;1080.5;10837;0
LENT;D;20240821;000000;1078;1078;1040;1067;27258;0
LENT;D;20240822;000000;1062;1080;1055;1056.5;20114;0
LENT;D;20240823;000000;1055;1076;1030;1037.5;25661;0
LENT;D;20240826;000000;1047;1100;1047;1071;38144;0
LENT;D;20240827;000000;1076;1083.5;1045.5;1052;14391;0
LENT;D;20240828;000000;1052;1074;1037;1060.5;13944;0
LENT;D;20240829;000000;1060.5;1072;1030.5;1044;11147;0
LENT;D;20240830;000000;1043;1045;1003;1027.5;35140;0
LENT;D;20240902;000000;1017.5;1017.5;937;951;69805;0
LENT;D;20240903;000000;970;1026.5;955;982.5;75658;0
LENT;D;20240904;000000;992;1047;986;1042;56056;0
LENT;D;20240905;000000;1050;1099;1049;1050;62270;0
LENT;D;20240906;000000;1093;1093;1038.5;1065.5;23892;0
LENT;D;20240909;000000;1069;1092;1068;1085.5;31358;0
LENT;D;20240910;000000;1085.5;1109;1057;1063;46337;0
LENT;D;20240911;000000;1073.5;1073.5;1044;1049.5;23146;0
LENT;D;20240912;000000;1039.5;1040;1000;1011.5;30239;0
LENT;D;20240913;000000;1021.5;1100;1003.5;1095;89251;0
LENT;D;20240916;000000;1093;1106.5;1059;1092;96613;0
LENT;D;20240917;000000;1094;1155;1091;1124;103221;0
LENT;D;20240918;000000;1129.5;1142.5;1078;1083;86095;0
LENT;D;20240919;000000;1083;1112;1061;1103.5;50485;0
LENT;D;20240920;000000;1103.5;1114;1095.5;1104.5;44187;0
LENT;D;20240923;000000;1114;1141.5;1110.5;1125.5;67975;0
LENT;D;20240924;000000;1135;1137;1118;1129;20758;0
LENT;D;20240925;000000;1137;1137;1098.5;1106;46506;0
LENT;D;20240926;000000;1099.5;1115;1088;1096;20740;0
LENT;D;20240927;000000;1095;1111;1092.5;1107.5;12206;0
LENT;D;20240930;000000;1106;1147.5;1101;1119;46454;0
LENT;D;20241001;000000;1106;1110;1082.5;1088;41913;0
LENT;D;20241002;000000;1086;1099;1032;1039;56802;0
LENT;D;20241003;000000;1047;1050;1020.5;1039.5;41252;0
LENT;D;20241004;000000;1044;1047;1024.5;1035.5;38239;0
LENT;D;20241007;000000;1040;1046.5;1005;1025;42125;0
LENT;D;20241008;000000;1025;1025;1007;1021.5;35743;0
LENT;D;20241009;000000;1021;1029;1017.5;1021;14235;0
LENT;D;20241010;000000;1021;1043;1021;1027.5;22098;0
LENT;D;20241011;000000;1027.5;1058;1027.5;1053;46150;0
LENT;D;20241014;000000;1053;1068;1033.5;1046;44743;0
LENT;D;20241015;000000;1056;1074;1035;1040.5;51618;0
LENT;D;20241016;000000;1045.5;1065;1040;1047;22780;0
LENT;D;20241017;000000;1045;1059.5;1036.5;1038.5;22713;0
LENT;D;20241018;000000;1030.5;1043.5;1021;1028.5;19062;0
LENT;D;20241021;000000;1024.5;1049;1024.5;1045.5;41706;0
LENT;D;20241022;000000;1045.5;1079;1037;1063;34172;0
LENT;D;20241023;000000;1055;1096;1053.5;1053.5;44002;0
LENT;D;20241024;000000;1050.5;1052;1009;1030;47080;0
LENT;D;20241025;000000;1058;1058;1005;1010.5;68149;0
LENT;D;20241028;000000;1001.5;1075;972;980;206503;0
LENT;D;20241029;000000;990;1017;986.5;1008;62874;0
LENT;D;20241030;000000;1005;1015;990;998;38769;0
LENT;D;20241031;000000;997.5;1002.5;982.5;992;32498;0
LENT;D;20241101;000000;992;1010;988.5;1008;37294;0
LENT;D;20241102;000000;1008;1028;1003.5;1018;27383;0
LENT;D;20241105;000000;1019.5;1043;1019.5;1028.5;32008;0
LENT;D;20241106;000000;1045;1059;1021;1028;48810;0
LENT;D;20241107;000000;1027.5;1045;1014;1041.5;43113;0
LENT;D;20241108;000000;1042.5;1049.5;1025;1028.5;40551;0
LENT;D;20241111;000000;1052;1077.5;1038;1075;68941;0
LENT;D;20241112;000000;1073;1079.5;1048.5;1057;36159;0
LENT;D;20241113;000000;1060.5;1075;1051;1063;24279;0
LENT;D;20241114;000000;1054.5;1065;1035;1038;34039;0
LENT;D;20241115;000000;1040;1053;1030;1043;23474;0
LENT;D;20241118;000000;1022;1044;1020;1044;22068;0
LENT;D;20241119;000000;1043;1057;1017;1031.5;48634;0
LENT;D;20241120;000000;1031.5;1043.5;990;1016;27620;0
LENT;D;20241121;000000;1017;1046;1005.5;1010.5;62603;0
LENT;D;20241122;000000;1020;1031;1002.5;1020.5;36189;0
LENT;D;20241125;000000;1015;1042;997;1000.5;66389;0
LENT;D;20241126;000000;1000.5;1016.5;985;985.5;46452;0
LENT;D;20241127;000000;999;1002;936;960;90692;0
LENT;D;20241128;000000;971;990;962.5;981.5;33110;0
LENT;D;20241129;000000;980;1020;979.5;1010;41562;0
LENT;D;20241202;000000;1006.5;1072;1006.5;1056;100894;0
LENT;D;20241203;000000;1059;1067.5;1019;1060;54104;0
LENT;D;20241204;000000;1055;1070;1014.5;1024;38409;0
LENT;D;20241205;000000;1037;1054.5;1013.5;1033;38928;0
LENT;D;20241206;000000;1035.5;1070;1017;1056;50457;0
LENT;D;20241209;000000;1062.5;1118;1042;1100;96048;0
LENT;D;20241210;000000;1117;1122;1073.5;1095;102319;0
LENT;D;20241211;000000;1095;1110;1080;1085;35884;0
LENT;D;20241212;000000;1085;1095.5;1056.5;1067.5;41026;0
LENT;D;20241213;000000;1067;1103;1041;1098;36495;0
LENT;D;20241216;000000;1088;1099;1046;1072.5;59512;0
LENT;D;20241217;000000;1076;1090;1060;1072;30336;0
LENT;D;20241218;000000;1072.5;1093;1068;1091.5;32126;0
LENT;D;20241219;000000;1092.5;1110;1072;1072.5;41721;0
LENT;D;20241220;000000;1074;1146;1070;1137;89610;0
LENT;D;20241223;000000;1148;1170;1109.5;1119;109191;0
LENT;D;20241224;000000;1119.5;1129;1102.5;1114.5;48796;0
LENT;D;20241225;000000;1113;1150;1104.5;1141.5;87373;0
LENT;D;20241226;000000;1132;1218.5;1132;1185;202403;0
LENT;D;20241227;000000;1203;1230;1186.5;1195;124183;0
LENT;D;20241228;000000;1200;1235;1168.5;1174;78531;0
LENT;D;20241230;000000;1203;1207;1182.5;1195;53711;0
LENT;D;20250103;000000;1195;1196.5;1147;1178;50482;0
LENT;D;20250106;000000;1160;1175;1154.5;1164.5;23458;0
LENT;D;20250108;000000;1164.5;1204.5;1155;1180.5;33456;0
LENT;D;20250109;000000;1185.5;1203;1150.5;1157;44373;0
LENT;D;20250110;000000;1158;1184;1134;1171;46783;0
LENT;D;20250113;000000;1175.5;1203;1175.5;1190.5;46935;0
LENT;D;20250114;000000;1191.5;1212.5;1171;1204;32811;0
LENT;D;20250115;000000;1204;1205;1184;1191;28181;0
LENT;D;20250116;000000;1200;1237;1197;1216.5;91462;0
LENT;D;20250117;000000;1217;1237;1205;1231.5;33323;0
LENT;D;20250120;000000;1233.5;1292;1233.5;1265.5;74476;0
LENT;D;20250121;000000;1266.5;1294;1241;1282.5;53759;0
LENT;D;20250122;000000;1298.5;1340;1275;1322.5;85740;0
LENT;D;20250123;000000;1322.5;1345;1310.5;1323.5;52545;0
LENT;D;20250124;000000;1334.5;1342;1313.5;1319.5;54623;0
LENT;D;20250127;000000;1319.5;1328;1295.5;1304;32130;0
LENT;D;20250128;000000;1300;1316.5;1263;1314.5;41108;0
LENT;D;20250129;000000;1308;1350;1308;1329.5;42938;0
LENT;D;20250130;000000;1330;1346;1326;1336.5;21173;0
LENT;D;20250131;000000;1343;1355;1311;1319;41354;0
LENT;D;20250203;000000;1319;1334;1303.5;1310.5;35704;0
LENT;D;20250204;000000;1310.5;1395;1310.5;1375;112905;0
LENT;D;20250205;000000;1373;1414.5;1343;1377.5;84501;0
LENT;D;20250206;000000;1390.5;1432.5;1390.5;1427;66801;0
LENT;D;20250207;000000;1440;1499;1440;1478;142014;0
LENT;D;20250210;000000;1499.5;1520;1440.5;1464;73932;0
LENT;D;20250211;000000;1460;1465;1430;1447;43277;0
LENT;D;20250212;000000;1450;1468.5;1400.5;1408.5;52869;0
LENT;D;20250213;000000;1482.5;1500;1415;1436;82068;0
LENT;D;20250214;000000;1460;1470;1420;1422.5;58302;0
LENT;D;20250217;000000;1443;1455.5;1432.5;1439.5;34144;0
LENT;D;20250218;000000;1441;1445;1370;1388.5;57436;0
LENT;D;20250219;000000;1388;1417.5;1382;1410.5;28736;0
LENT;D;20250220;000000;1423;1454;1411;1435;52059;0
LENT;D;20250221;000000;1438;1469;1427;1437.5;59836;0
LENT;D;20250224;000000;1438;1447.5;1396;1414;52929;0
LENT;D;20250225;000000;1428.5;1438;1399.5;1399.5;53918;0
LENT;D;20250226;000000;1400;1405;1332;1356.5;81866;0
LENT;D;20250227;000000;1340;1354;1320;1341;28045;0
LENT;D;20250228;000000;1341;1363;1314;1351;34442;0
LENT;D;20250303;000000;1348;1348;1284;1310;31722;0
LENT;D;20250304;000000;1330;1384;1316;1368.5;68087;0
LENT;D;20250305;000000;1364.5;1373.5;1355;1372.5;17635;0
LENT;D;20250306;000000;1369.5;1371.5;1344.5;1349.5;14692;0
LENT;D;20250307;000000;1344;1396.5;1321;1329.5;25696;0
LENT;D;20250310;000000;1332;1360.5;1321.5;1324;21605;0
LENT;D;20250311;000000;1323;1336.5;1310;1325.5;13369;0
LENT;D;20250312;000000;1318;1332.5;1300;1322.5;19520;0
LENT;D;20250313;000000;1330;1358.5;1287.5;1327.5;29661;0
LENT;D;20250314;000000;1333.5;1393.5;1327.5;1380;69109;0
LENT;D;20250317;000000;1400;1427.5;1387.5;1417.5;49194;0
LENT;D;20250318;000000;1418.5;1430;1390;1396;26910;0
LENT;D;20250319;000000;1396;1427;1371.5;1420;39085;0
LENT;D;20250320;000000;1429;1438;1385;1406.5;42353;0
LENT;D;20250321;000000;1415;1419.5;1374;1392.5;26326;0
LENT;D;20250324;000000;1394;1412;1376.5;1379;20402;0
LENT;D;20250325;000000;1395;1420;1375;1379.5;19637;0
LENT;D;20250326;000000;1395;1455;1395;1430;187769;0
LENT;D;20250327;000000;1420;1439.5;1383.5;1416.5;73439;0
LENT;D;20250328;000000;1408;1416;1378.5;1404.5;42034;0
LENT;D;20250331;000000;1406.5;1478;1400;1455;93668;0
LENT;D;20250401;000000;1460;1500;1426.5;1438;63686;0
LENT;D;20250402;000000;1438;1459.5;1425;1446.5;25698;0
LENT;D;20250403;000000;1440;1521;1439.5;1470.5;168320;0
LENT;D;20250404;000000;1470.5;1505;1460;1476.5;93990;0
LENT;D;20250407;000000;1468;1468;1380;1413.5;100029;0
LENT;D;20250408;000000;1426.5;1447.5;1396;1410;40219;0
LENT;D;20250409;000000;1400;1400;1319.5;1355;57885;0
LENT;D;20250410;000000;1400.5;1425;1375.5;1395.5;32108;0
LENT;D;20250411;000000;1410;1435;1403.5;1412.5;17147;0
LENT;D;20250414;000000;1400;1425;1393;1400;16891;0
LENT;D;20250415;000000;1400.5;1421;1400.5;1421;11321;0
LENT;D;20250416;000000;1421;1437.5;1410.5;1430.5;13518;0
LENT;D;20250417;000000;1438;1465;1424;1439;40536;0
LENT;D;20250418;000000;1434;1441.5;1385;1408;21326;0
LENT;D;20250421;000000;1411;1439;1411;1427;25739;0
LENT;D;20250422;000000;1435;1440;1396;1432.5;21633;0
LENT;D;20250423;000000;1429;1450;1414;1433;19647;0
LENT;D;20250424;000000;1435;1473;1435;1464;17492;0
LENT;D;20250425;000000;1460;1475.5;1451;1469.5;18295;0
LENT;D;20250428;000000;1470.5;1495;1443.5;1452.5;48174;0
LENT;D;20250429;000000;1450;1512;1450;1484.5;57826;0
LENT;D;20250430;000000;1484.5;1544;1460;1479;108752;0
LENT;D;20250502;000000;1479;1495;1410;1428;27360;0
LENT;D;20250505;000000;1432.5;1472;1393;1410;41023;0
LENT;D;20250506;000000;1406.5;1432;1400;1420;24080;0
LENT;D;20250507;000000;1419;1454;1415;1431;18458;0
LENT;D;20250508;000000;1437;1477;1426;1452;22188;0
LENT;D;20250512;000000;1460.5;1485;1452;1481.5;33067;0
LENT;D;20250513;000000;1483;1485;1458;1460;20305;0
LENT;D;20250514;000000;1458;1461;1440;1457;22770;0
LENT;D;20250515;000000;1457;1472.5;1450.5;1461;9149;0
LENT;D;20250516;000000;1462.5;1497;1453.5;1490.5;36398;0
LENT;D;20250519;000000;1490.5;1530;1483;1493;44042;0
LENT;D;20250520;000000;1500;1508;1471;1475.5;13214;0
LENT;D;20250521;000000;1476;1490;1460;1470.5;16588;0
LENT;D;20250522;000000;1473;1485;1450.5;1462.5;34339;0
LENT;D;20250523;000000;1465;1499;1412;1473;163610;0
LENT;D;20250526;000000;1467.5;1472;1428;1440;19102;0
LENT;D;20250527;000000;1439;1446;1412.5;1423;24544;0
LENT;D;20250528;000000;1423.5;1449;1423.5;1440.5;18917;0
LENT;D;20250529;000000;1444.5;1490;1436.5;1450;43534;0
LENT;D;20250530;000000;1461;1467;1431;1448.5;15416;0
LENT;D;20250602;000000;1442;1452;1421;1429;26216;0
LENT;D;20250603;000000;1428;1446;1379.5;1418;43073;0
LENT;D;20250604;000000;1418;1444.5;1412.5;1436.5;32453;0
LENT;D;20250605;000000;1436.5;1475;1436;1474;27331;0
LENT;D;20250606;000000;1477;1548;1410;1421;235063;0
LENT;D;20250609;000000;1436;1442;1372.5;1399;59391;0
LENT;D;20250610;000000;1399;1416.5;1370.5;1382;37666;0
LENT;D;20250611;000000;1398.5;1398.5;1373.5;1395;21760;0
LENT;D;20250613;000000;1395;1413;1392;1395;9204;0
LENT;D;20250616;000000;1395;1419;1375;1394.5;106491;0
LENT;D;20250617;000000;1401.5;1409;1385.5;1403;12061;0
LENT;D;20250618;000000;1407;1410;1392;1396;8223;0
LENT;D;20250619;000000;1398.5;1421;1388;1400;22559;0
LENT;D;20250620;000000;1399.5;1413;1398;1404;12316;0
LENT;D;20250623;000000;1404.5;1412;1396.5;1408.5;16823;0
LENT;D;20250624;000000;1411;1411;1378;1396;22523;0
LENT;D;20250625;000000;1395;1409.5;1392.5;1393;19503;0
LENT;D;20250626;000000;1395.5;1425;1395.5;1404;41619;0
LENT;D;20250627;000000;1410.5;1418;1400.5;1414;11558;0
LENT;D;20250630;000000;1414;1434.5;1410.5;1432;29772;0
LENT;D;20250701;000000;1431.5;1465;1426;1443;30406;0
LENT;D;20250702;000000;1436;1465;1411.5;1420;30173;0
LENT;D;20250703;000000;1420;1426;1400.5;1407;22739;0
LENT;D;20250704;000000;1407;1416.5;1400.5;1402.5;13303;0
LENT;D;20250707;000000;1402.5;1410;1399;1402.5;15613;0
LENT;D;20250708;000000;1403.5;1435;1388.5;1395;40897;0
LENT;D;20250709;000000;1397.5;1406;1361;1389.5;26811;0
LENT;D;20250710;000000;1390;1404;1386;1402;12027;0
LENT;D;20250711;000000;1403.5;1404;1374;1376;29319;0
LENT;D;20250714;000000;1381.5;1402;1333.5;1398;43166;0
LENT;D;20250715;000000;1399.5;1443;1395.5;1420;32444;0
LENT;D;20250716;000000;1420.5;1441.5;1409.5;1424.5;27252;0
LENT;D;20250717;000000;1429.5;1500;1414;1429;68753;0
LENT;D;20250718;000000;1437.5;1494.5;1437.5;1487;62715;0
LENT;D;20250721;000000;1487;1519;1475.5;1491.5;52879;0
LENT;D;20250722;000000;1491.5;1508;1491;1503.5;13388;0
LENT;D;20250723;000000;1504;1515;1498.5;1510.5;16342;0
LENT;D;20250724;000000;1507;1511;1483;1497.5;21801;0
LENT;D;20250725;000000;1498;1520;1472.5;1511;44615;0
LENT;D;20250728;000000;1517.5;1560.5;1470.5;1476;120196;0
LENT;D;20250729;000000;1477.5;1547.5;1472;1510.5;70757;0
LENT;D;20250730;000000;1509;1569;1508;1540;103453;0
LENT;D;20250731;000000;1549.5;1564.5;1521;1550;63952;0
LENT;D;20250801;000000;1550;1598.5;1548.5;1598;129109;0
LENT;D;20250804;000000;1610;1668.5;1603.5;1667;146480;0
LENT;D;20250805;000000;1668.5;1752.5;1668.5;1752.5;382187;0
LENT;D;20250806;000000;1765;1799.5;1703;1741.5;436466;0
LENT;D;20250807;000000;1742;1756;1680.5;1701.5;171194;0
LENT;D;20250808;000000;1705;1731;1704.5;1717;74529;0
LENT;D;20250811;000000;1728.5;1737;1694;1698.5;72889;0
LENT;D;20250812;000000;1702;1727;1685.5;1718;56072;0
LENT;D;20250813;000000;1716;1724;1706;1706;20378;0
LENT;D;20250814;000000;1704;1730;1695.5;1730;47903;0
LENT;D;20250815;000000;1730;1765.5;1725;1728.5;47138;0
LENT;D;20250818;000000;1728.5;1745;1690;1727.5;40523;0
LENT;D;20250819;000000;1727.5;1819;1727.5;1809;230520;0
LENT;D;20250820;000000;1819;1854.5;1770.5;1786;277239;0
LENT;D;20250821;000000;1790.5;1843.5;1730;1738;185059;0
LENT;D;20250822;000000;1738.5;1763.5;1701;1755;79341;0
LENT;D;20250825;000000;1771;1799.5;1733;1752.5;82337;0
LENT;D;20250826;000000;1752.5;1780;1743;1749.5;28305;0
LENT;D;20250827;000000;1764;1803.5;1755;1799;150871;0
LENT;D;20250828;000000;1801.5;1825;1781.5;1812;112381;0
LENT;D;20250829;000000;1814;1847;1814;1831;58934;0
LENT;D;20250901;000000;1835;1838;1810;1818;49528;0
LENT;D;20250902;000000;1819;1828.5;1802.5;1826;40343;0
LENT;D;20250903;000000;1824;1827;1815;1820;23231;0
LENT;D;20250904;000000;1820.5;1825;1813.5;1824;16039;0
LENT;D;20250905;000000;1824;1855.5;1818.5;1855.5;57308;0
LENT;D;20250908;000000;1858.5;1889.5;1847.5;1865;65707;0
LENT;D;20250909;000000;1866;1872.5;1842;1849.5;33629;0
LENT;D;20250910;000000;1852;1853.5;1806;1823;52960;0
LENT;D;20250911;000000;1825.5;1843.5;1808;1822;31168;0
LENT;D;20250912;000000;1820;1836.5;1800;1800;47496;0
LENT;D;20250915;000000;1800.5;1845.5;1780.5;1825.5;71902;0
LENT;D;20250916;000000;1826;1849;1806;1829;32095;0
LENT;D;20250917;000000;1834.5;1834.5;1809.5;1827;18673;0
LENT;D;20250918;000000;1826;1842;1811.5;1821;25473;0
LENT;D;20250919;000000;1827;1839.5;1816;1827;26341;0
LENT;D;20250922;000000;1823;1845.5;1802.5;1832;41977;0
LENT;D;20250923;000000;1825.5;1845;1814;1825;34401;0
LENT;D;20250924;000000;1825.5;1840;1814;1840;30192;0
LENT;D;20250925;000000;1840;1852;1820.5;1850;36932;0
LENT;D;20250926;000000;1850;1899.5;1848;1887;178983;0
LENT;D;20250929;000000;1884;1891.5;1824.5;1834.5;134764;0
LENT;D;20250930;000000;1835.5;1874;1821.5;1867.5;70064;0
LENT;D;20251001;000000;1868;1892;1835;1868;57196;0
LENT;D;20251002;000000;1872;1872;1804;1812;55482;0
LENT;D;20251003;000000;1821.5;1832.5;1772;1778;49696;0
LENT;D;20251006;000000;1776;1823;1761.5;1806.5;57598;0
LENT;D;20251007;000000;1807;1828;1785.5;1795;35725;0
LENT;D;20251008;000000;1799;1809;1712;1744.5;63983;0
LENT;D;20251009;000000;1748.5;1769.5;1707;1753.5;39359;0
LENT;D;20251010;000000;1760.5;1766.5;1718;1720.5;35378;0
LENT;D;20251013;000000;1721;1735;1651.5;1668;71242;0
LENT;D;20251014;000000;1668;1679;1595.5;1604.5;142113;0
LENT;D;20251015;000000;1614.5;1627.5;1563.5;1610.5;84552;0
LENT;D;20251016;000000;1611.5;1758;1611.5;1735;124090;0
LENT;D;20251017;000000;1735;1828;1711.5;1764;177918;0
LENT;D;20251020;000000;1766;1798.5;1712.5;1724.5;71052;0
LENT;D;20251021;000000;1725;1725;1645;1681;57741;0
LENT;D;20251022;000000;1681;1720;1652;1685;44811;0
LENT;D;20251023;000000;1680;1717;1655.5;1702.5;30386;0
LENT;D;20251024;000000;1705.5;1724.5;1667.5;1688.5;24170;0
LENT;D;20251027;000000;1686.5;1686.5;1608.5;1640.5;55072;0
LENT;D;20251028;000000;1640.5;1709.5;1610.5;1691.5;43515;0
LENT;D;20251029;000000;1703.5;1724;1683.5;1705.5;32421;0
LENT;D;20251030;000000;1705;1716;1680;1698.5;30501;0
LENT;D;20251031;000000;1695.5;1735;1681.5;1709.5;80674;0
LENT;D;20251101;000000;1711;1729;1698.5;1708.5;19941;0
LENT;D;20251103;000000;1708.5;1723.5;1700.5;1722;22579;0
LENT;D;20251105;000000;1727.5;1758;1704.5;1748.5;40577;0
LENT;D;20251106;000000;1748.5;1759.5;1731.5;1737.5;14799;0
LENT;D;20251107;000000;1735.5;1763.5;1705;1720;26281;0
LENT;D;20251110;000000;1720.5;1775;1720.5;1765.5;42029;0
LENT;D;20251111;000000;1768.5;1794.5;1760.5;1788;32673;0
LENT;D;20251112;000000;1789;1795.5;1750;1767.5;34621;0
LENT;D;20251113;000000;1771.5;1788.5;1766.5;1785;19201;0
LENT;D;20251114;000000;1785.5;1788;1745;1769.5;24958;0
LENT;D;20251117;000000;1769.5;1795;1716;1735.5;44166;0
LENT;D;20251118;000000;1740;1755;1723;1732.5;32931;0
LENT;D;20251119;000000;1732.5;1745;1730;1736;39887;0
LENT;D;20251120;000000;1738;1745;1720;1728.5;34758;0
LENT;D;20251121;000000;1729.5;1744;1688;1708;49299;0
LENT;D;20251124;000000;1708;1719;1688;1702;36207;0
LENT;D;20251125;000000;1700;1708;1690;1701.5;24148;0
LENT;D;20251126;000000;1705;1706;1688;1690.5;16004;0
LENT;D;20251127;000000;1698;1740;1680;1697;93590;0
LENT;D;20251128;000000;1698.5;1728.5;1689;1703;64472;0
LENT;D;20251201;000000;1705.5;1724.5;1695;1707;51720;0
LENT;D;20251202;000000;1710;1749.5;1707;1749;66855;0
LENT;D;20251203;000000;1743;1775;1711;1755.5;70336;0
LENT;D;20251204;000000;1769;1786.5;1750.5;1786;42157;0
LENT;D;20251205;000000;1785.5;1813.5;1764;1812;56643;0
LENT;D;20251208;000000;1814;1860;1812;1847;68589;0
LENT;D;20251209;000000;1846;1857.5;1803;1835.5;45575;0
LENT;D;20251210;000000;1835.5;1919;1823;1904.5;166147;0
LENT;D;20251211;000000;1896;1970;1895.5;1963;141062;0
LENT;D;20251212;000000;1963;1999;1944.5;1952.5;92173;0
LENT;D;20251215;000000;1953.5;1995;1931;1965.5;86123;0
LENT;D;20251216;000000;1967;1978.5;1947.5;1971;47596;0
LENT;D;20251217;000000;1971;1980;1953.5;1963.5;61970;0
LENT;D;20251218;000000;1966;1971;1955.5;1961;21120;0
LENT;D;20251219;000000;1961;1979;1955.5;1963.5;27036;0
LENT;D;20251222;000000;1965.5;1970;1935.5;1959;37666;0
LENT;D;20251223;000000;1959;1976;1953.5;1965;23371;0
LENT;D;20251224;000000;1962;2033;1955.5;2017;127676;0
LENT;D;20251225;000000;2022.5;2024;2000;2014.5;52945;0
LENT;D;20251226;000000;2018;2038;1921;2012;115076;0
LENT;D;20251229;000000;2013.5;2019.5;1971;1979.5;73632;0
LENT;D;20251230;000000;1977;1988.5;1974;1984.5;23753;0
LENT;D;20260105;000000;1980;1999;1956.5;1983;26025;0
LENT;D;20260106;000000;1985;2014.5;1978.5;2010.5;28727;0
LENT;D;20260108;000000;1997;2029.5;1981;2026;35611;0
LENT;D;20260109;000000;2020;2030;2002.5;2012.5;22528;0
LENT;D;20260112;000000;2025;2025;1986;1998;45510;0
LENT;D;20260113;000000;1999;2008.5;1961.5;1990;50120;0
LENT;D;20260114;000000;2002.5;2003.5;1971;1976;33135;0
LENT;D;20260115;000000;1988.5;1989.5;1971;1984;22664;0
LENT;D;20260116;000000;1984;2029.5;1965;2014;51431;0
LENT;D;20260119;000000;2014;2118.5;2010.5;2073.5;187492;0
LENT;D;20260120;000000;2073.5;2127;2073.5;2106.5;102973;0
LENT;D;20260121;000000;2106.5;2147;2094.5;2135.5;87205;0
LENT;D;20260122;000000;2131;2183;2131;2165;115201;0
LENT;D;20260123;000000;2167;2199.5;2167;2197.5;98792;0
LENT;D;20260126;000000;2199;2266;2135.5;2162;290804;0
LENT;D;20260127;000000;2178.5;2178.5;2103;2159.5;99952;0
LENT;D;20260128;000000;2160;2161.5;2108;2112.5;66380;0
LENT;D;20260129;000000;2110;2265;2106;2191;122106;0
LENT;D;20260130;000000;2192;2229.5;2118;2143;97732;0
LENT;D;20260202;000000;2131;2162;2122;2135.5;45818;0
LENT;D;20260203;000000;2138;2144.5;2114;2127;28660;0
LENT;D;20260204;000000;2127;2168.5;2121.5;2149;52418;0
LENT;D;20260205;000000;2140;2148.5;2040;2077;96054;0
LENT;D;20260206;000000;2095;2095;2016;2023.5;89088;0
LENT;D;20260209;000000;2026.5;2099.5;2022;2038;156327;0
LENT;D;20260210;000000;2039;2080;2038;2061.5;54581;0
LENT;D;20260211;000000;2063;2098.5;2057.5;2083;46215;0
LENT;D;20260212;000000;2087.5;2151;2075;2082;132338;0
LENT;D;20260213;000000;2089.5;2116.5;2053.5;2100.5;77138;0
LENT;D;20260216;000000;2101;2138.5;2101;2126;49183;0
LENT;D;20260217;000000;2119.5;2149;2112.5;2117.5;27300;0
LENT;D;20260218;000000;2122.5;2124;2080.5;2094;44450;0
LENT;D;20260219;000000;2097.5;2104.5;2060;2087.5;38109;0
LENT;D;20260220;000000;2087;2095.5;2037;2041.5;62352;0
LENT;D;20260224;000000;2042;2069;2042;2057;63944;0
LENT;D;20260225;000000;2062.5;2065.5;2047;2053.5;24782;0
LENT;D;20260226;000000;2056.5;2060.5;2040;2045.5;24952;0
LENT;D;20260227;000000;2045;2161;2040.5;2141;256175;0
LENT;D;20260302;000000;2140;2140.5;2093;2102;111419;0
LENT;D;20260303;000000;2095;2112;2074;2095.5;54649;0
LENT;D;20260304;000000;2095;2112.5;2080;2093;27517;0
LENT;D;20260305;000000;2093;2127;2091.5;2105.5;29946;0
LENT;D;20260306;000000;2107;2112.5;2061;2076;37064;0
LENT;D;20260309;000000;2076;2115;2052;2114.5;42490;0
LENT;D;20260310;000000;2110.5;2136;2100;2128.5;60015;0
LENT;D;20260311;000000;2129.5;2228;2125.5;2218;259831;0
LENT;D;20260312;000000;2202.5;2216;2169.5;2185.5;105155;0
LENT;D;20260313;000000;2186.5;2225;2186;2216.5;81997;0
LENT;D;20260316;000000;2217;2260;2194;2255.5;117220;0
LENT;D;20260317;000000;2255;2269;2221;2246.5;86612;0
LENT;D;20260318;000000;2244;2260;2228;2253;63801;0
LENT;D;20260319;000000;2253;2300;2190.5;2237.5;237528;0
LENT;D;20260320;000000;2237.5;2266.5;2185;2243;111901;0
LENT;D;20260323;000000;2249;2249;2131;2153.5;128812;0
LENT;D;20260324;000000;2142.5;2192.5;2110;2126;734264;0
LENT;D;20260325;000000;2123;2141.5;2118.5;2128;32601;0
LENT;D;20260326;000000;2130;2207.5;2101.5;2184.5;218755;0
LENT;D;20260327;000000;2185;2208;2145;2182.5;71202;0
LENT;D;20260330;000000;2184;2202.5;2145;2150;48439;0
LENT;D;20260331;000000;2155;2200;2150;2184.5;41282;0
LENT;D;20260401;000000;2185;2214.5;2167.5;2185;44388;0
LENT;D;20260402;000000;2187.5;2214.5;2112.5;2147;138504;0
LENT;D;20260403;000000;2145;2157.5;2113.5;2135;58415;0
LENT;D;20260406;000000;2132.5;2148;2100.5;2136;53482;0
LENT;D;20260407;000000;2137.5;2174;2124;2142;50310;0
LENT;D;20260408;000000;2151;2185.5;2142.5;2158;37164;0
LENT;D;20260409;000000;2156.5;2169;2140;2147;25504;0
LENT;D;20260410;000000;2143.5;2175.5;2135;2135;40457;0
LENT;D;20260413;000000;2137;2158.5;2128;2139;29671;0
LENT;D;20260414;000000;2140.5;2165;2136;2153.5;19329;0
LENT;D;20260415;000000;2154;2194.5;2151;2188;37812;0
LENT;D;20260416;000000;2188;2192;2155;2168;29496;0
LENT;D;20260417;000000;2168;2175;2140;2152;28532;0
LENT;D;20260420;000000;2152;2175;2141.5;2165;42970;0
LENT;D;20260421;000000;2165.5;2198;2161.5;2179;34674;0
LENT;D;20260422;000000;2180;2206;2164;2172.5;45348;0
LENT;D;20260423;000000;2175;2192.5;2166.5;2176;15446;0
LENT;D;20260424;000000;2178.5;2185.5;2146;2158;22223;0
LENT;D;20260427;000000;2159.5;2166.5;2117.5;2142;44669;0
LENT;D;20260428;000000;2142;2148.5;2102;2105.5;24268;0
LENT;D;20260429;000000;2106.5;2122.5;2025;2080;70277;0
LENT;D;20260430;000000;2081;2097;1970;1989;126621;0
LENT;D;20260504;000000;2003.5;2005;1870;1875.5;151914;0
LENT;D;20260505;000000;1876;1913.5;1861;1905;64754;0
LENT;D;20260506;000000;1900;1908.5;1790;1810.5;212772;0
LENT;D;20260507;000000;1810.5;1812.5;1736;1757.5;227444;0
LENT;D;20260508;000000;1757.5;1797.5;1724.5;1785;159590;0
LENT;D;20260511;000000;1794;1812;1785;1797.5;36819;0
LENT;D;20260512;000000;1797.5;1822;1785.5;1809;62526;0
LENT;D;20260513;000000;1809;1834;1790.5;1800.5;38268;0
LENT;D;20260514;000000;1816.5;1816.5;1741;1757.5;93847;0
