<TICKER>;<PER>;<DATE>;<TIME>;<OPEN>;<HIGH>;<LOW>;<CLOSE>;<VOL>;<OPENINT>
OZON;D;20201124;000000;2674.5;3192.5;2674.5;3033;1751752;0
OZON;D;20201125;000000;3102;3282;2888;2954;1285058;0
OZON;D;20201126;000000;3002;3002;2900.5;2944;194320;0
OZON;D;20201127;000000;2967.5;3082;2913;3025;336314;0
OZON;D;20201130;000000;2999.5;3140;2967.5;3071;210260;0
OZON;D;20201201;000000;3048;3097;3000.5;3059.5;150540;0
OZON;D;20201202;000000;3030;3230;3003;3184;264443;0
OZON;D;20201203;000000;3120.5;3649;3085.5;3614.5;914180;0
OZON;D;20201204;000000;3566.5;3984;3428.5;3556;1103055;0
OZON;D;20201207;000000;3570;3675;3351.5;3422;404941;0
OZON;D;20201208;000000;3425;3495;3260;3471;320213;0
OZON;D;20201209;000000;3549.5;3600;3300;3301;450862;0
OZON;D;20201210;000000;3349.5;3380;3267.5;3294;230675;0
OZON;D;20201211;000000;3300;3340;3106;3164.5;249633;0
OZON;D;20201214;000000;3195;3238;3012.5;3069;315680;0
OZON;D;20201215;000000;3094;3208.5;3040.5;3201;186180;0
OZON;D;20201216;000000;3215;3369;3168;3357;270373;0
OZON;D;20201217;000000;3339;3398.5;3181.5;3211.5;248005;0
OZON;D;20201218;000000;3200.5;3296;3119.5;3264.5;275422;0
OZON;D;20201221;000000;3283;3346.5;3178;3264;335810;0
OZON;D;20201222;000000;3263;3415;3209;3231;424456;0
OZON;D;20201223;000000;3265;3270;3131;3222;318660;0
OZON;D;20201224;000000;3220;3243;3108;3149;193821;0
OZON;D;20201225;000000;3152.5;3164;3130;3150.5;44910;0
OZON;D;20201228;000000;3168;3290.5;3142.5;3290;276042;0
OZON;D;20201229;000000;3293;3327.5;3170;3232;208916;0
OZON;D;20201230;000000;3241;3348;3202;3289.5;220590;0
OZON;D;20210104;000000;3269.5;3278;2996;3229.5;363380;0
OZON;D;20210105;000000;3239;3380.5;3209.5;3348.5;281386;0
OZON;D;20210106;000000;3345;3369.5;3220;3257;156698;0
OZON;D;20210108;000000;3325;3500;3270;3376.5;414915;0
OZON;D;20210111;000000;3365;3426;3330;3382;143916;0
OZON;D;20210112;000000;3375;3572;3345;3530.5;316288;0
OZON;D;20210113;000000;3501.5;3600;3460;3491;192042;0
OZON;D;20210114;000000;3527.5;3696;3460.5;3636.5;286347;0
OZON;D;20210115;000000;3620;4002.5;3485;3805.5;423632;0
OZON;D;20210118;000000;3815;3839.5;3722.5;3795;126271;0
OZON;D;20210119;000000;3874.5;4150;3814.5;3972;526867;0
OZON;D;20210120;000000;3943.5;4190;3943.5;4001;461149;0
OZON;D;20210121;000000;4025;4199;3872.5;4057;416744;0
OZON;D;20210122;000000;4069.5;4165;3850;3980;472816;0
OZON;D;20210125;000000;3999.5;4189;3930;4014.5;367099;0
OZON;D;20210126;000000;4025;4089;3900;3901;271878;0
OZON;D;20210127;000000;3929.5;3952;3532.5;3560.5;639444;0
OZON;D;20210128;000000;3585;3881.5;3512.5;3846;596055;0
OZON;D;20210129;000000;3815.5;3869;3568;3662;322851;0
OZON;D;20210201;000000;3700;3877;3678;3867.5;267601;0
OZON;D;20210202;000000;3880;4045;3877.5;4016;343341;0
OZON;D;20210203;000000;4002;4064;3978;4023;183970;0
OZON;D;20210204;000000;4025;4186.5;3991.5;4185.5;336131;0
OZON;D;20210205;000000;4200;4667;4190;4650;562715;0
OZON;D;20210208;000000;4680.5;5086.5;4680;4969;866315;0
OZON;D;20210209;000000;5025;5181;4650;4665;741529;0
OZON;D;20210210;000000;4642.5;4977.5;4642.5;4883;586491;0
OZON;D;20210211;000000;4930;4962;4700;4726.5;283344;0
OZON;D;20210212;000000;4760;4821;4536;4753;305281;0
OZON;D;20210215;000000;4797;4891;4676;4739;229898;0
OZON;D;20210216;000000;4764;4844;4654;4765;318557;0
OZON;D;20210217;000000;4751;4847;4400;4420;1180629;0
OZON;D;20210218;000000;4503;4657;4486.5;4573.5;721095;0
OZON;D;20210219;000000;4575;4949;4492;4884.5;468481;0
OZON;D;20210220;000000;4840.5;4932;4770;4864;90264;0
OZON;D;20210222;000000;4884;5022;4755.5;4938;306439;0
OZON;D;20210224;000000;4775;4818;4512.5;4557.5;515119;0
OZON;D;20210225;000000;4566.5;4697.5;4275;4330;439450;0
OZON;D;20210226;000000;4349.5;4525;4200;4480;408891;0
OZON;D;20210301;000000;4467;4739;4444.5;4703.5;238493;0
OZON;D;20210302;000000;4690;4811;4602;4602;307563;0
OZON;D;20210303;000000;4640;4736;4482;4490.5;336771;0
OZON;D;20210304;000000;4497.5;4543.5;4079.5;4226.5;536341;0
OZON;D;20210305;000000;4210;4290;3882;4073;568563;0
OZON;D;20210309;000000;3913;3948.5;3743;3831;678227;0
OZON;D;20210310;000000;3885;4023;3824;3844;583088;0
OZON;D;20210311;000000;3865;4085;3851;4064;360453;0
OZON;D;20210312;000000;4062.5;4155;3960.5;4114;524088;0
OZON;D;20210315;000000;4178;4266;4144.5;4201;356891;0
OZON;D;20210316;000000;4226;4258;4060;4147.5;283888;0
OZON;D;20210317;000000;4147.5;4219;3981;4170;284018;0
OZON;D;20210318;000000;4173;4328;4130.5;4179;449840;0
OZON;D;20210319;000000;4218.5;4279.5;4137;4217;271908;0
OZON;D;20210322;000000;4217;4265;4150;4175;144871;0
OZON;D;20210323;000000;4181.5;4185;4061.5;4086;212786;0
OZON;D;20210324;000000;4100.5;4140;3900;3953;305946;0
OZON;D;20210325;000000;3995.5;4035;3812.5;3955;365521;0
OZON;D;20210326;000000;3965;4034.5;3850;3958;271163;0
OZON;D;20210329;000000;3964;4059.5;3925;4006;282954;0
OZON;D;20210330;000000;4002;4128.5;3925.5;4011;438463;0
OZON;D;20210331;000000;4025;4322.5;3993;4235;477861;0
OZON;D;20210401;000000;4262;4498.5;4257.5;4435;524644;0
OZON;D;20210402;000000;4450;4450;4366.5;4387.5;53645;0
OZON;D;20210405;000000;4400;4433;4263.5;4395;166495;0
OZON;D;20210406;000000;4375;4500;4276.5;4474;326958;0
OZON;D;20210407;000000;4480;4600;4435;4567;388463;0
OZON;D;20210408;000000;4580;4600;4450;4490;162947;0
OZON;D;20210409;000000;4506;4697;4438;4650.5;349945;0
OZON;D;20210412;000000;4655.5;4799.5;4655.5;4724;295830;0
OZON;D;20210413;000000;4729.5;4853;4667;4739;300355;0
OZON;D;20210414;000000;4740;4801;4602.5;4751;278879;0
OZON;D;20210415;000000;4750;4780;4600.5;4730.5;300871;0
OZON;D;20210416;000000;4700;4824.5;4673;4760;159474;0
OZON;D;20210419;000000;4780;4798.5;4529.5;4659;214259;0
OZON;D;20210420;000000;4647;4685;4467.5;4605;199317;0
OZON;D;20210421;000000;4600;4700;4502;4671;168242;0
OZON;D;20210422;000000;4680;4832.5;4652;4702;263369;0
OZON;D;20210423;000000;4736.5;4920;4691;4860;270616;0
OZON;D;20210426;000000;4851;5073;4851;4979;255785;0
OZON;D;20210427;000000;5008;5094.5;4852;4902;269327;0
OZON;D;20210428;000000;4918;4955;4750;4807;161680;0
OZON;D;20210429;000000;4822;4847;4620;4671;161453;0
OZON;D;20210430;000000;4669.5;4739.5;4543;4669.5;134791;0
OZON;D;20210504;000000;4595;4672.5;4463;4522;368013;0
OZON;D;20210505;000000;4522;4648;4390;4444;434188;0
OZON;D;20210506;000000;4444;4497.5;4294;4397;377064;0
OZON;D;20210507;000000;4405;4473;4253.5;4282.5;457950;0
OZON;D;20210510;000000;4295;4304.5;3982;4019.5;733635;0
OZON;D;20210511;000000;4030;4199;3926;4197;694200;0
OZON;D;20210512;000000;4207.5;4340;4006.5;4080;1105502;0
OZON;D;20210513;000000;4079;4129.5;3900;4011;615389;0
OZON;D;20210514;000000;4038;4148;3985.5;4136;395967;0
OZON;D;20210517;000000;4136;4188.5;3962;4015.5;645779;0
OZON;D;20210518;000000;4020.5;4102;3675;3720;1163623;0
OZON;D;20210519;000000;3738;3990;3725;3941;1489902;0
OZON;D;20210520;000000;3969;4053.5;3871;4017;505126;0
OZON;D;20210521;000000;4035;4176;4014.5;4051.5;525456;0
OZON;D;20210524;000000;4091;4226;4046.5;4198;611204;0
OZON;D;20210525;000000;4206;4274.5;4004;4033.5;762912;0
OZON;D;20210526;000000;4035;4115;4007.5;4038;613532;0
OZON;D;20210527;000000;4020.5;4047.5;3810;3871.5;4133553;0
OZON;D;20210528;000000;3893.5;3949;3837;3893;610275;0
OZON;D;20210531;000000;3880;3944;3880;3936;130189;0
OZON;D;20210601;000000;3940;3966;3850;3958.5;422861;0
OZON;D;20210602;000000;3950.5;4049;3911;4038;439756;0
OZON;D;20210603;000000;4040;4060;3903;3979.5;459063;0
OZON;D;20210604;000000;3970;4074;3925;4043;406676;0
OZON;D;20210607;000000;4043;4084;3993;4061;266783;0
OZON;D;20210608;000000;4061;4192;4028;4153;496133;0
OZON;D;20210609;000000;4175;4212;4122.5;4148;290639;0
OZON;D;20210610;000000;4148.5;4174;4110;4158;217813;0
OZON;D;20210611;000000;4173.5;4182;4111.5;4134.5;133811;0
OZON;D;20210614;000000;4145;4158;4111.5;4153.5;153606;0
OZON;D;20210615;000000;4159;4159;4025;4061;228095;0
OZON;D;20210616;000000;4035.5;4145;4025.5;4129;183814;0
OZON;D;20210617;000000;4120;4180;4065;4160.5;255560;0
OZON;D;20210618;000000;4168;4264;4092;4230;416141;0
OZON;D;20210621;000000;4230.5;4284;4174;4232.5;183073;0
OZON;D;20210622;000000;4250;4279.5;4210;4260.5;139211;0
OZON;D;20210623;000000;4264;4325;4202;4243.5;277079;0
OZON;D;20210624;000000;4240;4374.5;4205.5;4309.5;369554;0
OZON;D;20210625;000000;4323;4375;4160;4221.5;332227;0
OZON;D;20210628;000000;4220;4380;4190.5;4350.5;397366;0
OZON;D;20210629;000000;4369;4394;4294.5;4327.5;319503;0
OZON;D;20210630;000000;4303;4372;4280;4308;292227;0
OZON;D;20210701;000000;4310;4328;4220;4255;216429;0
OZON;D;20210702;000000;4237;4307.5;4234;4260;202259;0
OZON;D;20210705;000000;4273.5;4284.5;4250;4267;37588;0
OZON;D;20210706;000000;4267.5;4282;4157;4214.5;226239;0
OZON;D;20210707;000000;4183;4255;4101;4153;206535;0
OZON;D;20210708;000000;4150;4155.5;4025;4099;304172;0
OZON;D;20210709;000000;4110;4162.5;4081;4129;193214;0
OZON;D;20210712;000000;4125.5;4156;4068;4079;136143;0
OZON;D;20210713;000000;4090;4099;3996;4009;189220;0
OZON;D;20210714;000000;4009;4060.5;4001;4026;144006;0
OZON;D;20210715;000000;4026;4055.5;3951;3990.5;169929;0
OZON;D;20210716;000000;3999;4049;3970;3989.5;164661;0
OZON;D;20210719;000000;3985.5;4015;3892;3997;137317;0
OZON;D;20210720;000000;4005.5;4065;3953;4007;173003;0
OZON;D;20210721;000000;4020.5;4022.5;3930;3971;142219;0
OZON;D;20210722;000000;3973;3976.5;3903;3966.5;126649;0
OZON;D;20210723;000000;3966.5;3984;3910;3950.5;113067;0
OZON;D;20210726;000000;3959;3969;3763;3874.5;314018;0
OZON;D;20210727;000000;3879;3919;3781.5;3818;259898;0
OZON;D;20210728;000000;3800.5;3896;3800.5;3881;151863;0
OZON;D;20210729;000000;3890;3974;3860;3888;224671;0
OZON;D;20210730;000000;3882;3894.5;3800.5;3818;193097;0
OZON;D;20210802;000000;3820.5;3858;3779;3831.5;176765;0
OZON;D;20210803;000000;3830;3840;3735;3822;157693;0
OZON;D;20210804;000000;3810;3885;3787;3804;163079;0
OZON;D;20210805;000000;3803;3819;3772;3795;129355;0
OZON;D;20210806;000000;3790;3868;3780;3849.5;154359;0
OZON;D;20210809;000000;3849.5;3954.5;3823.5;3936;162218;0
OZON;D;20210810;000000;3950;3998;3843.5;3847;278089;0
OZON;D;20210811;000000;3843;3875.5;3780;3831;195033;0
OZON;D;20210812;000000;3831;3987;3822;3909.5;388463;0
OZON;D;20210813;000000;3910;3944;3800;3820.5;312181;0
OZON;D;20210816;000000;3832;3876;3796;3829.5;256501;0
OZON;D;20210817;000000;3848;3875;3759.5;3831.5;398074;0
OZON;D;20210818;000000;3811;3860;3797;3839.5;145742;0
OZON;D;20210819;000000;3844;3853.5;3703.5;3734;451714;0
OZON;D;20210820;000000;3734;3748.5;3585;3656;395873;0
OZON;D;20210823;000000;3670;3758;3663.5;3738;181653;0
OZON;D;20210824;000000;3750.5;3940;3730.5;3939;400842;0
OZON;D;20210825;000000;3927;3969;3870.5;3901;261809;0
OZON;D;20210826;000000;3900;3994;3880.5;3906.5;324517;0
OZON;D;20210827;000000;3920;3935;3854.5;3890;207472;0
OZON;D;20210830;000000;3925.5;3955;3881;3893.5;157073;0
OZON;D;20210831;000000;3928.5;3936.5;3816;3850;922576;0
OZON;D;20210901;000000;3830;3892;3830;3863.5;229768;0
OZON;D;20210902;000000;3880;3884.5;3777;3799;271510;0
OZON;D;20210903;000000;3815;3834;3780;3806.5;171843;0
OZON;D;20210906;000000;3806.5;3825;3752;3791;136346;0
OZON;D;20210907;000000;3810.5;3820.5;3736;3810;240582;0
OZON;D;20210908;000000;3812.5;3820;3748;3769.5;158797;0
OZON;D;20210909;000000;3757;3757;3611;3641.5;333399;0
OZON;D;20210910;000000;3641.5;3720;3641;3694.5;215376;0
OZON;D;20210913;000000;3697.5;3767.5;3673;3708;187714;0
OZON;D;20210914;000000;3730;3731;3656;3694.5;238211;0
OZON;D;20210915;000000;3694;3820;3687.5;3791;262820;0
OZON;D;20210916;000000;3792;3828.5;3764;3796;217194;0
OZON;D;20210917;000000;3796;3820;3720;3729.5;228781;0
OZON;D;20210920;000000;3725;3727.5;3641;3693.5;244948;0
OZON;D;20210921;000000;3694;3726;3665;3680.5;111511;0
OZON;D;20210922;000000;3667.5;3743;3667.5;3708;126681;0
OZON;D;20210923;000000;3730;3790;3667;3770;164663;0
OZON;D;20210924;000000;3810;3810;3650;3687.5;244573;0
OZON;D;20210927;000000;3705;3723;3636;3701;161107;0
OZON;D;20210928;000000;3701;3708;3588.5;3641.5;165676;0
OZON;D;20210929;000000;3641.5;3659.5;3615;3648.5;124573;0
OZON;D;20210930;000000;3648.5;3683;3610;3675;190484;0
OZON;D;20211001;000000;3660;3685;3616.5;3627;130649;0
OZON;D;20211004;000000;3635;3638;3480;3513.5;284160;0
OZON;D;20211005;000000;3513.5;3568;3489.5;3507;257908;0
OZON;D;20211006;000000;3506.5;3541.5;3483;3531;215327;0
OZON;D;20211007;000000;3562;3596.5;3535;3545;185473;0
OZON;D;20211008;000000;3567.5;3595.5;3535.5;3545;163548;0
OZON;D;20211011;000000;3566.5;3574.5;3461.5;3484.5;276968;0
OZON;D;20211012;000000;3494;3495;3350;3368;391411;0
OZON;D;20211013;000000;3365;3407.5;3321;3345;350002;0
OZON;D;20211014;000000;3367.5;3408;3247;3301;473906;0
OZON;D;20211015;000000;3307.5;3384;3277.5;3364;298461;0
OZON;D;20211018;000000;3379;3508;3325.5;3490.5;396335;0
OZON;D;20211019;000000;3515;3515.5;3401.5;3474;228556;0
OZON;D;20211020;000000;3483;3483;3400.5;3417.5;225929;0
OZON;D;20211021;000000;3429;3457;3385;3389.5;154679;0
OZON;D;20211022;000000;3400;3426.5;3290.5;3307;307411;0
OZON;D;20211025;000000;3319;3384.5;3305;3348.5;198319;0
OZON;D;20211026;000000;3360;3362;3239;3246.5;277544;0
OZON;D;20211027;000000;3255.5;3293;3205.5;3268.5;228844;0
OZON;D;20211028;000000;3270;3297;3222;3285;189576;0
OZON;D;20211029;000000;3299;3312.5;3185;3190;195613;0
OZON;D;20211101;000000;3200;3286.5;3190;3236.5;173178;0
OZON;D;20211102;000000;3243;3255;3164.5;3191.5;189880;0
OZON;D;20211103;000000;3199;3250;3158;3219;159628;0
OZON;D;20211105;000000;3218.5;3218.5;3103;3139.5;237313;0
OZON;D;20211108;000000;3150;3203.5;3139.5;3174;173314;0
OZON;D;20211109;000000;3173;3229.5;3122;3151;210288;0
OZON;D;20211110;000000;3147;3194;3126.5;3139;129970;0
OZON;D;20211111;000000;3139;3178;3092;3096;265576;0
OZON;D;20211112;000000;3110;3120;3006;3085;370856;0
OZON;D;20211115;000000;3080;3183;3061;3145;317184;0
OZON;D;20211116;000000;3169.5;3190.5;3021;3113;463921;0
OZON;D;20211117;000000;3150;3338;3114;3201.5;850022;0
OZON;D;20211118;000000;3225;3482;3195;3471;822209;0
OZON;D;20211119;000000;3498;3498;3304;3365.5;642646;0
OZON;D;20211122;000000;3360;3400;3132;3179.5;565756;0
OZON;D;20211123;000000;3220;3247;3070;3098.5;588348;0
OZON;D;20211124;000000;3093;3134.5;3002;3055.5;415361;0
OZON;D;20211125;000000;3067.5;3112.5;3016;3077;165019;0
OZON;D;20211126;000000;3040;3083;3002;3028.5;261746;0
OZON;D;20211129;000000;3030;3119;3004;3041;288069;0
OZON;D;20211130;000000;3028.5;3096;2912;2993.5;569484;0
OZON;D;20211201;000000;3001;3055;2951;3012;297041;0
OZON;D;20211202;000000;3024;3030;2874;2888.5;503951;0
OZON;D;20211203;000000;2890;2915;2675.5;2681.5;629167;0
OZON;D;20211206;000000;2700;2735;2550;2665;574176;0
OZON;D;20211207;000000;2665;2749;2616;2698;492212;0
OZON;D;20211208;000000;2698.5;2745.5;2632.5;2694.5;271789;0
OZON;D;20211209;000000;2705;2759;2619.5;2622;288759;0
OZON;D;20211210;000000;2635;2658.5;2510;2528;306307;0
OZON;D;20211213;000000;2527;2588.5;2420;2446.5;362352;0
OZON;D;20211214;000000;2458.5;2480;2222;2350;582437;0
OZON;D;20211215;000000;2350;2396.5;2226;2290;599268;0
OZON;D;20211216;000000;2308;2541;2265.5;2404.5;919905;0
OZON;D;20211217;000000;2420;2447;2344;2413;494157;0
OZON;D;20211220;000000;2412.5;2425;2226;2249;562105;0
OZON;D;20211221;000000;2269;2323;2231.5;2300.5;445736;0
OZON;D;20211222;000000;2301;2385.5;2287.5;2294;480186;0
OZON;D;20211223;000000;2295;2328.5;2206;2252;450009;0
OZON;D;20211224;000000;2250;2276;2236.5;2263;131474;0
OZON;D;20211227;000000;2273;2329.5;2263;2290.5;291358;0
OZON;D;20211228;000000;2300.5;2324;2240;2242.5;395443;0
OZON;D;20211229;000000;2251.5;2277.5;2155;2189;495026;0
OZON;D;20211230;000000;2171;2333.5;2171;2316.5;418111;0
OZON;D;20220103;000000;2292;2323;2212;2238.5;560223;0
OZON;D;20220104;000000;2244.5;2287;2168;2209;521567;0
OZON;D;20220105;000000;2215;2229.5;2024.5;2029.5;718711;0
OZON;D;20220106;000000;2029.5;2106;1992;2061;606070;0
OZON;D;20220107;000000;0;0;0;0;0;0
OZON;D;20220110;000000;2073.5;2107;1969.5;2008.5;508749;0
OZON;D;20220111;000000;2012;2099.5;1992;2054;447286;0
OZON;D;20220112;000000;2060;2103.5;2043;2073.5;392365;0
OZON;D;20220113;000000;2088.5;2088.5;1870;1877;900430;0
OZON;D;20220114;000000;1875;1908;1710.5;1757.5;1328229;0
OZON;D;20220117;000000;1761;1839;1732;1812.5;468467;0
OZON;D;20220118;000000;1822.5;1836.5;1625;1667;980188;0
OZON;D;20220119;000000;1669;1722;1557;1574.5;1492319;0
OZON;D;20220120;000000;1578.5;1637;1500;1500;1758893;0
OZON;D;20220121;000000;1490;1533;1392.5;1399;1249690;0
OZON;D;20220124;000000;1404;1423;1221;1335;1855223;0
OZON;D;20220125;000000;1325;1397.5;1265;1362.5;1558106;0
OZON;D;20220126;000000;1382;1468;1325;1340;1760601;0
OZON;D;20220127;000000;1337;1481;1308;1422.5;1525437;0
OZON;D;20220128;000000;1421.5;1494;1362;1393.5;1461996;0
OZON;D;20220131;000000;1406.5;1608.5;1404.5;1606.5;1728360;0
OZON;D;20220201;000000;1613;1777;1602;1639.5;3112580;0
OZON;D;20220202;000000;1642.5;1788;1630;1660.5;2758491;0
OZON;D;20220203;000000;1660;1667.5;1507;1516;1946579;0
OZON;D;20220204;000000;1560;1624;1520;1538;2263317;0
OZON;D;20220207;000000;1530;1562;1482.5;1501;963915;0
OZON;D;20220208;000000;1500;1617;1500;1598;1206295;0
OZON;D;20220209;000000;1601.5;1670.5;1601;1646;1166604;0
OZON;D;20220210;000000;1665;1674.5;1587;1631;1444856;0
OZON;D;20220211;000000;1630;1636.5;1478;1487;1703666;0
OZON;D;20220214;000000;1480;1545;1381.5;1475.5;1609761;0
OZON;D;20220215;000000;1484;1670;1484;1669;2068939;0
OZON;D;20220216;000000;1670.5;1765;1641;1715;2023040;0
OZON;D;20220217;000000;1713;1717;1568;1590;1390150;0
OZON;D;20220218;000000;1605;1636;1437.5;1478;1957505;0
OZON;D;20220221;000000;1470;1541;1100;1259.5;3566243;0
OZON;D;20220222;000000;1261;1485;1155.5;1394.5;3042247;0
OZON;D;20220223;000000;0;0;0;0;0;0
OZON;D;20220224;000000;1259;1259;595;1000;2588342;0
OZON;D;20220225;000000;936;1201;936;1005.5;1366800;0
OZON;D;20220228;000000;0;0;0;0;0;0
OZON;D;20220301;000000;0;0;0;0;0;0
OZON;D;20220302;000000;0;0;0;0;0;0
OZON;D;20220303;000000;0;0;0;0;0;0
OZON;D;20220304;000000;0;0;0;0;0;0
OZON;D;20220309;000000;0;0;0;0;0;0
OZON;D;20220310;000000;0;0;0;0;0;0
OZON;D;20220311;000000;0;0;0;0;0;0
OZON;D;20220314;000000;0;0;0;0;0;0
OZON;D;20220315;000000;0;0;0;0;0;0
OZON;D;20220316;000000;0;0;0;0;0;0
OZON;D;20220317;000000;0;0;0;0;0;0
OZON;D;20220318;000000;0;0;0;0;0;0
OZON;D;20220321;000000;0;0;0;0;0;0
OZON;D;20220322;000000;0;0;0;0;0;0
OZON;D;20220323;000000;0;0;0;0;0;0
OZON;D;20220324;000000;0;0;0;0;0;0
OZON;D;20220325;000000;0;0;0;0;0;0
OZON;D;20220328;000000;0;0;0;0;0;0
OZON;D;20220329;000000;950;1060;850;940;660871;0
OZON;D;20220330;000000;975;1085;960;1070;385166;0
OZON;D;20220331;000000;1100;1438;1090;1425;1251949;0
OZON;D;20220401;000000;1424;1547;1310;1418;1149980;0
OZON;D;20220404;000000;1480;1489.5;1328;1397;583451;0
OZON;D;20220405;000000;1401;1418.5;1210;1298;522911;0
OZON;D;20220406;000000;1298;1299.5;1212.5;1215;327920;0
OZON;D;20220407;000000;1237.5;1330;1215;1219.5;340204;0
OZON;D;20220408;000000;1221;1240;1122.5;1177;194894;0
OZON;D;20220411;000000;1177;1218;1120;1126.5;216898;0
OZON;D;20220412;000000;1135.5;1149.5;1080;1094;186895;0
OZON;D;20220413;000000;1100;1164.5;1100;1103;259982;0
OZON;D;20220414;000000;1120;1120;1041;1060.5;165275;0
OZON;D;20220415;000000;1075;1075.5;1008;1020.5;229764;0
OZON;D;20220418;000000;1020.5;1034;968;977;153942;0
OZON;D;20220419;000000;987;1096;871.5;1017.5;402450;0
OZON;D;20220420;000000;1030;1120;1001;1064;290578;0
OZON;D;20220421;000000;1086;1097.5;1035;1053;114534;0
OZON;D;20220422;000000;1053;1059;990;1000;127522;0
OZON;D;20220425;000000;994.5;997.5;914;937;241711;0
OZON;D;20220426;000000;931;980;905;937.5;256208;0
OZON;D;20220427;000000;937.5;1056;937.5;1036.5;263070;0
OZON;D;20220428;000000;1052.5;1148.5;1005;1015;364429;0
OZON;D;20220429;000000;1025;1054.5;1001;1022;117841;0
OZON;D;20220504;000000;1022.5;1045;984;984;108559;0
OZON;D;20220505;000000;986.5;1009;960.5;965;134377;0
OZON;D;20220506;000000;965;969.5;928.5;941.5;134914;0
OZON;D;20220511;000000;953;985;904;930.5;135654;0
OZON;D;20220512;000000;934;934;831;880;115558;0
OZON;D;20220513;000000;887;915;871;880;80115;0
OZON;D;20220516;000000;898;916;881.5;899;94296;0
OZON;D;20220517;000000;902;945;902;941.5;140819;0
OZON;D;20220518;000000;944.5;1028;932;968;279513;0
OZON;D;20220519;000000;974.5;974.5;921.5;937;106878;0
OZON;D;20220520;000000;943;950;905;940;114575;0
OZON;D;20220523;000000;944.5;993;908;938;135215;0
OZON;D;20220524;000000;938;966;909;931;125771;0
OZON;D;20220525;000000;938;955;931.5;938;78540;0
OZON;D;20220526;000000;944;990;940;959;198585;0
OZON;D;20220527;000000;954.5;954.5;910;929;183241;0
OZON;D;20220530;000000;933;939;880;895;195494;0
OZON;D;20220531;000000;895;945;860;908;320052;0
OZON;D;20220601;000000;892;929;892;904;93829;0
OZON;D;20220602;000000;915;915;886;894;78529;0
OZON;D;20220603;000000;894;908.5;833.5;838;169919;0
OZON;D;20220606;000000;840;850;763.5;777;268410;0
OZON;D;20220607;000000;779;788;728;776.5;307257;0
OZON;D;20220608;000000;798.5;833;781;831.5;189359;0
OZON;D;20220609;000000;832;846;791;795;145936;0
OZON;D;20220610;000000;795;821;771;771;102483;0
OZON;D;20220614;000000;794;794;750;776.5;106459;0
OZON;D;20220615;000000;780;837;766.5;825;170608;0
OZON;D;20220616;000000;830.5;880;830.5;880;179349;0
OZON;D;20220617;000000;884;884.5;830;852;142826;0
OZON;D;20220620;000000;858;884;852;874;134825;0
OZON;D;20220621;000000;870;900;861.5;868;128433;0
OZON;D;20220622;000000;865;865;830;842;100517;0
OZON;D;20220623;000000;849;877;833;870;105237;0
OZON;D;20220624;000000;877;885;855.5;859;88180;0
OZON;D;20220627;000000;879;925.5;860.5;913;202275;0
OZON;D;20220628;000000;918.5;939;890;903.5;172439;0
OZON;D;20220629;000000;905;915;863.5;887.5;120869;0
OZON;D;20220630;000000;898.5;905;805;844.5;180582;0
OZON;D;20220701;000000;837.5;863.5;814;855;97141;0
OZON;D;20220704;000000;856;889;850;859;87137;0
OZON;D;20220705;000000;859;870;836;864;115562;0
OZON;D;20220706;000000;866;911;851;876;143603;0
OZON;D;20220707;000000;896;1019;872.5;1019;621224;0
OZON;D;20220708;000000;1025;1033.5;951.5;1006;570042;0
OZON;D;20220711;000000;1016;1110;1006;1050;874943;0
OZON;D;20220712;000000;1040;1105;955;1075;575224;0
OZON;D;20220713;000000;1069.5;1098.5;1023.5;1037;447528;0
OZON;D;20220714;000000;1039;1071.5;1010.5;1039.5;286560;0
OZON;D;20220715;000000;1040.5;1084.5;1038.5;1066.5;205287;0
OZON;D;20220718;000000;1074;1194;1071;1164;697362;0
OZON;D;20220719;000000;1170;1189;1117;1173.5;388527;0
OZON;D;20220720;000000;1174;1258;1162;1221;406867;0
OZON;D;20220721;000000;1221;1246.5;1155;1206;272952;0
OZON;D;20220722;000000;1219;1238;1212.5;1222;184413;0
OZON;D;20220725;000000;1246;1364.5;1241;1361.5;588482;0
OZON;D;20220726;000000;1375;1454;1343.5;1439;706226;0
OZON;D;20220727;000000;1440;1470;1350;1433;584095;0
OZON;D;20220728;000000;1440;1460;1405;1442.5;226216;0
OZON;D;20220729;000000;1449.5;1453.5;1365;1383.5;198932;0
OZON;D;20220801;000000;1358;1380;1283.5;1301;311670;0
OZON;D;20220802;000000;1300;1300;1187.5;1204.5;339602;0
OZON;D;20220803;000000;1216;1283.5;1158.5;1197;893763;0
OZON;D;20220804;000000;1220;1367;1215;1360;734857;0
OZON;D;20220805;000000;1376;1431.5;1250.5;1296;917591;0
OZON;D;20220808;000000;1390;1397.5;1324;1355;274475;0
OZON;D;20220809;000000;1355;1359;1286.5;1354.5;365720;0
OZON;D;20220810;000000;1354.5;1427;1319;1389.5;480656;0
OZON;D;20220811;000000;1390.5;1450;1390;1420;508153;0
OZON;D;20220812;000000;1421.5;1436;1361;1399;441921;0
OZON;D;20220815;000000;1417;1454;1388;1395.5;650764;0
OZON;D;20220816;000000;1400;1416.5;1375;1382;229196;0
OZON;D;20220817;000000;1382.5;1420;1365.5;1384.5;261648;0
OZON;D;20220818;000000;1390;1394.5;1367;1381;105969;0
OZON;D;20220819;000000;1381;1389.5;1351.5;1377;113133;0
OZON;D;20220822;000000;1386.5;1420;1380;1404;282704;0
OZON;D;20220823;000000;1414;1588;1373;1516.5;2077177;0
OZON;D;20220824;000000;1527;1543.5;1471.5;1471.5;492472;0
OZON;D;20220825;000000;1473;1533;1455.5;1510;357513;0
OZON;D;20220826;000000;1510;1517.5;1488.5;1502;139019;0
OZON;D;20220829;000000;1500;1509;1492;1496;89057;0
OZON;D;20220830;000000;1495;1499.5;1467.5;1478;192169;0
OZON;D;20220831;000000;1441;1496;1400;1479.5;197610;0
OZON;D;20220901;000000;1480;1538.5;1475;1519;379739;0
OZON;D;20220902;000000;1520;1529;1495;1507.5;156333;0
OZON;D;20220905;000000;1525;1527.5;1510;1523;96337;0
OZON;D;20220906;000000;1527.5;1554;1000;1443.5;628715;0
OZON;D;20220907;000000;1440;1485;1402;1457;171691;0
OZON;D;20220908;000000;1457;1477;1425.5;1428;129741;0
OZON;D;20220909;000000;1438.5;1454;1381.5;1410.5;281041;0
OZON;D;20220912;000000;1407;1454;1400;1440;186670;0
OZON;D;20220913;000000;1441;1468;1430.5;1443.5;112188;0
OZON;D;20220914;000000;1443.5;1452.5;1405;1436;125074;0
OZON;D;20220915;000000;1437;1450;1430;1448.5;115244;0
OZON;D;20220916;000000;1440.5;1468;1440.5;1464.5;159677;0
OZON;D;20220919;000000;1462;1509.5;1443.5;1488;294122;0
OZON;D;20220920;000000;1490;1503;1237;1325.5;993883;0
OZON;D;20220921;000000;1183.5;1309.5;1026;1236;558097;0
OZON;D;20220922;000000;1240;1310;1236;1254;304671;0
OZON;D;20220923;000000;1254;1271;1150;1171;288839;0
OZON;D;20220926;000000;1114;1150;941;987.5;693768;0
OZON;D;20220927;000000;1009.5;1098;980.5;1086.5;413373;0
OZON;D;20220928;000000;1080;1136.5;1038;1070;345785;0
OZON;D;20220929;000000;1075;1116.5;1015;1030.5;350684;0
OZON;D;20220930;000000;1035;1061;966.5;1051;512359;0
OZON;D;20221003;000000;1065;1193;1050.5;1184.5;526066;0
OZON;D;20221004;000000;1196;1231.5;1185;1192;480245;0
OZON;D;20221005;000000;1190.5;1205.5;1100.5;1185.5;462721;0
OZON;D;20221006;000000;1192;1226;1121;1158;332508;0
OZON;D;20221007;000000;1178;1178;1100;1112.5;225780;0
OZON;D;20221010;000000;1026;1190;1026;1190;359285;0
OZON;D;20221011;000000;1190;1224;1182.5;1217;251004;0
OZON;D;20221012;000000;1224;1249.5;1202;1214;165627;0
OZON;D;20221013;000000;1218;1245;1156;1195;286776;0
OZON;D;20221014;000000;1199;1220;1180;1196.5;140182;0
OZON;D;20221017;000000;1209;1279.5;1200;1279.5;256310;0
OZON;D;20221018;000000;1290;1321;1214;1232.5;291133;0
OZON;D;20221019;000000;1233;1269;1212.5;1239.5;215269;0
OZON;D;20221020;000000;1255;1264.5;1226;1245.5;111291;0
OZON;D;20221021;000000;1258;1259.5;1228.5;1257.5;112561;0
OZON;D;20221024;000000;1265;1277;1235.5;1249;157113;0
OZON;D;20221025;000000;1250;1347;1250;1339;605792;0
OZON;D;20221026;000000;1347;1355.5;1301;1328;232957;0
OZON;D;20221027;000000;1332.5;1339;1309.5;1318.5;166066;0
OZON;D;20221028;000000;1318.5;1337;1279;1323.5;158789;0
OZON;D;20221031;000000;1330;1338.5;1313;1338;170850;0
OZON;D;20221101;000000;1340;1393.5;1338;1383.5;246727;0
OZON;D;20221102;000000;1383;1383;1332;1341.5;192393;0
OZON;D;20221103;000000;1347;1349;1318;1346;119627;0
OZON;D;20221107;000000;1359;1420.5;1354;1397.5;299643;0
OZON;D;20221108;000000;1400;1412;1381;1396;154996;0
OZON;D;20221109;000000;1400;1444.5;1385.5;1408;394928;0
OZON;D;20221110;000000;1410;1446.5;1410;1438;184625;0
OZON;D;20221111;000000;1448;1470;1414;1447;342036;0
OZON;D;20221114;000000;1469;1535;1459;1518.5;439807;0
OZON;D;20221115;000000;1530;1545.5;1370;1445.5;996017;0
OZON;D;20221116;000000;1475;1515;1460;1497.5;387980;0
OZON;D;20221117;000000;1500.5;1505;1453;1488.5;216094;0
OZON;D;20221118;000000;1483;1503;1468;1486.5;180679;0
OZON;D;20221121;000000;1498;1500.5;1431;1447.5;435975;0
OZON;D;20221122;000000;1441;1459.5;1438.5;1448;140699;0
OZON;D;20221123;000000;1457.5;1457.5;1421.5;1446;140616;0
OZON;D;20221124;000000;1450;1450.5;1432.5;1445;53114;0
OZON;D;20221125;000000;1446;1446;1400;1423.5;121963;0
OZON;D;20221128;000000;1418;1420;1400;1403;120320;0
OZON;D;20221129;000000;1409.5;1429.5;1395.5;1420;132835;0
OZON;D;20221130;000000;1420;1422.5;1408;1419;64929;0
OZON;D;20221201;000000;1422;1439;1415.5;1433.5;108154;0
OZON;D;20221202;000000;1435;1449;1421;1426.5;115638;0
OZON;D;20221205;000000;1426;1473;1407;1459.5;214408;0
OZON;D;20221206;000000;1460;1479;1444;1450;154501;0
OZON;D;20221207;000000;1450;1468;1435.5;1455;112583;0
OZON;D;20221208;000000;1458;1464;1425;1431.5;81369;0
OZON;D;20221209;000000;1432;1445;1426;1428.5;57732;0
OZON;D;20221212;000000;1430;1439;1417.5;1422.5;68383;0
OZON;D;20221213;000000;1422.5;1434.5;1414;1420;69586;0
OZON;D;20221214;000000;1415;1424;1382;1386;137750;0
OZON;D;20221215;000000;1386.5;1387;1352;1361.5;153931;0
OZON;D;20221216;000000;1358;1385;1357.5;1371;72083;0
OZON;D;20221219;000000;1371;1371;1323.5;1330;185613;0
OZON;D;20221220;000000;1330;1398.5;1326.5;1397.5;137561;0
OZON;D;20221221;000000;1403;1425;1380;1404.5;151636;0
OZON;D;20221222;000000;1406.5;1430.5;1403;1421.5;114289;0
OZON;D;20221223;000000;1421.5;1438.5;1365;1388;218066;0
OZON;D;20221226;000000;1397;1405;1368;1383.5;81281;0
OZON;D;20221227;000000;1383.5;1425.5;1380.5;1407.5;161427;0
OZON;D;20221228;000000;1407.5;1423.5;1381;1388.5;105194;0
OZON;D;20221229;000000;1388.5;1416;1384;1412;87419;0
OZON;D;20221230;000000;1412;1415;1390.5;1402;65046;0
OZON;D;20230103;000000;1410.5;1454.5;1397.5;1438;156273;0
OZON;D;20230104;000000;1444;1455;1424;1436;70407;0
OZON;D;20230105;000000;1442;1443;1431.5;1439;35744;0
OZON;D;20230106;000000;1438;1445;1406;1424.5;48303;0
OZON;D;20230109;000000;1426;1444;1415;1429.5;134162;0
OZON;D;20230110;000000;1429;1433;1407;1429.5;109100;0
OZON;D;20230111;000000;1430;1498.5;1427;1490;399795;0
OZON;D;20230112;000000;1492;1520;1477;1498;271724;0
OZON;D;20230113;000000;1499.5;1515;1497.5;1510.5;114038;0
OZON;D;20230116;000000;1521.5;1589;1514.5;1582;402783;0
OZON;D;20230117;000000;1588;1590;1538;1542;307711;0
OZON;D;20230118;000000;1541;1574;1536.5;1552.5;210096;0
OZON;D;20230119;000000;1563.5;1569;1541.5;1546;204639;0
OZON;D;20230120;000000;1559.5;1576.5;1549;1563;163974;0
OZON;D;20230123;000000;1570;1641;1567.5;1625;424900;0
OZON;D;20230124;000000;1634;1650;1589.5;1606;296896;0
OZON;D;20230125;000000;1606;1640;1576;1638;222758;0
OZON;D;20230126;000000;1641;1646;1614;1629.5;153067;0
OZON;D;20230127;000000;1629.5;1664;1615;1654.5;194650;0
OZON;D;20230130;000000;1665;1705.5;1654;1699.5;346115;0
OZON;D;20230131;000000;1705;1737;1690;1710;330339;0
OZON;D;20230201;000000;1710;1732;1681;1709;189638;0
OZON;D;20230202;000000;1712;1719.5;1685;1694;122408;0
OZON;D;20230203;000000;1687.5;1699;1650.5;1685;165545;0
OZON;D;20230206;000000;1686;1715;1686;1714;131154;0
OZON;D;20230207;000000;1719;1728;1691.5;1701;130750;0
OZON;D;20230208;000000;1709.5;1709.5;1659;1679;172452;0
OZON;D;20230209;000000;1679;1680;1653;1664;93615;0
OZON;D;20230210;000000;1664;1682;1654;1674.5;71285;0
OZON;D;20230213;000000;1682;1694;1665;1665.5;87350;0
OZON;D;20230214;000000;1666;1671;1615;1633;272602;0
OZON;D;20230215;000000;1625;1625;1542;1578.5;354199;0
OZON;D;20230216;000000;1580;1630;1563;1581;192743;0
OZON;D;20230217;000000;1591;1600;1555;1582.5;168429;0
OZON;D;20230220;000000;1580;1580;1540;1556.5;175372;0
OZON;D;20230221;000000;1557;1633;1551.5;1628;255808;0
OZON;D;20230222;000000;1635;1638;1606;1623;83799;0
OZON;D;20230224;000000;1623;1673;1622;1656;151014;0
OZON;D;20230227;000000;1625;1684;1590;1673.5;186581;0
OZON;D;20230228;000000;1680;1689.5;1650;1676;133254;0
OZON;D;20230301;000000;1680;1682.5;1660;1669;98344;0
OZON;D;20230302;000000;1669;1669;1630;1646.5;136488;0
OZON;D;20230303;000000;1644.5;1685;1642.5;1678.5;113761;0
OZON;D;20230306;000000;1681.5;1707;1681.5;1701.5;161130;0
OZON;D;20230307;000000;1701.5;1705;1676;1687.5;111462;0
OZON;D;20230309;000000;1687.5;1699.5;1655;1667.5;135381;0
OZON;D;20230310;000000;1662;1672.5;1646;1659;73673;0
OZON;D;20230313;000000;1659.5;1689.5;1646;1666.5;148223;0
OZON;D;20230314;000000;1670;1715;1660;1712.5;246859;0
OZON;D;20230315;000000;1719;1724;1670;1678;230123;0
OZON;D;20230316;000000;1670;1698.5;1612;1655;319324;0
OZON;D;20230317;000000;1662;1697;1657.5;1690;193261;0
OZON;D;20230320;000000;1690;1696.5;1658;1684;174622;0
OZON;D;20230321;000000;1690;1690.5;1667;1675;84047;0
OZON;D;20230322;000000;1682;1682;1658;1661;64679;0
OZON;D;20230323;000000;1661;1675.5;1652.5;1672.5;64665;0
OZON;D;20230324;000000;1676.5;1683.5;1662;1667;57142;0
OZON;D;20230327;000000;1670;1746;1669.5;1740;449688;0
OZON;D;20230328;000000;1744.5;1767;1715.5;1748;222174;0
OZON;D;20230329;000000;1749;1760;1718.5;1737.5;118883;0
OZON;D;20230330;000000;1740;1796.5;1731.5;1789;401212;0
OZON;D;20230331;000000;1793.5;1805;1735;1781;281001;0
OZON;D;20230403;000000;1790;1840;1772.5;1838;318375;0
OZON;D;20230404;000000;1843;1846.5;1770.5;1792;301917;0
OZON;D;20230405;000000;1792;1835;1750;1828.5;285103;0
OZON;D;20230406;000000;1839.5;1852.5;1715.5;1753.5;945237;0
OZON;D;20230407;000000;1750;1770;1720.5;1747.5;227037;0
OZON;D;20230410;000000;1756;1777;1753.5;1775;221579;0
OZON;D;20230411;000000;1775.5;1780.5;1700.5;1719;362952;0
OZON;D;20230412;000000;1727;1737.5;1688;1716.5;152314;0
OZON;D;20230413;000000;1716.5;1722.5;1670;1692.5;166488;0
OZON;D;20230414;000000;1699;1699;1654.5;1683;239258;0
OZON;D;20230417;000000;1695;1733.5;1678;1723.5;293893;0
OZON;D;20230418;000000;1730.5;1733;1691;1713;204180;0
OZON;D;20230419;000000;1717;1720.5;1678;1689.5;163291;0
OZON;D;20230420;000000;1697;1713;1670;1703;173420;0
OZON;D;20230421;000000;1703;1766;1685;1752.5;360902;0
OZON;D;20230424;000000;1752.5;1756.5;1723.5;1736;199684;0
OZON;D;20230425;000000;1739.5;1754;1725.5;1736;87454;0
OZON;D;20230426;000000;1739;1747.5;1715;1719.5;140412;0
OZON;D;20230427;000000;1719.5;1737;1700.5;1719;141361;0
OZON;D;20230428;000000;1720;1733;1686;1704;123534;0
OZON;D;20230502;000000;1703.5;1712;1662.5;1691.5;167989;0
OZON;D;20230503;000000;1691.5;1693.5;1601;1620;257404;0
OZON;D;20230504;000000;1620;1647;1608;1642.5;106236;0
OZON;D;20230505;000000;1645;1649.5;1600.5;1609;128207;0
OZON;D;20230508;000000;1609;1624;1566;1575.5;114618;0
OZON;D;20230510;000000;1582;1668.5;1575;1662;264337;0
OZON;D;20230511;000000;1670;1695;1603;1649;312533;0
OZON;D;20230512;000000;1650;1665;1624.5;1662;106041;0
OZON;D;20230515;000000;1663;1689;1663;1687.5;145354;0
OZON;D;20230516;000000;1689;1720;1675;1712.5;159161;0
OZON;D;20230517;000000;1711;1711;1681.5;1692.5;98289;0
OZON;D;20230518;000000;1693;1708.5;1680;1689;128372;0
OZON;D;20230519;000000;1696.5;1729.5;1680;1717.5;232259;0
OZON;D;20230522;000000;1729.5;1745;1716;1741;213600;0
OZON;D;20230523;000000;1742.5;1750;1693;1742;259799;0
OZON;D;20230524;000000;1750;1813;1739.5;1801;1015020;0
OZON;D;20230525;000000;1804.5;1807.5;1753;1801;320285;0
OZON;D;20230526;000000;1800;1805;1776.5;1790;185615;0
OZON;D;20230529;000000;1800;1820;1790;1803.5;280239;0
OZON;D;20230530;000000;1786;1792;1700.5;1744.5;402342;0
OZON;D;20230531;000000;1744;1773;1717;1757.5;160001;0
OZON;D;20230601;000000;1763.5;1789;1750.5;1764.5;158991;0
OZON;D;20230602;000000;1767;1797;1757.5;1780;171967;0
OZON;D;20230605;000000;1788.5;1812;1740;1742.5;222400;0
OZON;D;20230606;000000;1740;1825;1701;1822;558391;0
OZON;D;20230607;000000;1826;1969.5;1822.5;1946.5;1453072;0
OZON;D;20230608;000000;1947;1960.5;1905.5;1949;441797;0
OZON;D;20230609;000000;1959;1959;1918.5;1949.5;228297;0
OZON;D;20230613;000000;1986.5;2020;1964;2005;602768;0
OZON;D;20230614;000000;2005;2044;1991.5;2032.5;364071;0
OZON;D;20230615;000000;2047;2060;1992;2025;365733;0
OZON;D;20230616;000000;2028.5;2030;1970;2013;332427;0
OZON;D;20230619;000000;2030;2033;1976;2025;269900;0
OZON;D;20230620;000000;2036;2036.5;1986.5;2005;215519;0
OZON;D;20230621;000000;1999.5;2065;1995.5;2042;286256;0
OZON;D;20230622;000000;2043.5;2057.5;2002;2012;189096;0
OZON;D;20230623;000000;2012;2037;1921;1948.5;470212;0
OZON;D;20230626;000000;1972;2000;1880;1955;401172;0
OZON;D;20230627;000000;1957.5;1979;1938;1974;238770;0
OZON;D;20230628;000000;1980;1999.5;1956;1978;151898;0
OZON;D;20230629;000000;1980;1984.5;1962;1974;101042;0
OZON;D;20230630;000000;1974;1980;1955;1970;136862;0
OZON;D;20230703;000000;1966.5;1983;1924.5;1936.5;208772;0
OZON;D;20230704;000000;1936.5;1954;1903;1922.5;199310;0
OZON;D;20230705;000000;1939;1967;1934.5;1959.5;170543;0
OZON;D;20230706;000000;1960;1980;1945;1965;159562;0
OZON;D;20230707;000000;1965.5;1984.5;1947.5;1964;151723;0
OZON;D;20230710;000000;1975.5;1980;1960;1970.5;160145;0
OZON;D;20230711;000000;1970;2047.5;1970;2034;449590;0
OZON;D;20230712;000000;2043.5;2070;2014;2036.5;383091;0
OZON;D;20230713;000000;2045;2065;2015;2030.5;194883;0
OZON;D;20230714;000000;2030.5;2053;2011;2039;142536;0
OZON;D;20230717;000000;2026.5;2117;2005;2115;585960;0
OZON;D;20230718;000000;2120;2126.5;2101;2110.5;279043;0
OZON;D;20230719;000000;2110;2123.5;2071;2088.5;249882;0
OZON;D;20230720;000000;2098.5;2140;2050;2072;477742;0
OZON;D;20230721;000000;2072;2113;2060.5;2108.5;213177;0
OZON;D;20230724;000000;2115;2239.5;2110.5;2239;1464859;0
OZON;D;20230725;000000;2247.5;2380;2233;2355.5;1577778;0
OZON;D;20230726;000000;2350;2468;2321;2421.5;2043740;0
OZON;D;20230727;000000;2425;2449.5;2395;2407;625760;0
OZON;D;20230728;000000;2434;2463;2410;2434;560354;0
OZON;D;20230731;000000;2445;2470;2412;2434;461796;0
OZON;D;20230801;000000;2439;2439;2403;2419;307520;0
OZON;D;20230802;000000;2417;2434.5;2407;2423.5;259316;0
OZON;D;20230803;000000;2420;2712.5;2380.5;2679;2388337;0
OZON;D;20230804;000000;2708;2838;2521.5;2636.5;3439355;0
OZON;D;20230807;000000;2659;2740;2565;2604.5;850965;0
OZON;D;20230808;000000;2605;2740;2505;2720;1214792;0
OZON;D;20230809;000000;2736;2761;2660.5;2699;675846;0
OZON;D;20230810;000000;2710;2797;2709;2769.5;1067173;0
OZON;D;20230811;000000;2775;2790;2722.5;2769.5;463694;0
OZON;D;20230814;000000;2790;2827.5;2637.5;2660;1216945;0
OZON;D;20230815;000000;2649;2775;2603;2711.5;907684;0
OZON;D;20230816;000000;2725;2739.5;2589;2651;832528;0
OZON;D;20230817;000000;2684.5;2720;2631;2710;682481;0
OZON;D;20230818;000000;2719;2798;2675;2784;512356;0
OZON;D;20230821;000000;2790;2854;2759.5;2840;1103303;0
OZON;D;20230822;000000;2849;2962;2840.5;2960.5;1289292;0
OZON;D;20230823;000000;2979;2983.5;2800;2830;2682744;0
OZON;D;20230824;000000;2840.5;2898;2827.5;2882;537574;0
OZON;D;20230825;000000;2880;2885;2840.5;2865;371087;0
OZON;D;20230828;000000;2875;2918;2862;2890;452407;0
OZON;D;20230829;000000;2890.5;2903.5;2862.5;2873.5;295969;0
OZON;D;20230830;000000;2873.5;2879;2835.5;2852;333951;0
OZON;D;20230831;000000;2850;2862;2780;2829;590876;0
OZON;D;20230901;000000;2835;2859.5;2801;2816;281279;0
OZON;D;20230904;000000;2816;2879.5;2802;2867;354384;0
OZON;D;20230905;000000;2867;2887.5;2814.5;2865.5;486334;0
OZON;D;20230906;000000;2860;2879.5;2821;2835;255964;0
OZON;D;20230907;000000;2830.5;2841;2714.5;2746;697763;0
OZON;D;20230908;000000;2746;2767.5;2665;2739;464338;0
OZON;D;20230911;000000;2740;2755.5;2597;2607;723393;0
OZON;D;20230912;000000;2635;2777;2627;2774;619046;0
OZON;D;20230913;000000;2777;2784;2700;2710;361905;0
OZON;D;20230914;000000;2725.5;2736;2651.5;2688;452661;0
OZON;D;20230915;000000;2690;2807.5;2658.5;2770;421541;0
OZON;D;20230918;000000;2796.5;2798;2706;2722;300746;0
OZON;D;20230919;000000;2722;2733.5;2629;2639.5;396969;0
OZON;D;20230920;000000;2640;2655;2536;2600;605492;0
OZON;D;20230921;000000;2600;2600;2468;2479.5;517847;0
OZON;D;20230922;000000;2488;2589.5;2460;2586;409483;0
OZON;D;20230925;000000;2595;2595;2532;2540;228879;0
OZON;D;20230926;000000;2535;2607;2500;2579.5;284990;0
OZON;D;20230927;000000;2594;2705;2593;2675;606457;0
OZON;D;20230928;000000;2675;2724.5;2645;2691;411984;0
OZON;D;20230929;000000;2695;2712;2625.5;2636;295263;0
OZON;D;20231002;000000;2640;2696;2604;2612.5;293121;0
OZON;D;20231003;000000;2610;2647;2565;2624;255705;0
OZON;D;20231004;000000;2620;2645;2572;2606;259686;0
OZON;D;20231005;000000;2605.5;2636.5;2575.5;2624.5;174506;0
OZON;D;20231006;000000;2626;2683.5;2601;2654;273067;0
OZON;D;20231009;000000;2680;2720;2636.5;2652.5;263047;0
OZON;D;20231010;000000;2660;2720;2646;2720;335331;0
OZON;D;20231011;000000;2725;2764.5;2652;2670;431322;0
OZON;D;20231012;000000;2670;2735;2670;2713;216321;0
OZON;D;20231013;000000;2724.5;2738.5;2696;2728;213135;0
OZON;D;20231016;000000;2738.5;2760;2729.5;2739.5;198019;0
OZON;D;20231017;000000;2739;2750;2724.5;2738;144066;0
OZON;D;20231018;000000;2738;2770;2705.5;2732.5;295753;0
OZON;D;20231019;000000;2732.5;2797;2717.5;2783;308792;0
OZON;D;20231020;000000;2784;2784;2717.5;2757;323961;0
OZON;D;20231023;000000;2753.5;2786.5;2732;2740;160103;0
OZON;D;20231024;000000;2746.5;2746.5;2670;2710;333508;0
OZON;D;20231025;000000;2719.5;2749;2705;2734;179862;0
OZON;D;20231026;000000;2734;2751;2680.5;2691.5;194622;0
OZON;D;20231027;000000;2690;2709.5;2635.5;2680;274245;0
OZON;D;20231030;000000;2701;2701;2615;2646.5;218220;0
OZON;D;20231031;000000;2646;2646;2566;2598;276224;0
OZON;D;20231101;000000;2597.5;2630;2596;2616;104554;0
OZON;D;20231102;000000;2620;2672;2598.5;2630.5;365266;0
OZON;D;20231103;000000;2631;2668;2601.5;2623;149813;0
OZON;D;20231106;000000;2626;2661;2625;2642.5;94660;0
OZON;D;20231107;000000;2644.5;2685.5;2638;2675;237617;0
OZON;D;20231108;000000;2681;2700;2665.5;2678.5;194424;0
OZON;D;20231109;000000;2685;2693.5;2650;2681;113925;0
OZON;D;20231110;000000;2685.5;2692;2645;2645;142885;0
OZON;D;20231113;000000;2645;2702;2640.5;2693.5;186842;0
OZON;D;20231114;000000;2700;2734;2610;2642;432419;0
OZON;D;20231115;000000;2642;2720;2628;2707.5;345178;0
OZON;D;20231116;000000;2722.5;2787.5;2662;2751;1170411;0
OZON;D;20231117;000000;2760;2780;2726;2756;316557;0
OZON;D;20231120;000000;2768;2857.5;2768;2853;779314;0
OZON;D;20231121;000000;2852.5;2997.5;2843.5;2990.5;1370617;0
OZON;D;20231122;000000;2998;3016.5;2941;2975;1222025;0
OZON;D;20231123;000000;2974;2992.5;2935.5;2944;312358;0
OZON;D;20231124;000000;2940;2944;2865;2895;422986;0
OZON;D;20231127;000000;2890;2967.5;2857.5;2901;396303;0
OZON;D;20231128;000000;2909;2909;2818;2868;290292;0
OZON;D;20231129;000000;2858;2930;2835;2903;216948;0
OZON;D;20231130;000000;2910.5;2910.5;2821;2828;215428;0
OZON;D;20231201;000000;2826;2830;2735;2756.5;252405;0
OZON;D;20231204;000000;2729.5;2795;2685;2707;377617;0
OZON;D;20231205;000000;2710;2745;2671;2737.5;216094;0
OZON;D;20231206;000000;2760;2769;2675;2697.5;288648;0
OZON;D;20231207;000000;2697.5;2711.5;2617.5;2640;250400;0
OZON;D;20231208;000000;2658.5;2705;2641;2673;140062;0
OZON;D;20231211;000000;2673;2684.5;2491.5;2510;756980;0
OZON;D;20231212;000000;2510;2596;2494.5;2566.5;439743;0
OZON;D;20231213;000000;2560;2634;2542;2617;270828;0
OZON;D;20231214;000000;2630;2648.5;2522.5;2539;288539;0
OZON;D;20231215;000000;2536;2644.5;2523;2630.5;276212;0
OZON;D;20231218;000000;2629;2715;2628.5;2700.5;354673;0
OZON;D;20231219;000000;2707;2735;2651.5;2695;268853;0
OZON;D;20231220;000000;2696;2715;2669.5;2678;131596;0
OZON;D;20231221;000000;2670;2673.5;2604.5;2633;233269;0
OZON;D;20231222;000000;2620;2655;2615.5;2632;142212;0
OZON;D;20231225;000000;2632;2682;2630;2662;294956;0
OZON;D;20231226;000000;2658.5;2674.5;2629;2661.5;126141;0
OZON;D;20231227;000000;2663.5;2694.5;2632.5;2688.5;250858;0
OZON;D;20231228;000000;2690;2820.5;2690;2799;601152;0
OZON;D;20231229;000000;2800.5;2850;2762.5;2804.5;374667;0
OZON;D;20240103;000000;2810;2840.5;2806.5;2825.5;100025;0
OZON;D;20240104;000000;2835;2839.5;2808;2819.5;64028;0
OZON;D;20240105;000000;2826.5;2826.5;2777.5;2805;73359;0
OZON;D;20240108;000000;2805;2824;2801;2819.5;72594;0
OZON;D;20240109;000000;2833.5;2890;2821.5;2874;233873;0
OZON;D;20240110;000000;2880;2948;2875;2907;306848;0
OZON;D;20240111;000000;2907;2973.5;2883;2938.5;282507;0
OZON;D;20240112;000000;2940.5;2960;2910;2931;150930;0
OZON;D;20240115;000000;2979.5;3053;2969;3035;798523;0
OZON;D;20240116;000000;3035;3035;2898.5;2920.5;587028;0
OZON;D;20240117;000000;2922;2938;2865;2917;309832;0
OZON;D;20240118;000000;2922;2924;2822.5;2829;422609;0
OZON;D;20240119;000000;2827;2867.5;2802;2827.5;345485;0
OZON;D;20240122;000000;2830;2874;2823.5;2847;293285;0
OZON;D;20240123;000000;2858;2875;2779.5;2794.5;457258;0
OZON;D;20240124;000000;2796.5;2832;2751;2793.5;337707;0
OZON;D;20240125;000000;2794;2809;2736;2785;340743;0
OZON;D;20240126;000000;2807.5;2859;2791.5;2836;505065;0
OZON;D;20240129;000000;2849.5;2896.5;2849;2886;354509;0
OZON;D;20240130;000000;2879.5;2930;2831;2911.5;657495;0
OZON;D;20240131;000000;2920;2932.5;2881.5;2909.5;357710;0
OZON;D;20240201;000000;2917;2941;2892.5;2899;256404;0
OZON;D;20240202;000000;2899.5;2914;2863;2878.5;164853;0
OZON;D;20240205;000000;2875;2926.5;2800.5;2887;373615;0
OZON;D;20240206;000000;2896;2899;2861.5;2868;156282;0
OZON;D;20240207;000000;2862;2891;2852;2877.5;228270;0
OZON;D;20240208;000000;2879;2889;2803.5;2814.5;342041;0
OZON;D;20240209;000000;2814;2866.5;2780;2837;265447;0
OZON;D;20240212;000000;2867.5;2996.5;2847.5;2994.5;1064249;0
OZON;D;20240213;000000;2996;3157;2982;3154.5;1944860;0
OZON;D;20240214;000000;3154;3199;3060;3086;1583640;0
OZON;D;20240215;000000;3090;3179;3051;3140.5;942763;0
OZON;D;20240216;000000;3148.5;3178;3095;3128;601465;0
OZON;D;20240219;000000;3125;3160;3086;3114.5;331750;0
OZON;D;20240220;000000;3114.5;3218.5;3060.5;3088;883511;0
OZON;D;20240221;000000;3088;3117.5;2966.5;3035;742300;0
OZON;D;20240222;000000;3029;3107;3005;3059.5;413202;0
OZON;D;20240226;000000;3120;3134;3083;3133;302297;0
OZON;D;20240227;000000;3138.5;3175.5;3112;3169.5;327423;0
OZON;D;20240228;000000;3177.5;3190;3126.5;3133.5;293438;0
OZON;D;20240229;000000;3130;3249.5;3122.5;3216;495722;0
OZON;D;20240301;000000;3233;3290;3217;3270;501246;0
OZON;D;20240304;000000;3286.5;3400;3280;3397.5;723084;0
OZON;D;20240305;000000;3395;3395;3310;3334;546568;0
OZON;D;20240306;000000;3325;3341;3292.5;3309.5;205460;0
OZON;D;20240307;000000;3306;3337.5;3287;3335;188919;0
OZON;D;20240311;000000;3340;3378;3296;3315;324787;0
OZON;D;20240312;000000;3300;3314;3273.5;3291.5;216333;0
OZON;D;20240313;000000;3291;3337;3283.5;3291.5;207441;0
OZON;D;20240314;000000;3295;3322;3221.5;3237.5;301843;0
OZON;D;20240315;000000;3240;3326;3222;3302;281285;0
OZON;D;20240318;000000;3300;3374;3283;3365;367625;0
OZON;D;20240319;000000;3365;3421;3331;3390;804513;0
OZON;D;20240320;000000;3391;3512;3385.5;3509.5;943556;0
OZON;D;20240321;000000;3500;3562;3461;3540.5;760603;0
OZON;D;20240322;000000;3541;3547.5;3421;3449;457316;0
OZON;D;20240325;000000;3469.5;3543;3455.5;3542.5;297521;0
OZON;D;20240326;000000;3550;3643;3545;3630.5;672469;0
OZON;D;20240327;000000;3633;3705;3612.5;3702.5;433300;0
OZON;D;20240328;000000;3707;3834;3700;3794;776160;0
OZON;D;20240329;000000;3810;3810;3707.5;3789;502996;0
OZON;D;20240401;000000;3809;3904;3800;3874.5;629448;0
OZON;D;20240402;000000;3875;3907.5;3815;3845.5;533046;0
OZON;D;20240403;000000;3845.5;3850;3737.5;3788;443474;0
OZON;D;20240404;000000;3786;3891.5;3755;3858;411554;0
OZON;D;20240405;000000;3852;3919;3825.5;3866.5;423337;0
OZON;D;20240408;000000;3881;3928.5;3794;3838;573480;0
OZON;D;20240409;000000;3844.5;3855;3720.5;3751.5;773291;0
OZON;D;20240410;000000;3760;3820;3700.5;3797;545775;0
OZON;D;20240411;000000;3811;3814.5;3740;3753;220981;0
OZON;D;20240412;000000;3754;3763;3682.5;3713;586529;0
OZON;D;20240415;000000;3713.5;3838;3713.5;3831.5;532376;0
OZON;D;20240416;000000;3850;3869.5;3803.5;3848;324386;0
OZON;D;20240417;000000;3848;3921;3818.5;3882.5;445654;0
OZON;D;20240418;000000;3902;4004.5;3883.5;3990;920713;0
OZON;D;20240419;000000;4000;4111;3951;4086;811303;0
OZON;D;20240422;000000;4100;4198;4071;4169;525116;0
OZON;D;20240423;000000;4185;4204;4071.5;4090;423645;0
OZON;D;20240424;000000;4090;4104;3987;4007.5;639021;0
OZON;D;20240425;000000;4018;4175;4018;4164.5;657187;0
OZON;D;20240426;000000;4164;4270;4131.5;4227.5;675762;0
OZON;D;20240427;000000;4228;4267.5;4192.5;4256.5;275296;0
OZON;D;20240429;000000;4259;4369;4259;4358.5;388578;0
OZON;D;20240430;000000;4363;4404;4301;4364;400382;0
OZON;D;20240502;000000;4385;4385;4266.5;4316;357539;0
OZON;D;20240503;000000;4316;4365;4237;4352;438191;0
OZON;D;20240506;000000;4352;4480.5;4350;4443;684152;0
OZON;D;20240507;000000;4445;4589.5;4445;4577.5;778634;0
OZON;D;20240508;000000;4585;4658;4476;4530;1539957;0
OZON;D;20240510;000000;4526;4530;4428;4489;501208;0
OZON;D;20240513;000000;4490;4610;4490;4600;601764;0
OZON;D;20240514;000000;4576.5;4608.5;4540;4574;361210;0
OZON;D;20240515;000000;4574;4607;4504;4544;341772;0
OZON;D;20240516;000000;4551.5;4556.5;4457.5;4511.5;268532;0
OZON;D;20240517;000000;4510;4649.5;4485;4628;503961;0
OZON;D;20240520;000000;4650;4725.5;4576;4642;597949;0
OZON;D;20240521;000000;4642;4677.5;4581;4620.5;295558;0
OZON;D;20240522;000000;4604;4685.5;4585;4673;217714;0
OZON;D;20240523;000000;4680;4689;4610;4641;244740;0
OZON;D;20240524;000000;4640.5;4674;4482.5;4532;492233;0
OZON;D;20240527;000000;4516;4516;4322;4355;977591;0
OZON;D;20240528;000000;4343.5;4528.5;4241;4440.5;952561;0
OZON;D;20240529;000000;4445;4475;4341;4425;343555;0
OZON;D;20240530;000000;4435;4459.5;4275;4285.5;321403;0
OZON;D;20240531;000000;4300;4322.5;4069;4154.5;1291389;0
OZON;D;20240603;000000;4200;4240;3957;4106.5;1108857;0
OZON;D;20240604;000000;4106.5;4419;4069;4401.5;1321564;0
OZON;D;20240605;000000;4443.5;4497.5;4323.5;4400;1180695;0
OZON;D;20240606;000000;4410;4475;4361;4408;512281;0
OZON;D;20240607;000000;4410;4698;4400;4631;1390351;0
OZON;D;20240610;000000;4650.5;4779.5;4468;4540;1402432;0
OZON;D;20240611;000000;4558;4645;4463;4556;988706;0
OZON;D;20240613;000000;4185;4546;4154.5;4500;904866;0
OZON;D;20240614;000000;4517.5;4533.5;4460;4509.5;314618;0
OZON;D;20240617;000000;4506;4564;4433.5;4455.5;280526;0
OZON;D;20240618;000000;4437.5;4456.5;4223;4235.5;586724;0
OZON;D;20240619;000000;4230;4334;3919.5;4064.5;1916351;0
OZON;D;20240620;000000;4070;4269.5;3990;4260;1480459;0
OZON;D;20240621;000000;4290;4395;4242.5;4349.5;760455;0
OZON;D;20240624;000000;4355;4410;4272;4291;492295;0
OZON;D;20240625;000000;4293;4329;4201;4328.5;490967;0
OZON;D;20240626;000000;4335;4370.5;4300;4319;291610;0
OZON;D;20240627;000000;4319;4330;4218;4271;431082;0
OZON;D;20240628;000000;4271;4333.5;4237.5;4308;257459;0
OZON;D;20240701;000000;4319;4327;4273;4305;242434;0
OZON;D;20240702;000000;4310;4318.5;4202;4225;361594;0
OZON;D;20240703;000000;4222;4222;4105;4125;729680;0
OZON;D;20240704;000000;4108.5;4143.5;4004.5;4017;510288;0
OZON;D;20240705;000000;4010;4107;3965;4090.5;637091;0
OZON;D;20240708;000000;4100;4135;3970.5;3999.5;548540;0
OZON;D;20240709;000000;3999.5;4007;3750;3778;918517;0
OZON;D;20240710;000000;3784;3842;3512.5;3514;1599916;0
OZON;D;20240711;000000;3528;3863;3527;3842;2438148;0
OZON;D;20240712;000000;3850;3877.5;3730;3841.5;1305598;0
OZON;D;20240715;000000;3847.5;3859.5;3627.5;3683;1135812;0
OZON;D;20240716;000000;3684.5;3898.5;3608.5;3887;1454060;0
OZON;D;20240717;000000;3899;3931;3810;3827;1258463;0
OZON;D;20240718;000000;3825.5;3914;3765;3900;869856;0
OZON;D;20240719;000000;3911.5;3972.5;3860;3941;747735;0
OZON;D;20240722;000000;3976;4018;3941.5;3976;572092;0
OZON;D;20240723;000000;3970;3985;3905.5;3920;381385;0
OZON;D;20240724;000000;3914;3998;3865;3987.5;500859;0
OZON;D;20240725;000000;3987;3998;3944;3985;254792;0
OZON;D;20240726;000000;3986;4094.5;3791;3828.5;1961695;0
OZON;D;20240729;000000;3795.5;3800;3671.5;3709;768106;0
OZON;D;20240730;000000;3700.5;3795;3682.5;3768;510200;0
OZON;D;20240731;000000;3770;3865;3755.5;3860;560134;0
OZON;D;20240801;000000;3860;3862.5;3733;3754;509059;0
OZON;D;20240802;000000;3751;3770;3685;3732.5;526304;0
OZON;D;20240805;000000;3647.5;3657.5;3559;3580;1167759;0
OZON;D;20240806;000000;3629.5;3670;3569.5;3639.5;528670;0
OZON;D;20240807;000000;3636;3723;3570;3694.5;775441;0
OZON;D;20240808;000000;3723;3725;3620;3639;533046;0
OZON;D;20240809;000000;3630;3685;3610;3663.5;293599;0
OZON;D;20240812;000000;3650;3668;3608.5;3655;318492;0
OZON;D;20240813;000000;3664.5;3697;3650;3666;264473;0
OZON;D;20240814;000000;3666;3686.5;3606;3615;235514;0
OZON;D;20240815;000000;3601;3620;3505;3519.5;578308;0
OZON;D;20240816;000000;3525;3539;3423;3445;542202;0
OZON;D;20240819;000000;3466;3470;3346;3399.5;1090182;0
OZON;D;20240820;000000;3399;3438;3337;3350;611070;0
OZON;D;20240821;000000;3350;3429;3261.5;3428;919048;0
OZON;D;20240822;000000;3423;3488.5;3292;3332;920954;0
OZON;D;20240823;000000;3330;3370;3221;3300;869367;0
OZON;D;20240826;000000;3393.5;3450;3326.5;3382.5;610876;0
OZON;D;20240827;000000;3388;3396;3270;3304.5;389135;0
OZON;D;20240828;000000;3299;3299;3150;3183;719746;0
OZON;D;20240829;000000;3193.5;3215;3102;3178;767715;0
OZON;D;20240830;000000;3180;3195.5;3010;3011;703212;0
OZON;D;20240902;000000;2977;2981;2825;2854.5;1408683;0
OZON;D;20240903;000000;2880;2962;2830;2918;1205395;0
OZON;D;20240904;000000;2926.5;3139;2880;3116.5;918207;0
OZON;D;20240905;000000;3149;3257;3070;3117;1263445;0
OZON;D;20240906;000000;3090;3170.5;3013.5;3150;1010144;0
OZON;D;20240909;000000;3192;3370;3163;3367;918895;0
OZON;D;20240910;000000;3359;3379;3225;3251;1091975;0
OZON;D;20240911;000000;3256;3278;3135.5;3157.5;876908;0
OZON;D;20240912;000000;3145;3158;3039;3120;1003486;0
OZON;D;20240913;000000;3111;3291.5;2960;3290;2283833;0
OZON;D;20240916;000000;3305;3374;3262;3342.5;994279;0
OZON;D;20240917;000000;3353;3425;3263;3405.5;950990;0
OZON;D;20240918;000000;3408;3431;3272.5;3290;1030695;0
OZON;D;20240919;000000;3295;3355;3245;3320;802301;0
OZON;D;20240920;000000;3325;3379;3315;3361;560455;0
OZON;D;20240923;000000;3372.5;3485;3361;3479;767767;0
OZON;D;20240924;000000;3498;3513;3408;3448.5;593739;0
OZON;D;20240925;000000;3448.5;3451;3330;3341;620783;0
OZON;D;20240926;000000;3335;3335;3230.5;3259.5;732584;0
OZON;D;20240927;000000;3275.5;3391.5;3252;3380;546687;0
OZON;D;20240930;000000;3389;3409;3282;3298;616488;0
OZON;D;20241001;000000;3291;3312.5;3223;3281;605507;0
OZON;D;20241002;000000;3303;3325;3163.5;3182;620632;0
OZON;D;20241003;000000;3180;3220;3105;3196;881647;0
OZON;D;20241004;000000;3185.5;3235;3172;3201.5;408412;0
OZON;D;20241007;000000;3203;3215;3145;3180;391338;0
OZON;D;20241008;000000;3174;3174;3108;3118;519465;0
OZON;D;20241009;000000;3110;3119.5;3015;3056.5;736693;0
OZON;D;20241010;000000;3056.5;3073.5;3015;3037.5;302570;0
OZON;D;20241011;000000;3039;3049;3002.5;3020;383130;0
OZON;D;20241014;000000;3000;3118.5;2981;3092.5;675990;0
OZON;D;20241015;000000;3080;3158.5;3067.5;3138;606828;0
OZON;D;20241016;000000;3144;3178.5;3079;3080.5;560678;0
OZON;D;20241017;000000;3075;3088;3034;3054;493986;0
OZON;D;20241018;000000;3046;3085;3044;3076;305607;0
OZON;D;20241021;000000;3080;3093;3025;3031;323362;0
OZON;D;20241022;000000;3019.5;3040;3007;3029.5;315024;0
OZON;D;20241023;000000;3029;3045;2979;2980.5;508918;0
OZON;D;20241024;000000;2979;3034;2955;3015;484732;0
OZON;D;20241025;000000;3014;3042;2871.5;2873;1262287;0
OZON;D;20241028;000000;2808;2845;2720;2747.5;840189;0
OZON;D;20241029;000000;2756;2783.5;2677.5;2760.5;832877;0
OZON;D;20241030;000000;2772.5;2789;2682;2686;590995;0
OZON;D;20241031;000000;2671;2679;2611.5;2659.5;693879;0
OZON;D;20241101;000000;2658;2700;2628.5;2675.5;517496;0
OZON;D;20241102;000000;2676.5;2689.5;2645;2668.5;173962;0
OZON;D;20241105;000000;2690;2730;2683;2729;371121;0
OZON;D;20241106;000000;2807;2957;2804.5;2892;3158587;0
OZON;D;20241107;000000;2890;3052;2864.5;3048.5;1927456;0
OZON;D;20241108;000000;3049.5;3295;3000.5;3288;2878322;0
OZON;D;20241111;000000;3306;3354.5;3184;3244.5;2628693;0
OZON;D;20241112;000000;3220;3244;3178;3206;1030141;0
OZON;D;20241113;000000;3190;3365.5;3175;3268.5;2405624;0
OZON;D;20241114;000000;3260;3328;3246;3307.5;1434777;0
OZON;D;20241115;000000;3312;3468.5;3292.5;3458.5;1663395;0
OZON;D;20241118;000000;3310;3426.5;3283;3342;2018947;0
OZON;D;20241119;000000;3353;3367;3211;3242.5;1928248;0
OZON;D;20241120;000000;3250;3278;3105.5;3147;1801173;0
OZON;D;20241121;000000;3139;3157;2951.5;3107.5;2790742;0
OZON;D;20241122;000000;3115;3124.5;3055;3077.5;1160422;0
OZON;D;20241125;000000;3063.5;3072.5;2713.5;2801.5;3336918;0
OZON;D;20241126;000000;2790;2793.5;2612;2739;2877904;0
OZON;D;20241127;000000;2740;2995;2647;2968.5;4901962;0
OZON;D;20241128;000000;2970;3048;2865;2953;2417375;0
OZON;D;20241129;000000;2920;3004;2892;2934;1037268;0
OZON;D;20241202;000000;2935;2993.5;2843.5;2871.5;1029515;0
OZON;D;20241203;000000;2869;2874.5;2713;2730.5;1706529;0
OZON;D;20241204;000000;2730;2786.5;2626;2674.5;1585656;0
OZON;D;20241205;000000;2676;2845;2657.5;2815;2338987;0
OZON;D;20241206;000000;2819;2886.5;2780;2878;1517382;0
OZON;D;20241209;000000;2917;2924.5;2854;2872.5;1085111;0
OZON;D;20241210;000000;2856;2859.5;2773.5;2775.5;1075193;0
OZON;D;20241211;000000;2755.5;2840;2744;2819;978424;0
OZON;D;20241212;000000;2786;2792;2659;2662;2354446;0
OZON;D;20241213;000000;2647.5;2685;2642.5;2668;810661;0
OZON;D;20241216;000000;2663;2664.5;2531;2546;1810145;0
OZON;D;20241217;000000;2550;2595;2526.5;2574;1031330;0
OZON;D;20241218;000000;2570;2626.5;2543;2590;782862;0
OZON;D;20241219;000000;2599.5;2599.5;2453.5;2494;1688136;0
OZON;D;20241220;000000;2489;2843.5;2458;2830;2712291;0
OZON;D;20241223;000000;2865;3101;2865;2988;2537885;0
OZON;D;20241224;000000;2991;2993;2908;2935;883195;0
OZON;D;20241225;000000;2910;3030;2842;3002;1374967;0
OZON;D;20241226;000000;3006;3168;2992;3100;1824771;0
OZON;D;20241227;000000;3127.5;3147.5;2955.5;3070;1939714;0
OZON;D;20241228;000000;3089;3125.5;3053;3124.5;599732;0
OZON;D;20241230;000000;3135;3375;3133.5;3301;995780;0
OZON;D;20250103;000000;3295;3295;3135;3193.5;454356;0
OZON;D;20250106;000000;3162.5;3170;3103.5;3169;220910;0
OZON;D;20250108;000000;3132.5;3193.5;3129;3152.5;220314;0
OZON;D;20250109;000000;3168;3177;3028;3069.5;443229;0
OZON;D;20250110;000000;3061.5;3216;3061.5;3192;421492;0
OZON;D;20250113;000000;3246;3340;3128;3160;687988;0
OZON;D;20250114;000000;3138;3214;3095.5;3170;314749;0
OZON;D;20250115;000000;3153;3240;3080.5;3190;459818;0
OZON;D;20250116;000000;3200;3290;3192;3273;487549;0
OZON;D;20250117;000000;3273;3593.5;3246;3485;1021756;0
OZON;D;20250120;000000;3511;3570.5;3340;3357;809994;0
OZON;D;20250121;000000;3396;3480;3328;3468;383218;0
OZON;D;20250122;000000;3480;3577;3412;3422;632340;0
OZON;D;20250123;000000;3415.5;3568;3401.5;3563.5;339183;0
OZON;D;20250124;000000;3548;3600;3416;3511.5;724215;0
OZON;D;20250127;000000;3511;3511;3395;3429;251577;0
OZON;D;20250128;000000;3429;3526;3347;3510.5;356790;0
OZON;D;20250129;000000;3497;3582;3462;3492;382757;0
OZON;D;20250130;000000;3500;3639;3490.5;3619.5;668687;0
OZON;D;20250131;000000;3636;3659;3498.5;3514;701350;0
OZON;D;20250203;000000;3498.5;3540;3430;3529;267883;0
OZON;D;20250204;000000;3530.5;3567.5;3413;3448;280128;0
OZON;D;20250205;000000;3454;3624.5;3433;3585;406273;0
OZON;D;20250206;000000;3585;3635;3528;3584;314094;0
OZON;D;20250207;000000;3595;3658;3530;3560.5;405960;0
OZON;D;20250210;000000;3600;3696.5;3580.5;3615;490396;0
OZON;D;20250211;000000;3642;3732.5;3605;3717.5;439783;0
OZON;D;20250212;000000;3746;4048;3720.5;4002;1575576;0
OZON;D;20250213;000000;4050;4063.5;3880.5;3914.5;485194;0
OZON;D;20250214;000000;3970;4029.5;3777;3864.5;533662;0
OZON;D;20250217;000000;3966.5;4110;3948;4102;615390;0
OZON;D;20250218;000000;4063;4070;3846;3915;556132;0
OZON;D;20250219;000000;3958;4073;3854.5;4032.5;397806;0
OZON;D;20250220;000000;4048;4053;3940.5;3989.5;453531;0
OZON;D;20250221;000000;4019;4088;3977;4081;503826;0
OZON;D;20250224;000000;4100;4180;4096.5;4110;643634;0
OZON;D;20250225;000000;4140;4210;4133.5;4191.5;450429;0
OZON;D;20250226;000000;4200;4254;4032;4094;906545;0
OZON;D;20250227;000000;4090;4147;3929.5;3962.5;1079164;0
OZON;D;20250228;000000;3976;4050;3700;3949.5;1281481;0
OZON;D;20250303;000000;3871.5;3934.5;3825;3915.5;345376;0
OZON;D;20250304;000000;3939;4107;3939;4065;446335;0
OZON;D;20250305;000000;4029;4095;4003;4030;285516;0
OZON;D;20250306;000000;4033;4060;3975;4019;185263;0
OZON;D;20250307;000000;4047.5;4085;3970.5;4011;214511;0
OZON;D;20250310;000000;4015;4038.5;3944;3964.5;135730;0
OZON;D;20250311;000000;3949;4067.5;3925.5;4024.5;246226;0
OZON;D;20250312;000000;4019.5;4033;3963;3988.5;115558;0
OZON;D;20250313;000000;3950;4024.5;3825;3950;424034;0
OZON;D;20250314;000000;3930;3989;3894;3928;173273;0
OZON;D;20250317;000000;4000;4040.5;3968;4026;183211;0
OZON;D;20250318;000000;4033.5;4043.5;3970;3975.5;192937;0
OZON;D;20250319;000000;3980;4025;3907;3995;162039;0
OZON;D;20250320;000000;3998;4024;3956.5;3994;94672;0
OZON;D;20250321;000000;3989.5;4015.5;3954;3968;77121;0
OZON;D;20250324;000000;3956;3969.5;3885;3898;111072;0
OZON;D;20250325;000000;3941;3950;3850;3920;125572;0
OZON;D;20250326;000000;3918;3935;3870;3875;84875;0
OZON;D;20250327;000000;3860;3868;3750;3762;231314;0
OZON;D;20250328;000000;3760.5;3794.5;3536;3538.5;387074;0
OZON;D;20250331;000000;3584.5;3779;3569.5;3773.5;346924;0
OZON;D;20250401;000000;3802;3894.5;3629;3651;562416;0
OZON;D;20250402;000000;3672;3780;3660.5;3716.5;268586;0
OZON;D;20250403;000000;3720;3768;3600;3721;186468;0
OZON;D;20250404;000000;3721;3760;3470;3486.5;334613;0
OZON;D;20250407;000000;3350;3526.5;3316;3470;412075;0
OZON;D;20250408;000000;3508.5;3568.5;3333;3387.5;294785;0
OZON;D;20250409;000000;3387.5;3599;3206;3579;490615;0
OZON;D;20250410;000000;3599;3599;3418.5;3485;203049;0
OZON;D;20250411;000000;3571;3576;3505;3542.5;155317;0
OZON;D;20250414;000000;3545.5;3576.5;3460;3474;111207;0
OZON;D;20250415;000000;3492.5;3545.5;3472.5;3524.5;87956;0
OZON;D;20250416;000000;3460;3643.5;3460;3582.5;178186;0
OZON;D;20250417;000000;3609;3646;3582.5;3631;127216;0
OZON;D;20250418;000000;3614;3614.5;3466;3549;144845;0
OZON;D;20250421;000000;3563.5;3650;3563.5;3635.5;124216;0
OZON;D;20250422;000000;3666.5;3725.5;3610;3656.5;132323;0
OZON;D;20250423;000000;3621;3690;3542;3673.5;190914;0
OZON;D;20250424;000000;3681.5;3794;3681;3718.5;162384;0
OZON;D;20250425;000000;3740.5;3809;3720.5;3757;194339;0
OZON;D;20250428;000000;3757;3809;3707;3770;156628;0
OZON;D;20250429;000000;3817.5;3836;3740;3774.5;233040;0
OZON;D;20250430;000000;3750;3893;3701;3749.5;166748;0
OZON;D;20250502;000000;3717;3717;3540;3540;150867;0
OZON;D;20250505;000000;3566.5;3587.5;3468;3558.5;142575;0
OZON;D;20250506;000000;3536;3700;3536;3643;154248;0
OZON;D;20250507;000000;3649;3678.5;3604;3614.5;79470;0
OZON;D;20250508;000000;3644;3669.5;3607;3628;27000;0
OZON;D;20250512;000000;3757;3763.5;3576;3614;163698;0
OZON;D;20250513;000000;3630.5;3644.5;3585;3600;69506;0
OZON;D;20250514;000000;3600;3619.5;3520;3527.5;76906;0
OZON;D;20250515;000000;3547.5;3563;3502;3554.5;88747;0
OZON;D;20250516;000000;3549.5;3602;3456;3551.5;195569;0
OZON;D;20250519;000000;3580;3596.5;3512.5;3532;114976;0
OZON;D;20250520;000000;3542;3556;3484;3523;76782;0
OZON;D;20250521;000000;3505.5;3542.5;3492.5;3517.5;64334;0
OZON;D;20250522;000000;3497;3572.5;3465.5;3516;103030;0
OZON;D;20250523;000000;3542;3563;3495.5;3529;54327;0
OZON;D;20250526;000000;3490;3497.5;3331;3443;125689;0
OZON;D;20250527;000000;3462.5;3577.5;3456.5;3553.5;129329;0
OZON;D;20250528;000000;3578.5;3709.5;3571;3698;168972;0
OZON;D;20250529;000000;3687.5;3784.5;3668.5;3677;198438;0
OZON;D;20250530;000000;3700;3750;3622.5;3696;101418;0
OZON;D;20250602;000000;3660;3792.5;3645;3738;149891;0
OZON;D;20250603;000000;3769;3843.5;3757.5;3843;124512;0
OZON;D;20250604;000000;3849;3960;3790;3867;239319;0
OZON;D;20250605;000000;3900;4050;3887.5;4000;317970;0
OZON;D;20250606;000000;4005;4095;3849.5;3854.5;402674;0
OZON;D;20250609;000000;3829;3874;3730;3763.5;126087;0
OZON;D;20250610;000000;3766.5;3799.5;3673.5;3700;112325;0
OZON;D;20250611;000000;3714;3740;3666.5;3671;85775;0
OZON;D;20250613;000000;3680;3698;3654.5;3656;29338;0
OZON;D;20250616;000000;3673;3790;3659;3752;140691;0
OZON;D;20250617;000000;3752.5;3821.5;3747;3782.5;73898;0
OZON;D;20250618;000000;3802;3812.5;3762;3775.5;47273;0
OZON;D;20250619;000000;3780.5;3785.5;3719.5;3745.5;46037;0
OZON;D;20250620;000000;3746;3769;3723.5;3726.5;53110;0
OZON;D;20250623;000000;3720;3765.5;3675;3714;81521;0
OZON;D;20250624;000000;3710.5;3773;3654.5;3765;94688;0
OZON;D;20250625;000000;3760;3938.5;3758;3914.5;306427;0
OZON;D;20250626;000000;3913;3922;3878;3889.5;80105;0
OZON;D;20250627;000000;3885.5;3909;3870.5;3900.5;65092;0
OZON;D;20250630;000000;3900.5;3981;3892.5;3967;110122;0
OZON;D;20250701;000000;3972;3995;3941;3944;113237;0
OZON;D;20250702;000000;3944;3985;3876;3970.5;81396;0
OZON;D;20250703;000000;3991;4062.5;3955.5;3963;153564;0
OZON;D;20250704;000000;3941;3978.5;3911.5;3933;60789;0
OZON;D;20250707;000000;3895.5;3928;3886;3893;44058;0
OZON;D;20250708;000000;3884;3968;3863;3883.5;115466;0
OZON;D;20250709;000000;3906;3923.5;3804;3861;143514;0
OZON;D;20250710;000000;3869;3998;3827;3898.5;129872;0
OZON;D;20250711;000000;3870.5;3900;3777.5;3801;165996;0
OZON;D;20250714;000000;3779;3970;3749.5;3956;194636;0
OZON;D;20250715;000000;3973;4100;3965;4062.5;229283;0
OZON;D;20250716;000000;4062.5;4150;4062;4133;151705;0
OZON;D;20250717;000000;4133;4169.5;4062.5;4090;87053;0
OZON;D;20250718;000000;4091;4205;4091;4198.5;138875;0
OZON;D;20250721;000000;4190.5;4300;4172.5;4254.5;219133;0
OZON;D;20250722;000000;4246;4248.5;4182;4226;72737;0
OZON;D;20250723;000000;4227;4327.5;4227;4279.5;157508;0
OZON;D;20250724;000000;4280;4313;4188.5;4228;115361;0
OZON;D;20250725;000000;4235.5;4380;4191.5;4253.5;320911;0
OZON;D;20250728;000000;4239;4346;4221.5;4270;278037;0
OZON;D;20250729;000000;4276.5;4331;4243.5;4261;174511;0
OZON;D;20250730;000000;4262.5;4328.5;4011;4060;722379;0
OZON;D;20250731;000000;4060;4187.5;4052;4178;264513;0
OZON;D;20250801;000000;4176.5;4206.5;4156;4184.5;101985;0
OZON;D;20250804;000000;4175.5;4195.5;4135;4179;85563;0
OZON;D;20250805;000000;4190;4230;4135;4216.5;159807;0
OZON;D;20250806;000000;4210;4350;4210;4275.5;166877;0
OZON;D;20250807;000000;4360;4479;4280;4361.5;661761;0
OZON;D;20250808;000000;4369;4464;4340.5;4448;205291;0
OZON;D;20250811;000000;4473;4499;4369.5;4424;143786;0
OZON;D;20250812;000000;4417;4419.5;4347.5;4369.5;103022;0
OZON;D;20250813;000000;4389;4389;4310.5;4321;96384;0
OZON;D;20250814;000000;4322;4448.5;4285.5;4423;146190;0
OZON;D;20250815;000000;4423;4500;4393;4455;136298;0
OZON;D;20250818;000000;4393;4449;4377;4448;105836;0
OZON;D;20250819;000000;4450.5;4575;4448;4476.5;205515;0
OZON;D;20250820;000000;4478;4490.5;4430;4443;81179;0
OZON;D;20250821;000000;4430;4452.5;4362.5;4379;88628;0
OZON;D;20250822;000000;4385.5;4420;4361;4396;87198;0
OZON;D;20250825;000000;4386;4458.5;4366;4417.5;104081;0
OZON;D;20250826;000000;4444;4454.5;4397;4430;37242;0
OZON;D;20250827;000000;4419;4442.5;4415;4430;20314;0
OZON;D;20250828;000000;4431;4454;4350;4386;70916;0
OZON;D;20250829;000000;4386.5;4410;4371.5;4392.5;31669;0
OZON;D;20250901;000000;4396;4410;4286.5;4318;119719;0
OZON;D;20250902;000000;4314;4360;4288;4324.5;93318;0
OZON;D;20250903;000000;4323;4355;4301;4350.5;43644;0
OZON;D;20250904;000000;4365;4396.5;4275;4323;122888;0
OZON;D;20250905;000000;4323;4338;4252.5;4315.5;87490;0
OZON;D;20250908;000000;4315.5;4352;4314.5;4350.5;46722;0
OZON;D;20250909;000000;4355;4406;4331.5;4345;76636;0
OZON;D;20250910;000000;4328;4479.5;4311;4333.5;88050;0
OZON;D;20250911;000000;4350;4408;4310;4378.5;70135;0
OZON;D;20250912;000000;4378;4407;4217;4276.5;138606;0
OZON;D;20250915;000000;4276.5;4300;4129.5;4198;73416;0
OZON;D;20250916;000000;4222.5;4229.5;4055;4127.5;321579;0
OZON;D;20250917;000000;4100;4133;3982;4075.5;234755;0
OZON;D;20250918;000000;4050;4132;4018.5;4081.5;100927;0
OZON;D;20250919;000000;4081;4150;4081;4112;206468;0
OZON;D;20250922;000000;4092;4400;4068;4135;286798;0
OZON;D;20250923;000000;0;0;0;0;0;0
OZON;D;20250924;000000;0;0;0;0;0;0
OZON;D;20250925;000000;0;0;0;0;0;0
OZON;D;20250926;000000;0;0;0;0;0;0
OZON;D;20250929;000000;0;0;0;0;0;0
OZON;D;20250930;000000;0;0;0;0;0;0
OZON;D;20251001;000000;0;0;0;0;0;0
OZON;D;20251002;000000;0;0;0;0;0;0
OZON;D;20251003;000000;0;0;0;0;0;0
OZON;D;20251006;000000;0;0;0;0;0;0
OZON;D;20251007;000000;0;0;0;0;0;0
OZON;D;20251008;000000;0;0;0;0;0;0
OZON;D;20251009;000000;0;0;0;0;0;0
OZON;D;20251010;000000;0;0;0;0;0;0
OZON;D;20251013;000000;0;0;0;0;0;0
OZON;D;20251014;000000;0;0;0;0;0;0
OZON;D;20251015;000000;0;0;0;0;0;0
OZON;D;20251016;000000;0;0;0;0;0;0
OZON;D;20251017;000000;0;0;0;0;0;0
OZON;D;20251020;000000;0;0;0;0;0;0
OZON;D;20251021;000000;0;0;0;0;0;0
OZON;D;20251022;000000;0;0;0;0;0;0
OZON;D;20251023;000000;0;0;0;0;0;0
OZON;D;20251024;000000;0;0;0;0;0;0
OZON;D;20251027;000000;0;0;0;0;0;0
OZON;D;20251028;000000;0;0;0;0;0;0
OZON;D;20251029;000000;0;0;0;0;0;0
OZON;D;20251030;000000;0;0;0;0;0;0
OZON;D;20251031;000000;0;0;0;0;0;0
OZON;D;20251101;000000;0;0;0;0;0;0
OZON;D;20251103;000000;0;0;0;0;0;0
OZON;D;20251105;000000;0;0;0;0;0;0
OZON;D;20251106;000000;0;0;0;0;0;0
OZON;D;20251107;000000;0;0;0;0;0;0
OZON;D;20251110;000000;0;0;0;0;0;0
OZON;D;20251111;000000;3899.5;4120;3810;4018.5;4541211;0
OZON;D;20251112;000000;4030;4047;3923.5;3964;812436;0
OZON;D;20251113;000000;3973;4051.5;3963;3986.5;705977;0
OZON;D;20251114;000000;3985;3995;3885.5;3914;449523;0
OZON;D;20251117;000000;3916.5;3940;3785;3785.5;546140;0
OZON;D;20251118;000000;3780;3873;3751;3791;877519;0
OZON;D;20251119;000000;3795;3929.5;3795;3859;531932;0
OZON;D;20251120;000000;3865;3900;3805;3879.5;495989;0
OZON;D;20251121;000000;3897;3900;3805.5;3867;506636;0
OZON;D;20251124;000000;3871;3896.5;3662.5;3709;1163024;0
OZON;D;20251125;000000;3710;3751;3674.5;3702.5;663719;0
OZON;D;20251126;000000;3700;3724.5;3683.5;3689;339206;0
OZON;D;20251127;000000;3708.5;3730.5;3670.5;3697;393397;0
OZON;D;20251128;000000;3697;3709.5;3678.5;3693.5;325596;0
OZON;D;20251201;000000;3695;3769.5;3691;3742;478493;0
OZON;D;20251202;000000;3750;3815;3741.5;3808;425750;0
OZON;D;20251203;000000;3765;3855;3751;3836;355565;0
OZON;D;20251204;000000;3842;3997;3837;3985.5;985040;0
OZON;D;20251205;000000;3985.5;4048;3964;4031.5;606150;0
OZON;D;20251208;000000;4038;4118;3955.5;3996.5;956541;0
OZON;D;20251209;000000;3990;4090;3980;4078;529069;0
OZON;D;20251210;000000;4082.5;4122;4053.5;4105.5;614662;0
OZON;D;20251211;000000;4112;4134.5;4075;4096;445009;0
OZON;D;20251212;000000;4101.5;4109.5;4050.5;4061.5;340524;0
OZON;D;20251215;000000;4062;4133;4062;4109;323017;0
OZON;D;20251216;000000;4109;4138;4104;4133;303734;0
OZON;D;20251217;000000;4133.5;4160;4068;4130;383308;0
OZON;D;20251218;000000;4131.5;4237.5;4116;4222;1016299;0
OZON;D;20251219;000000;4222;4269;4144.5;4192.5;732105;0
OZON;D;20251222;000000;4067;4194.5;4053;4110;718614;0
OZON;D;20251223;000000;4103;4250;4089;4178.5;547460;0
OZON;D;20251224;000000;4189.5;4240;4146.5;4206;349729;0
OZON;D;20251225;000000;4215;4347;4195;4338;876333;0
OZON;D;20251226;000000;4335;4480;4330.5;4480;730743;0
OZON;D;20251229;000000;4479.5;4611;4451;4510;1183759;0
OZON;D;20251230;000000;4520;4535;4488;4519;315639;0
OZON;D;20260105;000000;4517;4517;4414.5;4442;207670;0
OZON;D;20260106;000000;4445;4470;4380.5;4384.5;152895;0
OZON;D;20260108;000000;4370;4370;4265;4296;289219;0
OZON;D;20260109;000000;4297.5;4385;4291;4382;177882;0
OZON;D;20260112;000000;4382;4513.5;4357.5;4504.5;485414;0
OZON;D;20260113;000000;4505.5;4549;4395;4428;386516;0
OZON;D;20260114;000000;4428;4450;4352.5;4383;501690;0
OZON;D;20260115;000000;4383;4430;4366.5;4421.5;322151;0
OZON;D;20260116;000000;4427;4462;4415;4434.5;416980;0
OZON;D;20260119;000000;4434.5;4520;4432.5;4481;400296;0
OZON;D;20260120;000000;4488;4515;4426;4441;310334;0
OZON;D;20260121;000000;4444;4532.5;4412;4523;405292;0
OZON;D;20260122;000000;4530;4555;4485.5;4512;445985;0
OZON;D;20260123;000000;4508.5;4580;4501.5;4560.5;282510;0
OZON;D;20260126;000000;4562;4636;4515.5;4611.5;526543;0
OZON;D;20260127;000000;4611.5;4752.5;4592.5;4713;626624;0
OZON;D;20260128;000000;4713.5;4770;4700;4706;469329;0
OZON;D;20260129;000000;4706;4768;4700;4731;464419;0
OZON;D;20260130;000000;4731.5;4826;4617.5;4652;979642;0
OZON;D;20260202;000000;4655;4713;4561;4614;721148;0
OZON;D;20260203;000000;4616;4685;4574.5;4644;360648;0
OZON;D;20260204;000000;4650;4709;4620.5;4638;384469;0
OZON;D;20260205;000000;4635;4643;4480;4524;551709;0
OZON;D;20260206;000000;4535;4596.5;4470;4525;339711;0
OZON;D;20260209;000000;4521;4541;4435;4463.5;313702;0
OZON;D;20260210;000000;4463.5;4497.5;4399;4410;229542;0
OZON;D;20260211;000000;4410;4638;4409.5;4596;581593;0
OZON;D;20260212;000000;4600;4659;4574;4628;451239;0
OZON;D;20260213;000000;4625;4729.5;4600;4716;476462;0
OZON;D;20260216;000000;4711.5;4765;4703;4735;319782;0
OZON;D;20260217;000000;4735;4814;4648.5;4685;610663;0
OZON;D;20260218;000000;4685.5;4729;4626.5;4716.5;300545;0
OZON;D;20260219;000000;4729;4828;4710;4818;692500;0
OZON;D;20260220;000000;4814.5;4842;4765;4797.5;399416;0
OZON;D;20260224;000000;4802.5;4877;4755;4783.5;527649;0
OZON;D;20260225;000000;4790;4808.5;4740;4767;296195;0
OZON;D;20260226;000000;4771;4815;4760;4781;405574;0
OZON;D;20260227;000000;4787;4799;4692;4735.5;402519;0
OZON;D;20260302;000000;4744.5;4744.5;4605;4627.5;565450;0
OZON;D;20260303;000000;4611;4684.5;4532;4570;428849;0
OZON;D;20260304;000000;4570;4659.5;4558.5;4621;310561;0
OZON;D;20260305;000000;4638;4667;4560;4580;286886;0
OZON;D;20260306;000000;4582;4622;4494;4521.5;497380;0
OZON;D;20260309;000000;4522;4620;4470;4602;291995;0
OZON;D;20260310;000000;4595;4657;4551.5;4593;356509;0
OZON;D;20260311;000000;4593;4619.5;4512.5;4532;206138;0
OZON;D;20260312;000000;4529;4554;4512;4538.5;149982;0
OZON;D;20260313;000000;4542;4615;4538.5;4593.5;269195;0
OZON;D;20260316;000000;4594;4622;4534;4548;274080;0
OZON;D;20260317;000000;4557.5;4594.5;4518;4547;167480;0
OZON;D;20260318;000000;4547;4648;4531.5;4573.5;502981;0
OZON;D;20260319;000000;4579;4615;4462;4503;541257;0
OZON;D;20260320;000000;4508;4558;4478;4507.5;285633;0
OZON;D;20260323;000000;4500.5;4508;4322;4361;598415;0
OZON;D;20260324;000000;4372.5;4467;4365;4464;315544;0
OZON;D;20260325;000000;4464;4537;4424.5;4517;420772;0
OZON;D;20260326;000000;4525;4530;4403.5;4434;281313;0
OZON;D;20260327;000000;4438;4453.5;4343.5;4371;234889;0
OZON;D;20260330;000000;4370;4500.5;4313.5;4464.5;416182;0
OZON;D;20260331;000000;4470;4487.5;4363.5;4404;360239;0
OZON;D;20260401;000000;4404;4484.5;4403;4454;242969;0
OZON;D;20260402;000000;4450;4450;4373.5;4396;338921;0
OZON;D;20260403;000000;4398.5;4430;4320;4339.5;254055;0
OZON;D;20260406;000000;4339;4389.5;4288.5;4379;346043;0
OZON;D;20260407;000000;4379;4417.5;4322;4341;282565;0
OZON;D;20260408;000000;4365;4464.5;4358;4399;389090;0
OZON;D;20260409;000000;4398;4425;4291;4332.5;317180;0
OZON;D;20260410;000000;4334.5;4350;4295.5;4317;264810;0
OZON;D;20260413;000000;4318.5;4330.5;4210;4222.5;416641;0
OZON;D;20260414;000000;4223.5;4254.5;4168;4179;374621;0
OZON;D;20260415;000000;4186;4312.5;4167;4309;433024;0
OZON;D;20260416;000000;4302;4448;4295.5;4360.5;671431;0
OZON;D;20260417;000000;4385.5;4400;4350;4364.5;337935;0
OZON;D;20260420;000000;4367.5;4438.5;4324;4427;308911;0
OZON;D;20260421;000000;4430;4450;4382.5;4413;351449;0
OZON;D;20260422;000000;4425;4490;4414;4489.5;271884;0
OZON;D;20260423;000000;4500;4500;4430.5;4456.5;271906;0
OZON;D;20260424;000000;4470;4474;4310;4348;386742;0
OZON;D;20260427;000000;4348.5;4399;4320.5;4334;249296;0
OZON;D;20260428;000000;4339;4399;4150;4182.5;818873;0
OZON;D;20260429;000000;4182.5;4233;4097;4170;485993;0
OZON;D;20260430;000000;4181;4196.5;4107.5;4150;301839;0
OZON;D;20260504;000000;4151.5;4203.5;4054;4090.5;375611;0
OZON;D;20260505;000000;4097;4158;4019.5;4145.5;283637;0
OZON;D;20260506;000000;4151;4222;4108;4189.5;320610;0
OZON;D;20260507;000000;4189.5;4213;4151.5;4164.5;135525;0
OZON;D;20260508;000000;4160.5;4193;4131;4187.5;165699;0
OZON;D;20260511;000000;4183.5;4305;4175.5;4290;174273;0
OZON;D;20260512;000000;4290;4342.5;4280;4337.5;241430;0
OZON;D;20260513;000000;4337.5;4363;4248;4283;285395;0
OZON;D;20260514;000000;4280;4295;4186;4192;250841;0
OZON;D;20260515;000000;4193;4248;4100;4117.5;255872;0
OZON;D;20260518;000000;4118.5;4196;4100;4183;284638;0
OZON;D;20260519;000000;4185.5;4236.5;4126;4207.5;238928;0
OZON;D;20260520;000000;4207.5;4226;4132;4133.5;191841;0
OZON;D;20260521;000000;4135;4230;4100;4197;298232;0
OZON;D;20260522;000000;4200;4262;4131;4164.5;391337;0
