<TICKER>;<PER>;<DATE>;<TIME>;<OPEN>;<HIGH>;<LOW>;<CLOSE>;<VOL>;<OPENINT>
Полиметалл;D;20070301;000000;213.5;255.3;203.5;255;6091;0
Полиметалл;D;20070302;000000;275;380;230.2;237.7;19591;0
Полиметалл;D;20070305;000000;253;253;184.99;198.44;23733;0
Полиметалл;D;20070306;000000;205.99;213.48;183;198.98;43202;0
Полиметалл;D;20070307;000000;203;207;190;193;26190;0
Полиметалл;D;20070309;000000;199.49;203;197;200.38;16479;0
Полиметалл;D;20070312;000000;200.38;204.9;197.02;200.26;8263;0
Полиметалл;D;20070313;000000;200;200;191.07;196.5;4599;0
Полиметалл;D;20070314;000000;190;195;181;191.5;5068;0
Полиметалл;D;20070315;000000;195.88;201.5;193.01;194;6293;0
Полиметалл;D;20070316;000000;194.99;201;194.98;197.8;3692;0
Полиметалл;D;20070319;000000;200;200;197;198;11993;0
Полиметалл;D;20070320;000000;199.99;200.1;195.85;197.2;5107;0
Полиметалл;D;20070321;000000;198.2;199;195.23;197.88;5616;0
Полиметалл;D;20070322;000000;198.03;203.98;198.03;202.4;6872;0
Полиметалл;D;20070323;000000;202.05;212;200;212;13220;0
Полиметалл;D;20070326;000000;214;214;208.78;213;6868;0
Полиметалл;D;20070327;000000;214;217;204.3;213.1;3650;0
Полиметалл;D;20070328;000000;216;216;211;213;7666;0
Полиметалл;D;20070329;000000;214.97;215.4;211.11;215;10135;0
Полиметалл;D;20070330;000000;215.2;216.25;212.9;213.05;8774;0
Полиметалл;D;20070402;000000;215.5;217;213.1;214.99;8182;0
Полиметалл;D;20070403;000000;214;215;212.55;212.55;3313;0
Полиметалл;D;20070404;000000;213;214.8;211;211.9;23266;0
Полиметалл;D;20070405;000000;213.77;213.77;211.03;211.51;2466;0
Полиметалл;D;20070406;000000;213.7;213.7;211.6;212.07;3911;0
Полиметалл;D;20070409;000000;211.51;212.9;210.81;210.9;18773;0
Полиметалл;D;20070410;000000;211.68;211.68;207;209.5;16825;0
Полиметалл;D;20070411;000000;210.87;210.95;208.2;210.4;8520;0
Полиметалл;D;20070412;000000;209.08;211.96;209.08;210.89;3553;0
Полиметалл;D;20070413;000000;208;210;207.4;209.98;8246;0
Полиметалл;D;20070416;000000;208.5;209;208;208.5;4432;0
Полиметалл;D;20070417;000000;208.01;210.18;206;210.07;23458;0
Полиметалл;D;20070418;000000;210;210.59;208.1;210;3129;0
Полиметалл;D;20070419;000000;207.07;207.07;202.61;206;10654;0
Полиметалл;D;20070420;000000;206;207;200.45;200.45;26757;0
Полиметалл;D;20070423;000000;203;203;198.1;199.9;10320;0
Полиметалл;D;20070424;000000;200;200;196;197.45;6702;0
Полиметалл;D;20070425;000000;197.45;199.75;193.94;195;13329;0
Полиметалл;D;20070426;000000;195;199.98;194.03;194.05;9846;0
Полиметалл;D;20070427;000000;194.07;195.5;192.03;192.99;2973;0
Полиметалл;D;20070428;000000;195.97;199.9;193;199.9;2679;0
Полиметалл;D;20070502;000000;195.5;196.5;193.8;193.86;6263;0
Полиметалл;D;20070503;000000;194;195;192;193.95;11057;0
Полиметалл;D;20070504;000000;192.1;194.5;191.03;193.9;3676;0
Полиметалл;D;20070507;000000;194.8;196.92;194.4;195.02;2845;0
Полиметалл;D;20070508;000000;193.14;196;191;194.89;2681;0
Полиметалл;D;20070510;000000;194.9;194.9;190;190;15343;0
Полиметалл;D;20070511;000000;190;193.9;185.26;190.5;12939;0
Полиметалл;D;20070514;000000;186.77;194.9;186.01;190;1663;0
Полиметалл;D;20070515;000000;190.5;190.5;188.9;190;931;0
Полиметалл;D;20070516;000000;196.2;197;185.07;189.99;18826;0
Полиметалл;D;20070517;000000;189.5;190;186.2;188;7475;0
Полиметалл;D;20070518;000000;188;188.75;185;185.22;17755;0
Полиметалл;D;20070521;000000;185.5;187;184.16;186.1;2708;0
Полиметалл;D;20070522;000000;185;185;183;184.48;3212;0
Полиметалл;D;20070523;000000;182.2;182.26;177;177.5;11859;0
Полиметалл;D;20070524;000000;175.05;175.05;169.26;172.98;13166;0
Полиметалл;D;20070525;000000;172;174.99;162.5;165;18284;0
Полиметалл;D;20070528;000000;170;170;163.75;164.5;4445;0
Полиметалл;D;20070529;000000;164.28;167.89;162.5;162.5;1019;0
Полиметалл;D;20070530;000000;162;165.5;150;155;35072;0
Полиметалл;D;20070531;000000;159.97;165;155.51;161;10933;0
Полиметалл;D;20070601;000000;164.9;173;157.83;165;21777;0
Полиметалл;D;20070604;000000;165;171;162.41;166.5;8506;0
Полиметалл;D;20070605;000000;166.5;174.54;165.02;166.5;6168;0
Полиметалл;D;20070606;000000;169.9;169.9;159;162.99;6530;0
Полиметалл;D;20070607;000000;164;169.56;161.03;168.98;4817;0
Полиметалл;D;20070608;000000;164.2;169;162;164;8700;0
Полиметалл;D;20070609;000000;164;165.65;162.5;164.63;5816;0
Полиметалл;D;20070613;000000;163;165;159.43;161;13024;0
Полиметалл;D;20070614;000000;161;163;159.75;159.91;33413;0
Полиметалл;D;20070615;000000;161.8;171.82;160;166;39984;0
Полиметалл;D;20070618;000000;165.01;167.58;164;167.4;22037;0
Полиметалл;D;20070619;000000;167;175.95;166.5;174.19;45483;0
Полиметалл;D;20070620;000000;178.95;179.66;173;177.26;57537;0
Полиметалл;D;20070621;000000;177;180;169.62;169.98;39219;0
Полиметалл;D;20070622;000000;172;174.94;171;172;10028;0
Полиметалл;D;20070625;000000;173.7;173.7;166;169;15763;0
Полиметалл;D;20070626;000000;170;173.6;170;172.85;7797;0
Полиметалл;D;20070627;000000;172.78;173.49;170;170.1;15297;0
Полиметалл;D;20070628;000000;171.8;177.77;170;170;18421;0
Полиметалл;D;20070629;000000;171.91;171.94;166;170;25384;0
Полиметалл;D;20070702;000000;170.5;173.2;169.01;172.89;23131;0
Полиметалл;D;20070703;000000;173.68;178.5;173;174.63;110951;0
Полиметалл;D;20070704;000000;175.87;177.48;174.63;176.25;37511;0
Полиметалл;D;20070705;000000;177.68;180.88;172.77;174;63994;0
Полиметалл;D;20070706;000000;174.89;174.89;169.96;173.25;52696;0
Полиметалл;D;20070709;000000;174.89;175;173;174;9808;0
Полиметалл;D;20070710;000000;174;174.21;171.7;172.7;9299;0
Полиметалл;D;20070711;000000;172.55;173.99;170.5;173.63;15557;0
Полиметалл;D;20070712;000000;173.99;174.99;172;173;20056;0
Полиметалл;D;20070713;000000;173.99;174.4;171.5;172.6;76008;0
Полиметалл;D;20070716;000000;173.46;173.98;171.95;172.75;15163;0
Полиметалл;D;20070717;000000;172.98;173;171.9;172.7;12215;0
Полиметалл;D;20070718;000000;172.01;172.8;171.1;172.29;16610;0
Полиметалл;D;20070719;000000;172.43;174.89;172;174;27761;0
Полиметалл;D;20070720;000000;174.99;175;172.03;173;13487;0
Полиметалл;D;20070723;000000;177.07;177.07;172;172.97;18425;0
Полиметалл;D;20070724;000000;173.45;173.45;171.5;172.32;7566;0
Полиметалл;D;20070725;000000;173.85;173.85;169;171.71;34795;0
Полиметалл;D;20070726;000000;171.99;172;166.8;166.8;40619;0
Полиметалл;D;20070727;000000;166.6;169.98;159.29;166;23715;0
Полиметалл;D;20070730;000000;166;167.94;160;163.8;22226;0
Полиметалл;D;20070731;000000;164.96;165.98;161.75;164.47;18381;0
Полиметалл;D;20070801;000000;163;163;159.95;161;19088;0
Полиметалл;D;20070802;000000;162.62;165.1;159.01;161.38;32165;0
Полиметалл;D;20070803;000000;162.38;163.89;161;161.43;26280;0
Полиметалл;D;20070806;000000;161.14;162;159.25;159.25;39464;0
Полиметалл;D;20070807;000000;161.51;162.49;159.21;160.5;71875;0
Полиметалл;D;20070808;000000;162;162.4;159.49;159.5;90068;0
Полиметалл;D;20070809;000000;161.86;161.86;154.04;155;103525;0
Полиметалл;D;20070810;000000;154;155;141.16;152.5;47386;0
Полиметалл;D;20070813;000000;153.01;157.88;153;157.88;7795;0
Полиметалл;D;20070814;000000;158;159.3;153.45;153.45;12742;0
Полиметалл;D;20070815;000000;153;153;147.5;150.79;29696;0
Полиметалл;D;20070816;000000;148.75;148.75;143;144.45;27832;0
Полиметалл;D;20070817;000000;142.61;142.61;135;139.01;144620;0
Полиметалл;D;20070820;000000;143.5;143.5;136.8;137.9;26375;0
Полиметалл;D;20070821;000000;137;139.39;130;130.75;68182;0
Полиметалл;D;20070822;000000;131;133.5;129.97;133;35608;0
Полиметалл;D;20070823;000000;135;135.9;130.22;133.96;117590;0
Полиметалл;D;20070824;000000;132.85;135;131;134;25024;0
Полиметалл;D;20070827;000000;136;137.9;134;136.4;25615;0
Полиметалл;D;20070828;000000;137;137;129.92;130.92;114595;0
Полиметалл;D;20070829;000000;126.94;131.84;126.22;130.5;26583;0
Полиметалл;D;20070830;000000;131.99;132;129.03;129.11;31932;0
Полиметалл;D;20070831;000000;131.49;132.95;129.12;130.99;34492;0
Полиметалл;D;20070903;000000;131;132.8;130.02;131.1;62866;0
Полиметалл;D;20070904;000000;132.49;133.89;131;132.07;45355;0
Полиметалл;D;20070905;000000;132.99;132.99;131.03;131.5;51382;0
Полиметалл;D;20070906;000000;133;133;131;131.35;22538;0
Полиметалл;D;20070907;000000;132.83;132.99;129.15;130.49;101200;0
Полиметалл;D;20070910;000000;129.01;131.79;129.01;131;35146;0
Полиметалл;D;20070911;000000;131;131.5;129.9;130.75;7367;0
Полиметалл;D;20070912;000000;131.6;131.6;129;129.98;27915;0
Полиметалл;D;20070913;000000;129.98;131.83;129.98;131.43;48700;0
Полиметалл;D;20070914;000000;131;132.78;131;132.67;33757;0
Полиметалл;D;20070917;000000;132.77;140.85;132.77;140.01;130760;0
Полиметалл;D;20070918;000000;140.71;141.98;139.01;141.98;67506;0
Полиметалл;D;20070919;000000;142.69;146.99;142.69;146.5;75255;0
Полиметалл;D;20070920;000000;145.5;153;145.5;153;128942;0
Полиметалл;D;20070921;000000;149.75;162;149.75;161.45;314363;0
Полиметалл;D;20070924;000000;160.73;167;160.05;161.36;185354;0
Полиметалл;D;20070925;000000;161.91;161.91;155.21;156.95;108375;0
Полиметалл;D;20070926;000000;159.5;161.5;157.05;159.2;97370;0
Полиметалл;D;20070927;000000;162.93;164.61;159.5;162.3;147999;0
Полиметалл;D;20070928;000000;164.45;165;160.29;162.89;131861;0
Полиметалл;D;20071001;000000;159.51;163.89;155.2;158.24;122717;0
Полиметалл;D;20071002;000000;160;161.5;158.55;159.17;79483;0
Полиметалл;D;20071003;000000;160;165;159.65;162;167343;0
Полиметалл;D;20071004;000000;161.75;168.75;161.05;167.68;355956;0
Полиметалл;D;20071005;000000;168.25;174.27;167;173.6;372535;0
Полиметалл;D;20071008;000000;174.79;178.5;173.01;178;448400;0
Полиметалл;D;20071009;000000;177.9;179.68;175.2;177.99;162193;0
Полиметалл;D;20071010;000000;177;179.89;171.1;174.7;115424;0
Полиметалл;D;20071011;000000;175;177.49;172.5;176.23;138962;0
Полиметалл;D;20071012;000000;174.03;176.72;172.5;173.5;63051;0
Полиметалл;D;20071015;000000;173.06;176;173.05;174.61;113354;0
Полиметалл;D;20071016;000000;174;179;171.6;176;160472;0
Полиметалл;D;20071017;000000;173.02;178;173;176.52;50791;0
Полиметалл;D;20071018;000000;177;177.11;172.04;174.74;29868;0
Полиметалл;D;20071019;000000;174.98;177.24;174.02;175.79;48296;0
Полиметалл;D;20071022;000000;172;173;166;169.88;109447;0
Полиметалл;D;20071023;000000;170;173.32;168;170;50927;0
Полиметалл;D;20071024;000000;170.9;172;168.54;170.48;185251;0
Полиметалл;D;20071025;000000;170.05;172;169.06;170.61;33204;0
Полиметалл;D;20071026;000000;172;173.31;171.2;171.65;31713;0
Полиметалл;D;20071029;000000;172.31;176.5;172.31;176;90110;0
Полиметалл;D;20071030;000000;176.5;178;173.69;176;45502;0
Полиметалл;D;20071031;000000;175.8;175.9;172.9;173;302600;0
Полиметалл;D;20071101;000000;174.4;175.5;170.59;172.2;93067;0
Полиметалл;D;20071102;000000;171.98;174.25;170.05;172.9;35488;0
Полиметалл;D;20071106;000000;172.4;175.5;172.2;175.39;25151;0
Полиметалл;D;20071107;000000;176.92;177.87;175.7;177.79;179047;0
Полиметалл;D;20071108;000000;176.9;189.5;176.01;189.5;274908;0
Полиметалл;D;20071109;000000;189.18;199;186.2;189.5;335946;0
Полиметалл;D;20071112;000000;188.75;194.87;187.1;189.4;107202;0
Полиметалл;D;20071113;000000;191;191;181.46;186;166234;0
Полиметалл;D;20071114;000000;188.4;189.96;185;186.1;70765;0
Полиметалл;D;20071115;000000;187.31;188;183.56;184.47;36719;0
Полиметалл;D;20071116;000000;183.15;183.9;178.11;182;58108;0
Полиметалл;D;20071119;000000;182.97;186.9;180.2;181;57458;0
Полиметалл;D;20071120;000000;181.5;184.5;178.2;184.5;38020;0
Полиметалл;D;20071121;000000;184.25;186;181.31;186;13808;0
Полиметалл;D;20071122;000000;183;185.27;179.01;182.99;28195;0
Полиметалл;D;20071123;000000;183.95;185;180;183.5;75162;0
Полиметалл;D;20071126;000000;183.3;185.5;181;185;71144;0
Полиметалл;D;20071127;000000;184.98;184.99;174.56;174.56;177795;0
Полиметалл;D;20071128;000000;174.56;177.39;173.9;175;82805;0
Полиметалл;D;20071129;000000;176.94;176.94;169.01;173.39;164645;0
Полиметалл;D;20071130;000000;174;177.68;174;175.7;152959;0
Полиметалл;D;20071203;000000;175.77;179.48;175.77;176.46;82863;0
Полиметалл;D;20071204;000000;178;178.8;176;177;20785;0
Полиметалл;D;20071205;000000;177.92;179;176.56;178;39300;0
Полиметалл;D;20071206;000000;177.6;181;177;177.9;40570;0
Полиметалл;D;20071207;000000;177.9;179.11;174.51;175;61487;0
Полиметалл;D;20071210;000000;174.01;177.5;173.51;175;92722;0
Полиметалл;D;20071211;000000;175.99;177.01;174.1;175.29;37775;0
Полиметалл;D;20071212;000000;173.71;177.31;172.54;176.14;57750;0
Полиметалл;D;20071213;000000;176.48;176.48;173.8;174.61;28723;0
Полиметалл;D;20071214;000000;174;174.61;171.51;172.9;46771;0
Полиметалл;D;20071217;000000;173.1;173.48;168.5;170;71702;0
Полиметалл;D;20071218;000000;169.5;174.75;168.7;173.3;40168;0
Полиметалл;D;20071219;000000;174.45;174.5;171;172;17141;0
Полиметалл;D;20071220;000000;173.75;174;169.06;172.3;28108;0
Полиметалл;D;20071221;000000;171.56;175;170.23;172;101464;0
Полиметалл;D;20071224;000000;172.25;175.5;172.25;174;39794;0
Полиметалл;D;20071225;000000;170.57;174.35;170.57;172.97;34897;0
Полиметалл;D;20071226;000000;172.97;174;170.9;173.89;30484;0
Полиметалл;D;20071227;000000;173.9;174.3;173;173.15;57746;0
Полиметалл;D;20071228;000000;170;174;169.75;173.2;60642;0
Полиметалл;D;20080109;000000;174.71;188.8;174.11;186;301801;0
Полиметалл;D;20080110;000000;187;211.77;187;210;987316;0
Полиметалл;D;20080111;000000;210.03;220;202.5;207.98;1371007;0
Полиметалл;D;20080114;000000;213.54;229.88;210.02;226;1403810;0
Полиметалл;D;20080115;000000;227.12;234.56;220.01;227.5;1176064;0
Полиметалл;D;20080116;000000;215;225.69;202.02;218.54;1230284;0
Полиметалл;D;20080117;000000;222.5;227.63;210;219.95;836541;0
Полиметалл;D;20080118;000000;217.52;223.8;215.07;222;497237;0
Полиметалл;D;20080121;000000;219;221.99;205;212;536769;0
Полиметалл;D;20080122;000000;199.99;208;179.73;202.09;1024147;0
Полиметалл;D;20080123;000000;206;215;190;194.55;503638;0
Полиметалл;D;20080124;000000;204.15;209;198.1;206.6;267382;0
Полиметалл;D;20080125;000000;211;214.2;207.01;213.6;358789;0
Полиметалл;D;20080128;000000;209.5;209.5;197;204;340834;0
Полиметалл;D;20080129;000000;209.47;213;208.25;210.2;143606;0
Полиметалл;D;20080130;000000;211.97;211.97;201.5;203.12;266707;0
Полиметалл;D;20080131;000000;203.14;205.67;196;198.5;269849;0
Полиметалл;D;20080201;000000;203.48;207.11;201;204.8;209980;0
Полиметалл;D;20080204;000000;208.6;213;207;208.4;232393;0
Полиметалл;D;20080205;000000;207.21;212.7;200;202.56;253422;0
Полиметалл;D;20080206;000000;199.26;205.9;196.3;204.75;153074;0
Полиметалл;D;20080207;000000;205;207.7;194.67;200.4;168031;0
Полиметалл;D;20080208;000000;201.38;205;197.08;200.05;133749;0
Полиметалл;D;20080211;000000;202.8;205.2;201;204.9;79194;0
Полиметалл;D;20080212;000000;204.85;210.36;204.02;207.77;248503;0
Полиметалл;D;20080213;000000;205.55;207.43;202.21;207;123610;0
Полиметалл;D;20080214;000000;209.06;210;198.9;199;504535;0
Полиметалл;D;20080215;000000;199;202.3;199;200.79;220846;0
Полиметалл;D;20080218;000000;201.3;204.3;201.3;203.2;114116;0
Полиметалл;D;20080219;000000;203.67;205;201.7;203.1;108727;0
Полиметалл;D;20080220;000000;208.18;208.18;201.4;203.38;148052;0
Полиметалл;D;20080221;000000;205.13;221.88;204;219.5;561037;0
Полиметалл;D;20080222;000000;213.84;223.63;210.15;220;403734;0
Полиметалл;D;20080226;000000;222;223.5;214;216.01;150672;0
Полиметалл;D;20080227;000000;218.6;221;213.18;215.39;135457;0
Полиметалл;D;20080228;000000;214;216.99;212.2;214.5;75393;0
Полиметалл;D;20080229;000000;217.49;229.8;212.12;221.1;518589;0
Полиметалл;D;20080303;000000;218.21;223.47;213;220.8;118018;0
Полиметалл;D;20080304;000000;223.45;227.98;221.52;224.96;222952;0
Полиметалл;D;20080305;000000;225.15;226.48;220;222;108022;0
Полиметалл;D;20080306;000000;223.35;226;222;222.77;206375;0
Полиметалл;D;20080307;000000;219.9;221.5;213;214.5;173311;0
Полиметалл;D;20080311;000000;213.17;217.68;213.1;217.64;101774;0
Полиметалл;D;20080312;000000;220;221;212.02;214.8;210435;0
Полиметалл;D;20080313;000000;214.7;217.5;212.04;215.21;106939;0
Полиметалл;D;20080314;000000;213.25;218.85;213.25;215;112640;0
Полиметалл;D;20080317;000000;213;214;198.12;204.5;240705;0
Полиметалл;D;20080318;000000;198.24;207.42;198.24;206.3;87062;0
Полиметалл;D;20080319;000000;208.18;210.4;201.5;202;97653;0
Полиметалл;D;20080320;000000;198.5;202.2;192.01;197.77;86235;0
Полиметалл;D;20080321;000000;206.99;206.99;194.01;197;22697;0
Полиметалл;D;20080324;000000;197.44;199.5;194.5;199.36;29360;0
Полиметалл;D;20080325;000000;199.09;207.94;199.09;200.99;80063;0
Полиметалл;D;20080326;000000;203.63;204.9;198.26;199.62;39728;0
Полиметалл;D;20080327;000000;198.15;203.71;198.15;202;45722;0
Полиметалл;D;20080328;000000;202.5;202.5;194.15;196;276870;0
Полиметалл;D;20080331;000000;196;197.99;195.4;196.99;23006;0
Полиметалл;D;20080401;000000;195.88;198.14;195.8;197.88;56752;0
Полиметалл;D;20080402;000000;198.31;198.4;194.5;195.5;159008;0
Полиметалл;D;20080403;000000;196.98;196.98;194.8;196.08;32310;0
Полиметалл;D;20080404;000000;196.85;196.87;194.2;194.99;29572;0
Полиметалл;D;20080407;000000;202.89;202.89;187;191.8;225226;0
Полиметалл;D;20080408;000000;193;193;187.9;188.9;199676;0
Полиметалл;D;20080409;000000;188.5;189.1;185;186.36;137217;0
Полиметалл;D;20080410;000000;186.76;191.5;184.25;190.5;130363;0
Полиметалл;D;20080411;000000;192;192;186;186;92492;0
Полиметалл;D;20080414;000000;183.95;189;182.26;188.9;85766;0
Полиметалл;D;20080415;000000;187.98;197.25;187.98;196.51;190151;0
Полиметалл;D;20080416;000000;197.9;198.5;194.01;196.56;78395;0
Полиметалл;D;20080417;000000;197.3;197.39;195.01;195.14;58793;0
Полиметалл;D;20080418;000000;195.35;197;194.83;196;24823;0
Полиметалл;D;20080421;000000;196.05;205.97;195.16;199.49;319254;0
Полиметалл;D;20080422;000000;201.01;205.43;198;199.75;249225;0
Полиметалл;D;20080423;000000;200.1;204;195.53;197.89;206609;0
Полиметалл;D;20080424;000000;197.9;199;193;194.84;181271;0
Полиметалл;D;20080425;000000;195.15;199.21;190;194.98;127089;0
Полиметалл;D;20080428;000000;195;196.5;192.61;193.5;83702;0
Полиметалл;D;20080429;000000;193.07;193.88;191.5;192.86;77681;0
Полиметалл;D;20080430;000000;192;192.9;188;189.8;118184;0
Полиметалл;D;20080504;000000;191.5;194.89;189.01;194.7;48789;0
Полиметалл;D;20080505;000000;194.75;195.36;193.9;194.99;88271;0
Полиметалл;D;20080506;000000;192.11;197.49;189.5;191.31;168118;0
Полиметалл;D;20080507;000000;192;192.95;190.35;192.44;111486;0
Полиметалл;D;20080512;000000;194.51;195.5;193.5;194.4;93382;0
Полиметалл;D;20080513;000000;195.49;201;194.11;199;251665;0
Полиметалл;D;20080514;000000;199;205.77;198.16;202.5;517913;0
Полиметалл;D;20080515;000000;204.94;204.94;195;202.1;249059;0
Полиметалл;D;20080516;000000;203.08;213.99;203.08;212.02;839304;0
Полиметалл;D;20080519;000000;213;218;213;215;317843;0
Полиметалл;D;20080520;000000;216;228.9;215;219;1117699;0
Полиметалл;D;20080521;000000;219;226.98;217;219.55;742643;0
Полиметалл;D;20080522;000000;226.01;226.01;208;210;519125;0
Полиметалл;D;20080523;000000;215;217.87;209.75;211.48;148051;0
Полиметалл;D;20080526;000000;210;210;207.36;207.65;53621;0
Полиметалл;D;20080527;000000;208.91;208.91;200.51;202.69;217414;0
Полиметалл;D;20080528;000000;203;207;200.01;207;138230;0
Полиметалл;D;20080529;000000;201.58;213.42;201.58;209.7;187045;0
Полиметалл;D;20080530;000000;211.98;212.1;209;212;147762;0
Полиметалл;D;20080602;000000;212;215;209.02;213;109968;0
Полиметалл;D;20080603;000000;213.36;213.36;205;209.99;82727;0
Полиметалл;D;20080604;000000;208;211;199.98;203.4;334976;0
Полиметалл;D;20080605;000000;203;205.49;201.9;205;100487;0
Полиметалл;D;20080606;000000;208;210;204.08;205.2;128733;0
Полиметалл;D;20080607;000000;205.2;205.2;201.11;203.2;47094;0
Полиметалл;D;20080609;000000;203.5;204.98;202.5;203.79;76513;0
Полиметалл;D;20080610;000000;214.96;214.96;201;201.9;42660;0
Полиметалл;D;20080611;000000;201.9;202.89;200.51;202;41437;0
Полиметалл;D;20080616;000000;206.05;216;205;206.35;238912;0
Полиметалл;D;20080617;000000;210.98;210.98;205.41;207;73897;0
Полиметалл;D;20080618;000000;207.4;207.48;203.5;204.58;81962;0
Полиметалл;D;20080619;000000;204.47;204.8;202.55;203.7;145127;0
Полиметалл;D;20080620;000000;203.85;203.85;200.05;201.75;60131;0
Полиметалл;D;20080623;000000;201.7;202.9;198.17;200.85;51397;0
Полиметалл;D;20080624;000000;200.93;201.83;192.17;194.5;94832;0
Полиметалл;D;20080625;000000;194.65;199;193.22;195.5;82825;0
Полиметалл;D;20080626;000000;194.51;196.95;193;196.36;137475;0
Полиметалл;D;20080627;000000;193.61;194.9;185.01;194;110506;0
Полиметалл;D;20080630;000000;194.5;197.39;187.56;190.1;89095;0
Полиметалл;D;20080701;000000;190.99;191.97;184;188.1;132452;0
Полиметалл;D;20080702;000000;189.01;189.99;185.55;186.53;78140;0
Полиметалл;D;20080703;000000;180.02;187.96;180.02;187.8;155262;0
Полиметалл;D;20080704;000000;187.9;187.9;185.27;186.1;15635;0
Полиметалл;D;20080707;000000;185.3;187;184.51;186.75;24969;0
Полиметалл;D;20080708;000000;184.95;185.85;181.03;182.69;62448;0
Полиметалл;D;20080709;000000;178.28;189;178.28;186;43590;0
Полиметалл;D;20080710;000000;185.5;188.02;183.41;187.6;86934;0
Полиметалл;D;20080711;000000;189.47;192.46;185.01;187.48;161370;0
Полиметалл;D;20080714;000000;188;191;186.22;190.9;71416;0
Полиметалл;D;20080715;000000;189.99;195.77;188;190;289134;0
Полиметалл;D;20080716;000000;190.9;194.89;185.01;189.41;133517;0
Полиметалл;D;20080717;000000;192;194;189.05;192.41;251667;0
Полиметалл;D;20080718;000000;190.12;194;189.4;190.45;53834;0
Полиметалл;D;20080721;000000;190.73;194.96;190.73;194.8;56953;0
Полиметалл;D;20080722;000000;194.99;199;193;198;189390;0
Полиметалл;D;20080723;000000;197;208;197;204.65;1198043;0
Полиметалл;D;20080724;000000;205.46;208;199;203;326936;0
Полиметалл;D;20080725;000000;203.05;203.05;187.14;191;407632;0
Полиметалл;D;20080728;000000;190.5;198;182.02;182.28;89734;0
Полиметалл;D;20080729;000000;176.6;185.49;174;181.5;241634;0
Полиметалл;D;20080730;000000;183.99;186.55;183.1;185.52;55659;0
Полиметалл;D;20080731;000000;186;191;184.1;188.39;135059;0
Полиметалл;D;20080801;000000;188;194.1;183;186.49;31585;0
Полиметалл;D;20080804;000000;185;187;182.72;183.5;18050;0
Полиметалл;D;20080805;000000;179.95;180.85;175;175.02;52350;0
Полиметалл;D;20080806;000000;176;177.99;169.13;172.1;17000;0
Полиметалл;D;20080807;000000;173.99;177.99;171;176.96;66050;0
Полиметалл;D;20080808;000000;176;181;166.91;167;435667;0
Полиметалл;D;20080811;000000;167.5;169.98;142.13;168.2;745317;0
Полиметалл;D;20080812;000000;170;185.98;165.16;185;3118269;0
Полиметалл;D;20080813;000000;183.81;185;179.17;183.5;848281;0
Полиметалл;D;20080814;000000;183.5;188.99;179;182.8;968535;0
Полиметалл;D;20080815;000000;183.54;184;173.61;174;5577304;0
Полиметалл;D;20080818;000000;176.63;185;165.5;169.5;2685312;0
Полиметалл;D;20080819;000000;169;171.7;165;167.5;689119;0
Полиметалл;D;20080820;000000;169;185.01;169;171.9;5237127;0
Полиметалл;D;20080821;000000;177.47;184.97;170;172;868083;0
Полиметалл;D;20080822;000000;174.79;175.89;166;168.63;445996;0
Полиметалл;D;20080825;000000;169;171;157.2;161;259236;0
Полиметалл;D;20080826;000000;153.98;170;149.2;153.7;1117033;0
Полиметалл;D;20080827;000000;155;171;151;156.2;1221722;0
Полиметалл;D;20080828;000000;158.9;169;153.01;161.99;1325817;0
Полиметалл;D;20080829;000000;162.8;168.5;157.24;159.3;2206492;0
Полиметалл;D;20080901;000000;157.23;165.49;155.1;160;197045;0
Полиметалл;D;20080902;000000;164;164;155.3;156.45;103465;0
Полиметалл;D;20080903;000000;160.63;167.35;151;156;2607265;0
Полиметалл;D;20080904;000000;155.15;162;153.3;154;156276;0
Полиметалл;D;20080905;000000;152;152;135;140.88;164916;0
Полиметалл;D;20080908;000000;143.5;156;140;146.03;422921;0
Полиметалл;D;20080909;000000;145.9;169.5;143.02;147.99;11175483;0
Полиметалл;D;20080910;000000;150;150;131;137.7;111732;0
Полиметалл;D;20080911;000000;138;142;133.49;133.49;61550;0
Полиметалл;D;20080912;000000;135.99;137.87;129.22;132;167951;0
Полиметалл;D;20080915;000000;131.62;134.99;119.11;122.55;83675;0
Полиметалл;D;20080916;000000;120;120;90;98;326317;0
Полиметалл;D;20080917;000000;102;105;71.23;82;62676;0
Полиметалл;D;20080919;000000;92.49;119.79;91.97;114.01;128771;0
Полиметалл;D;20080922;000000;119.85;123.7;108.11;118;118463;0
Полиметалл;D;20080923;000000;121.94;134;110.11;133;306853;0
Полиметалл;D;20080924;000000;134;142.89;133;136.5;1252545;0
Полиметалл;D;20080925;000000;139;140.93;126.9;139;401640;0
Полиметалл;D;20080926;000000;139.1;142;130.56;138.5;93320;0
Полиметалл;D;20080929;000000;139.49;144.69;123.83;124.8;221954;0
Полиметалл;D;20080930;000000;118.17;130;114.12;124;40019;0
Полиметалл;D;20081001;000000;123.02;127;118.11;120.15;14512;0
Полиметалл;D;20081002;000000;124;124.96;112.11;114.85;165219;0
Полиметалл;D;20081003;000000;112;114;104.52;111.98;145380;0
Полиметалл;D;20081006;000000;106.01;106.03;91.04;99.1;90916;0
Полиметалл;D;20081007;000000;98;103.87;83;83.52;214367;0
Полиметалл;D;20081008;000000;83.87;83.87;70;78.9;35761;0
Полиметалл;D;20081009;000000;78;92;76.54;88.03;67766;0
Полиметалл;D;20081013;000000;89.95;90.47;79.2;80.94;37123;0
Полиметалл;D;20081014;000000;83;88;79.13;81.7;136677;0
Полиметалл;D;20081015;000000;80.22;82.47;75;78.1;40298;0
Полиметалл;D;20081016;000000;77.94;79.6;70;76.2;184815;0
Полиметалл;D;20081017;000000;79.7;89;71;86.94;347337;0
Полиметалл;D;20081020;000000;83.78;86.44;80;81;75376;0
Полиметалл;D;20081021;000000;83;84.15;81;81.64;182287;0
Полиметалл;D;20081022;000000;80.93;83.89;78.01;83;441594;0
Полиметалл;D;20081023;000000;80;82;77;80.5;145927;0
Полиметалл;D;20081024;000000;79.01;79.09;70.15;70.5;22850;0
Полиметалл;D;20081028;000000;70.81;71.82;65.01;70;82717;0
Полиметалл;D;20081029;000000;72.5;74.9;71;74.44;41906;0
Полиметалл;D;20081030;000000;76;82.1;75;81.48;239868;0
Полиметалл;D;20081031;000000;82.5;86.5;77;85.03;89166;0
Полиметалл;D;20081101;000000;85.03;90;84;88.99;51296;0
Полиметалл;D;20081105;000000;94.68;106;79.99;85.4;104545;0
Полиметалл;D;20081106;000000;82;82;71.57;78.01;98930;0
Полиметалл;D;20081107;000000;77;81.99;77;79.6;11604;0
Полиметалл;D;20081110;000000;81.5;87;79;79.8;27580;0
Полиметалл;D;20081111;000000;80.15;80.49;76.06;77.94;47461;0
Полиметалл;D;20081113;000000;72.74;79.5;70.9;78.5;18721;0
Полиметалл;D;20081114;000000;82.5;83;78.64;79.01;13048;0
Полиметалл;D;20081117;000000;79.02;79.82;72;73.49;47625;0
Полиметалл;D;20081118;000000;71.31;79;69.8;78.17;47836;0
Полиметалл;D;20081119;000000;76.65;77.88;74;75.5;15547;0
Полиметалл;D;20081120;000000;75;75;69.55;71.29;62495;0
Полиметалл;D;20081121;000000;71.99;73.68;69.06;71;21590;0
Полиметалл;D;20081124;000000;73;75.5;70.98;75.47;75419;0
Полиметалл;D;20081125;000000;76.99;76.99;71;72;130210;0
Полиметалл;D;20081126;000000;72.48;82.4;70.02;82;224393;0
Полиметалл;D;20081127;000000;82.32;87;79.02;79.65;106067;0
Полиметалл;D;20081128;000000;82.29;89;79;83.89;129251;0
Полиметалл;D;20081201;000000;84.5;84.5;79.2;79.5;36771;0
Полиметалл;D;20081202;000000;77.56;81;72.45;77.5;67234;0
Полиметалл;D;20081203;000000;79.18;80;73;77.94;40274;0
Полиметалл;D;20081204;000000;77.86;79;73;78.5;95715;0
Полиметалл;D;20081205;000000;77.74;84;74.07;83;183901;0
Полиметалл;D;20081208;000000;84;87.65;84;87.03;38269;0
Полиметалл;D;20081209;000000;87.65;97.01;86;93.91;178731;0
Полиметалл;D;20081210;000000;96;97.99;66.67;95;71225;0
Полиметалл;D;20081211;000000;97.5;99.85;90.11;97.02;58475;0
Полиметалл;D;20081212;000000;95.78;96.79;92;95.91;33200;0
Полиметалл;D;20081215;000000;96;101;96;96.98;44128;0
Полиметалл;D;20081216;000000;96;103.9;92.71;100.1;219002;0
Полиметалл;D;20081217;000000;101.5;106;101;103.75;154002;0
Полиметалл;D;20081218;000000;105.6;108.99;101.51;103.5;350593;0
Полиметалл;D;20081219;000000;104.22;110;98.5;110;362351;0
Полиметалл;D;20081222;000000;110.8;118.94;107.3;113.9;314106;0
Полиметалл;D;20081223;000000;113.95;122.85;106.01;121;489688;0
Полиметалл;D;20081224;000000;103.03;129;103.03;115.97;262573;0
Полиметалл;D;20081225;000000;118.95;125.23;116;122.74;287417;0
Полиметалл;D;20081226;000000;126.06;127.99;123;126.39;277775;0
Полиметалл;D;20081229;000000;129.17;134.99;125.06;130.5;272495;0
Полиметалл;D;20081230;000000;131;134.4;125;127;134602;0
Полиметалл;D;20081231;000000;129.74;129.74;125.11;128.8;120168;0
Полиметалл;D;20090111;000000;139;148.8;129.87;148.5;151817;0
Полиметалл;D;20090112;000000;148.67;161.7;145;159;398560;0
Полиметалл;D;20090113;000000;160;162;153;158;319388;0
Полиметалл;D;20090114;000000;160;160;151.22;157;770249;0
Полиметалл;D;20090115;000000;154;158.99;145.1;152.5;213516;0
Полиметалл;D;20090116;000000;157.05;159.19;153.4;157.89;98144;0
Полиметалл;D;20090119;000000;158.99;159.9;158;159.55;141658;0
Полиметалл;D;20090120;000000;158.99;159.52;153.99;158.1;42556;0
Полиметалл;D;20090121;000000;157;158.25;155.01;157.34;52368;0
Полиметалл;D;20090122;000000;158.24;158.4;155.44;156.46;76351;0
Полиметалл;D;20090123;000000;151.74;155.5;141;151.5;59642;0
Полиметалл;D;20090126;000000;156.94;160.5;153.06;160;224036;0
Полиметалл;D;20090127;000000;160;167;156;163.53;205680;0
Полиметалл;D;20090128;000000;164.1;165.9;156.4;159.02;59993;0
Полиметалл;D;20090129;000000;159.99;161;152.08;155;109694;0
Полиметалл;D;20090130;000000;156.16;161.7;156;157;279320;0
Полиметалл;D;20090202;000000;157.97;173;157;169;473660;0
Полиметалл;D;20090203;000000;170;176.89;167.85;172;220081;0
Полиметалл;D;20090204;000000;175;175;164.1;174.45;249846;0
Полиметалл;D;20090205;000000;175;184.59;171.26;183;266459;0
Полиметалл;D;20090206;000000;184;198.85;183.22;196.5;273517;0
Полиметалл;D;20090209;000000;202.89;204;189;192.3;326444;0
Полиметалл;D;20090210;000000;189;202;182.5;188.3;292331;0
Полиметалл;D;20090211;000000;188.4;200;183.1;192;324971;0
Полиметалл;D;20090212;000000;198.5;198.5;181.02;184.27;116531;0
Полиметалл;D;20090213;000000;185;192;182.5;186;219985;0
Полиметалл;D;20090216;000000;185.25;190;182;186.22;135677;0
Полиметалл;D;20090217;000000;188.1;190.86;182.52;189.19;177471;0
Полиметалл;D;20090218;000000;193;194.75;184.13;194;280787;0
Полиметалл;D;20090219;000000;195.21;201.8;194;201.7;289932;0
Полиметалл;D;20090220;000000;199.8;223;195.72;222;736541;0
Полиметалл;D;20090224;000000;217.5;220;212.22;214.3;133404;0
Полиметалл;D;20090225;000000;241.23;241.23;207;218.5;183054;0
Полиметалл;D;20090226;000000;217.5;218;213;214.87;163839;0
Полиметалл;D;20090227;000000;216;220;210;214;295596;0
Полиметалл;D;20090302;000000;214.36;222.7;214;219.12;263458;0
Полиметалл;D;20090303;000000;218.9;218.9;210.01;216.03;250724;0
Полиметалл;D;20090304;000000;214;217.2;211.6;216.53;165523;0
Полиметалл;D;20090305;000000;217;219;213;215.39;217122;0
Полиметалл;D;20090306;000000;217.92;221.95;215.9;217.54;134492;0
Полиметалл;D;20090310;000000;219.5;219.5;213;213.97;150175;0
Полиметалл;D;20090311;000000;214;216.98;211.01;213.99;140802;0
Полиметалл;D;20090312;000000;215;217.75;211.2;214.89;195153;0
Полиметалл;D;20090313;000000;215;215.48;212.87;215;174173;0
Полиметалл;D;20090316;000000;215;216.69;213.5;214;84057;0
Полиметалл;D;20090317;000000;214.1;215;211.01;212.43;108871;0
Полиметалл;D;20090318;000000;218.02;218.02;211.04;214.5;115886;0
Полиметалл;D;20090319;000000;214.5;221.01;214;220.99;589921;0
Полиметалл;D;20090320;000000;223.14;227;218;222.5;609203;0
Полиметалл;D;20090323;000000;229.06;229.95;222.01;227.51;364018;0
Полиметалл;D;20090324;000000;229;232;222.1;230;211025;0
Полиметалл;D;20090325;000000;229.99;234.8;229.99;234;173105;0
Полиметалл;D;20090326;000000;235;235.82;229.12;231.97;72997;0
Полиметалл;D;20090327;000000;236.36;236.36;222;224.21;75167;0
Полиметалл;D;20090330;000000;227.05;244.98;225;225.99;207053;0
Полиметалл;D;20090331;000000;228.31;228.31;213.34;221;172166;0
Полиметалл;D;20090401;000000;224;226.99;216;224.7;86876;0
Полиметалл;D;20090402;000000;229.92;229.98;223;229;125030;0
Полиметалл;D;20090403;000000;227.51;234.51;225.01;233.95;170438;0
Полиметалл;D;20090406;000000;239.33;239.33;224.15;227;91135;0
Полиметалл;D;20090407;000000;227.25;229.99;225.04;227.5;41704;0
Полиметалл;D;20090408;000000;230;233.31;227.15;229.89;117903;0
Полиметалл;D;20090409;000000;230;232;227.32;231;145763;0
Полиметалл;D;20090410;000000;231;231.01;228.01;228.73;38940;0
Полиметалл;D;20090413;000000;228.92;233;226.3;229.1;48349;0
Полиметалл;D;20090414;000000;229.97;230;225.37;225.99;79204;0
Полиметалл;D;20090415;000000;228.65;228.65;218.02;220.8;51400;0
Полиметалл;D;20090416;000000;207.5;224.86;207.5;217.51;46299;0
Полиметалл;D;20090417;000000;217.05;217.99;211.6;212.62;129301;0
Полиметалл;D;20090420;000000;212.11;218;203.57;213.97;136847;0
Полиметалл;D;20090421;000000;213.99;218;203;205;202692;0
Полиметалл;D;20090422;000000;204;206.87;198.09;206.57;131452;0
Полиметалл;D;20090423;000000;210;210;201.81;202;234959;0
Полиметалл;D;20090424;000000;205;213.99;204;209;236767;0
Полиметалл;D;20090427;000000;211;215;205;205.71;72744;0
Полиметалл;D;20090428;000000;205.75;205.75;200.02;201.7;56573;0
Полиметалл;D;20090429;000000;202;206.99;200;204.49;58887;0
Полиметалл;D;20090430;000000;205.25;206.49;202;202.76;59078;0
Полиметалл;D;20090504;000000;202.7;205.06;200.59;204.9;42935;0
Полиметалл;D;20090505;000000;210.58;217.5;203.11;217;215008;0
Полиметалл;D;20090506;000000;215.01;216.99;207;212.54;124884;0
Полиметалл;D;20090507;000000;204.05;216.54;204.05;215.97;207491;0
Полиметалл;D;20090508;000000;215.51;216.15;213;214;25697;0
Полиметалл;D;20090512;000000;211.76;216.49;210.51;216.4;86880;0
Полиметалл;D;20090513;000000;219.59;219.59;212.4;214.97;129285;0
Полиметалл;D;20090514;000000;213;231.99;213;227.13;451851;0
Полиметалл;D;20090515;000000;228.5;233;220;229.95;200055;0
Полиметалл;D;20090518;000000;229.98;233.9;223;224;54657;0
Полиметалл;D;20090519;000000;225.5;225.69;215.01;224.79;140494;0
Полиметалл;D;20090520;000000;226;226.75;222;226.75;179412;0
Полиметалл;D;20090521;000000;227.03;237.98;226.8;230.79;295397;0
Полиметалл;D;20090522;000000;232;237;228;234;99625;0
Полиметалл;D;20090525;000000;232.55;237.87;229.5;236.6;201052;0
Полиметалл;D;20090526;000000;243.22;265;237;254.4;835687;0
Полиметалл;D;20090527;000000;260;279.4;255.95;277;548413;0
Полиметалл;D;20090528;000000;281;299.5;256.32;264;993695;0
Полиметалл;D;20090529;000000;265;281.37;257.01;268.99;730147;0
Полиметалл;D;20090601;000000;276.75;281;265.91;270;424486;0
Полиметалл;D;20090602;000000;261.25;272.15;261.25;268.03;222396;0
Полиметалл;D;20090603;000000;269.95;269.95;252.6;259.79;130672;0
Полиметалл;D;20090604;000000;259.96;269;252.1;263.01;167927;0
Полиметалл;D;20090605;000000;265;275;265;269.3;173227;0
Полиметалл;D;20090608;000000;275.73;275.73;262.64;270.2;100377;0
Полиметалл;D;20090609;000000;270.13;274.49;265.9;274;76578;0
Полиметалл;D;20090610;000000;274.5;275;268.52;272.1;81786;0
Полиметалл;D;20090611;000000;270.1;274.92;268.5;271.01;44668;0
Полиметалл;D;20090615;000000;270.89;280.78;268.2;273.21;119704;0
Полиметалл;D;20090616;000000;273;275;265.31;269.7;45280;0
Полиметалл;D;20090617;000000;270.75;273;255.25;256.99;63732;0
Полиметалл;D;20090618;000000;263.36;263.36;249.02;257;87406;0
Полиметалл;D;20090619;000000;243.44;271.9;243.44;262.78;88204;0
Полиметалл;D;20090622;000000;265;265;258;263;53666;0
Полиметалл;D;20090623;000000;240.06;265.08;240.06;250.01;198520;0
Полиметалл;D;20090624;000000;250.99;264.9;250.5;257.58;1155923;0
Полиметалл;D;20090625;000000;259.5;266;255;261;103885;0
Полиметалл;D;20090626;000000;261.01;262.98;259;261.5;57144;0
Полиметалл;D;20090629;000000;262.47;268.79;262;265.01;271294;0
Полиметалл;D;20090630;000000;274.52;274.52;265;268.7;222305;0
Полиметалл;D;20090701;000000;268.7;270.05;255.4;260.7;171246;0
Полиметалл;D;20090702;000000;260.9;264.9;256.55;260;61770;0
Полиметалл;D;20090703;000000;268.9;268.9;255.28;259.46;176303;0
Полиметалл;D;20090706;000000;256;262.9;251;254;52422;0
Полиметалл;D;20090707;000000;256;257.7;251.05;256;24463;0
Полиметалл;D;20090708;000000;250.74;259.54;250.1;252.36;22608;0
Полиметалл;D;20090709;000000;254;254;250.05;253;11141;0
Полиметалл;D;20090710;000000;251.98;252;231.12;243.8;82459;0
Полиметалл;D;20090713;000000;240;242.98;232.01;240.3;39904;0
Полиметалл;D;20090714;000000;244;244.88;235.35;237;75044;0
Полиметалл;D;20090715;000000;238.95;240.99;226.02;233.89;101319;0
Полиметалл;D;20090716;000000;234;236.8;221.8;227.99;39534;0
Полиметалл;D;20090717;000000;228.62;231.95;224.51;229.01;42657;0
Полиметалл;D;20090720;000000;231.03;237.9;229.95;236.73;101550;0
Полиметалл;D;20090721;000000;236.72;249.79;236.72;248.2;186969;0
Полиметалл;D;20090722;000000;241;254.12;239.01;242.4;136001;0
Полиметалл;D;20090723;000000;243;252;243;247;137065;0
Полиметалл;D;20090724;000000;248.41;249.93;242;242.75;27947;0
Полиметалл;D;20090727;000000;243.78;252.6;243;248.1;25725;0
Полиметалл;D;20090728;000000;249;249;235.5;237;1270508;0
Полиметалл;D;20090729;000000;235;243.9;225.01;243;52905;0
Полиметалл;D;20090730;000000;240.02;247.21;237;242.9;90001;0
Полиметалл;D;20090731;000000;245;248;236.61;244.65;117283;0
Полиметалл;D;20090803;000000;244.01;253;244.01;251;104531;0
Полиметалл;D;20090804;000000;251;260.9;244.01;255.7;190929;0
Полиметалл;D;20090805;000000;259;264.95;256.99;258;133932;0
Полиметалл;D;20090806;000000;258;263.16;228;260;147380;0
Полиметалл;D;20090807;000000;260.15;269;252.5;268.18;62723;0
Полиметалл;D;20090810;000000;267.59;268.5;260;263.49;39003;0
Полиметалл;D;20090811;000000;264.31;266.86;252.99;254.64;47620;0
Полиметалл;D;20090812;000000;252.71;264.28;248.5;261;1285347;0
Полиметалл;D;20090813;000000;282;282;258.1;262.6;37110;0
Полиметалл;D;20090814;000000;265.75;270;262.01;266.99;58107;0
Полиметалл;D;20090817;000000;265.96;275;263;266.5;79167;0
Полиметалл;D;20090818;000000;282.5;282.5;260.22;263;47376;0
Полиметалл;D;20090819;000000;263;263.76;247.11;253;87590;0
Полиметалл;D;20090820;000000;260.01;266.96;248.15;250;155399;0
Полиметалл;D;20090821;000000;250.59;255;250;252.66;56827;0
Полиметалл;D;20090824;000000;254.5;256;251;254.92;32165;0
Полиметалл;D;20090825;000000;254;254.56;250;253.23;12910;0
Полиметалл;D;20090826;000000;253.15;254.4;251;254;35520;0
Полиметалл;D;20090827;000000;252.5;258;250.06;253.99;71361;0
Полиметалл;D;20090828;000000;254.83;257;252.74;254;32628;0
Полиметалл;D;20090831;000000;256.97;256.97;251.42;251.42;21089;0
Полиметалл;D;20090901;000000;254.53;256.6;251.01;255.97;27088;0
Полиметалл;D;20090902;000000;250;254.88;249.87;250;22327;0
Полиметалл;D;20090903;000000;252.8;260;252.59;258.5;105390;0
Полиметалл;D;20090904;000000;260.01;264.99;254.01;261;69338;0
Полиметалл;D;20090907;000000;260.5;264.94;260.5;263;29916;0
Полиметалл;D;20090908;000000;264.45;274.9;264.45;272.8;239659;0
Полиметалл;D;20090909;000000;280.02;280.02;264.1;270.2;102288;0
Полиметалл;D;20090910;000000;271.8;273.6;266.01;268.36;33989;0
Полиметалл;D;20090911;000000;270.41;273;266.03;271.02;137009;0
Полиметалл;D;20090914;000000;269.8;272.01;262.54;271.48;47440;0
Полиметалл;D;20090915;000000;272;273.7;269.7;271.34;48568;0
Полиметалл;D;20090916;000000;276;278.4;269;270.99;100072;0
Полиметалл;D;20090917;000000;275;275;263.3;269;49770;0
Полиметалл;D;20090918;000000;257;270;257;262;101581;0
Полиметалл;D;20090921;000000;262;264.97;258.5;261.7;26186;0
Полиметалл;D;20090922;000000;264.5;264.5;260.11;262;40113;0
Полиметалл;D;20090923;000000;263.25;263.7;260;260.46;42296;0
Полиметалл;D;20090924;000000;261;261.49;257.9;261.4;37521;0
Полиметалл;D;20090925;000000;253.72;263;253.72;261;37885;0
Полиметалл;D;20090928;000000;262;262;249;255;73430;0
Полиметалл;D;20090929;000000;255.35;258.86;250.11;252.96;55566;0
Полиметалл;D;20090930;000000;256.4;256.4;247.5;248.55;74413;0
Полиметалл;D;20091001;000000;251.99;251.99;246;250.75;62251;0
Полиметалл;D;20091002;000000;251.96;252.23;245.22;247.5;37313;0
Полиметалл;D;20091005;000000;248.95;251;245.62;250;26666;0
Полиметалл;D;20091006;000000;251;260;250;258;111317;0
Полиметалл;D;20091007;000000;260;265;254.77;256.9;136069;0
Полиметалл;D;20091008;000000;258.01;270;258.01;269.5;221905;0
Полиметалл;D;20091009;000000;269.16;271.8;262.01;268.48;87846;0
Полиметалл;D;20091012;000000;269.01;270.1;266.12;268.8;70805;0
Полиметалл;D;20091013;000000;275.62;275.62;256;261.5;82199;0
Полиметалл;D;20091014;000000;265;270;262.08;267.03;204608;0
Полиметалл;D;20091015;000000;267.03;270;258.12;268;137040;0
Полиметалл;D;20091016;000000;266;270;260.21;264.5;40339;0
Полиметалл;D;20091019;000000;265;269.88;264.19;265.19;47616;0
Полиметалл;D;20091020;000000;269.72;272.99;262.7;269.8;241841;0
Полиметалл;D;20091021;000000;268.04;271;265.11;266.12;41409;0
Полиметалл;D;20091022;000000;267.01;269.55;264.58;266;50482;0
Полиметалл;D;20091023;000000;267.5;274;265.41;271.44;107052;0
Полиметалл;D;20091026;000000;269;271.3;267.7;270;30031;0
Полиметалл;D;20091027;000000;267.64;269.73;264.76;266;45243;0
Полиметалл;D;20091028;000000;265.21;266.79;255.1;255.11;52245;0
Полиметалл;D;20091029;000000;245.5;257;245.5;255.2;187872;0
Полиметалл;D;20091030;000000;263.5;263.5;249.5;250.85;195266;0
Полиметалл;D;20091102;000000;254.8;258;246.24;253.77;84720;0
Полиметалл;D;20091103;000000;254.7;254.7;234.28;241;75647;0
Полиметалл;D;20091105;000000;246.79;254;246.5;250;82933;0
Полиметалл;D;20091106;000000;250;265.99;248.3;259;131181;0
Полиметалл;D;20091109;000000;264.99;269.5;263.1;269.5;231835;0
Полиметалл;D;20091110;000000;269.93;270;266.47;270;61999;0
Полиметалл;D;20091111;000000;271.44;272;267.08;271.87;83924;0
Полиметалл;D;20091112;000000;272.75;275;268.5;272;139248;0
Полиметалл;D;20091113;000000;269.27;282.5;269;272.99;75705;0
Полиметалл;D;20091116;000000;278.5;278.7;272.99;278.62;127841;0
Полиметалл;D;20091117;000000;278;283;273.18;276.99;130015;0
Полиметалл;D;20091118;000000;278.71;282;275.51;280;83342;0
Полиметалл;D;20091119;000000;280;285.4;276.11;281.5;124242;0
Полиметалл;D;20091120;000000;285;288.99;281.6;284.02;174406;0
Полиметалл;D;20091123;000000;293;294.76;281.05;283.98;181611;0
Полиметалл;D;20091124;000000;283.69;286.97;273.33;282.49;197102;0
Полиметалл;D;20091125;000000;275.06;287.53;275.06;283.6;63110;0
Полиметалл;D;20091126;000000;283.6;285.9;273.2;279.9;127532;0
Полиметалл;D;20091127;000000;268.2;278;265;275;66779;0
Полиметалл;D;20091130;000000;278.15;295;270;290;184331;0
Полиметалл;D;20091201;000000;290.5;292.84;280.92;284.5;105146;0
Полиметалл;D;20091202;000000;282.96;287.53;282;284.9;76829;0
Полиметалл;D;20091203;000000;287.36;289;283.11;286.99;87485;0
Полиметалл;D;20091204;000000;282.71;293;279.01;290.02;113999;0
Полиметалл;D;20091207;000000;289.25;293.42;284;288.65;58538;0
Полиметалл;D;20091208;000000;288.1;298;282.52;298;92371;0
Полиметалл;D;20091209;000000;294;302.19;291.55;292.2;52442;0
Полиметалл;D;20091210;000000;289;294.49;286.73;287.8;66111;0
Полиметалл;D;20091211;000000;290;294;288.2;290.9;33313;0
Полиметалл;D;20091214;000000;290.9;295.99;289.56;294;90926;0
Полиметалл;D;20091215;000000;292.88;297;290.51;292.01;75105;0
Полиметалл;D;20091216;000000;292.85;294.89;290.25;294;62346;0
Полиметалл;D;20091217;000000;294.35;295.98;292.9;295.97;67747;0
Полиметалл;D;20091218;000000;292.93;297.3;291;294.45;43299;0
Полиметалл;D;20091221;000000;292.85;299.01;292.85;298.5;105914;0
Полиметалл;D;20091222;000000;294.79;299;294.79;296.02;58953;0
Полиметалл;D;20091223;000000;293.93;297.63;287.34;290;84556;0
Полиметалл;D;20091224;000000;291.97;291.97;278;280;19474;0
Полиметалл;D;20091225;000000;282;282;275;275.33;13741;0
Полиметалл;D;20091228;000000;280.21;280.21;275.15;279.8;10183;0
Полиметалл;D;20091229;000000;280.1;282.8;277.47;278;24963;0
Полиметалл;D;20091230;000000;279.88;282.68;267;279.5;34493;0
Полиметалл;D;20091231;000000;280.41;283.25;277.51;282.7;21464;0
Полиметалл;D;20100111;000000;285;298;285;293.57;140428;0
Полиметалл;D;20100112;000000;293.9;294.6;291.71;294.5;23435;0
Полиметалл;D;20100113;000000;293;296.05;293;296.05;72857;0
Полиметалл;D;20100114;000000;296.15;296.57;293;296;26031;0
Полиметалл;D;20100115;000000;295.94;295.94;288.31;295;45269;0
Полиметалл;D;20100118;000000;285;292.4;284.7;291.99;12679;0
Полиметалл;D;20100119;000000;291.9;294.33;288.1;292.03;42869;0
Полиметалл;D;20100120;000000;292;295;288.5;289;69859;0
Полиметалл;D;20100121;000000;282.5;295.89;282.5;287.69;47366;0
Полиметалл;D;20100122;000000;289.36;289.36;278.56;286.5;57601;0
Полиметалл;D;20100125;000000;283.85;283.85;278.11;280.11;34830;0
Полиметалл;D;20100126;000000;280;282.57;277;280;51717;0
Полиметалл;D;20100127;000000;279.88;281.88;277.66;280.1;19042;0
Полиметалл;D;20100128;000000;281;283.95;276.31;277.97;47125;0
Полиметалл;D;20100129;000000;277.9;282;271.95;279.35;34216;0
Полиметалл;D;20100201;000000;279.9;285;276.11;279.09;50466;0
Полиметалл;D;20100202;000000;281.22;281.22;276.1;280.97;52805;0
Полиметалл;D;20100203;000000;281.01;284.09;277.16;279.05;53330;0
Полиметалл;D;20100204;000000;279.03;284;277.02;284;33415;0
Полиметалл;D;20100205;000000;282.12;283;274.04;276.92;22761;0
Полиметалл;D;20100208;000000;275;288;265.11;275.98;40367;0
Полиметалл;D;20100209;000000;276.46;279.52;273.79;277.94;18330;0
Полиметалл;D;20100210;000000;277.93;281.67;271.89;275.99;9851;0
Полиметалл;D;20100211;000000;275.98;275.99;271.45;275;23783;0
Полиметалл;D;20100212;000000;275.5;279.97;270.12;273.48;17094;0
Полиметалл;D;20100215;000000;274.14;275.99;271;272.93;4672;0
Полиметалл;D;20100216;000000;278;279;275.1;278.88;21907;0
Полиметалл;D;20100217;000000;280;288;275.99;287.99;61408;0
Полиметалл;D;20100218;000000;283.27;292;280.19;290;56973;0
Полиметалл;D;20100219;000000;289.53;292;282.39;285;204122;0
Полиметалл;D;20100224;000000;287.26;297;287;290;120083;0
Полиметалл;D;20100225;000000;286.94;294.81;286.94;288.55;56734;0
Полиметалл;D;20100226;000000;288.04;292;284.07;289.95;39464;0
Полиметалл;D;20100227;000000;288;290.54;285.44;290.49;37490;0
Полиметалл;D;20100301;000000;289.35;294;285.04;288;42967;0
Полиметалл;D;20100302;000000;287.02;295;285.19;290.8;70776;0
Полиметалл;D;20100303;000000;290.51;312;286.41;310;183521;0
Полиметалл;D;20100304;000000;309.98;309.98;297.55;308;100032;0
Полиметалл;D;20100305;000000;305.08;309.79;303.76;306.55;109281;0
Полиметалл;D;20100309;000000;306.44;312;305.03;312;49050;0
Полиметалл;D;20100310;000000;309.97;333.33;306.25;320;61866;0
Полиметалл;D;20100311;000000;320;333.33;315.57;321.1;88556;0
Полиметалл;D;20100312;000000;318.34;326.98;310;317;221219;0
Полиметалл;D;20100315;000000;313.78;319.5;310.62;315.84;20041;0
Полиметалл;D;20100316;000000;315.02;318.84;311;316.49;132964;0
Полиметалл;D;20100317;000000;315.79;323.97;307.99;323.97;243309;0
Полиметалл;D;20100318;000000;323.96;324;316.16;324;21193;0
Полиметалл;D;20100319;000000;325.18;332.85;320.21;330.57;30138;0
Полиметалл;D;20100322;000000;327.28;333;317.93;328.37;53630;0
Полиметалл;D;20100323;000000;327.29;329.96;310.01;315.2;68173;0
Полиметалл;D;20100324;000000;315.69;317.4;313.14;315.39;11476;0
Полиметалл;D;20100325;000000;316.6;316.6;311;314;66200;0
Полиметалл;D;20100326;000000;313.95;318.99;310.7;314.25;175790;0
Полиметалл;D;20100329;000000;321.48;321.48;313;317.84;176291;0
Полиметалл;D;20100330;000000;316.92;317.9;312;314.98;48367;0
Полиметалл;D;20100331;000000;313;316.97;307;311.8;236983;0
Полиметалл;D;20100401;000000;279.78;313.58;279.78;311.5;28560;0
Полиметалл;D;20100402;000000;311.5;312.4;309.5;310;7659;0
Полиметалл;D;20100405;000000;311.47;313.86;309.02;313.54;57182;0
Полиметалл;D;20100406;000000;315.5;315.5;308.14;313.55;70815;0
Полиметалл;D;20100407;000000;312;313.87;304.05;307;76684;0
Полиметалл;D;20100408;000000;298.01;307.97;298.01;305.31;106901;0
Полиметалл;D;20100409;000000;314.04;314.04;304.25;306.88;64241;0
Полиметалл;D;20100412;000000;307.1;307.96;303;307;27412;0
Полиметалл;D;20100413;000000;304.85;307.98;303.12;307.77;21506;0
Полиметалл;D;20100414;000000;308.57;309.8;306.5;308.45;50334;0
Полиметалл;D;20100415;000000;308.51;325.45;308.51;325.45;261565;0
Полиметалл;D;20100416;000000;325.2;325.49;317;317;45639;0
Полиметалл;D;20100419;000000;314.67;315;300;304;72848;0
Полиметалл;D;20100420;000000;329.28;329.28;301;303;70433;0
Полиметалл;D;20100421;000000;305;308.06;303.69;306;31881;0
Полиметалл;D;20100422;000000;306.96;314.15;300.5;300.51;68789;0
Полиметалл;D;20100423;000000;300.5;307.5;300.5;306.98;16229;0
Полиметалл;D;20100426;000000;319.59;319.59;298.5;313;79987;0
Полиметалл;D;20100427;000000;309.69;317;306.41;311.89;47986;0
Полиметалл;D;20100428;000000;309.15;309.15;303.34;306;46713;0
Полиметалл;D;20100429;000000;306.71;308.38;304.63;306.44;12452;0
Полиметалл;D;20100430;000000;305;308.4;301.04;303.52;96676;0
Полиметалл;D;20100504;000000;306;316;306;309.8;37125;0
Полиметалл;D;20100505;000000;309.8;310.97;293.9;299;30656;0
Полиметалл;D;20100506;000000;300;301.5;291.38;300;85407;0
Полиметалл;D;20100507;000000;294.54;310;290;295;183598;0
Полиметалл;D;20100511;000000;300.5;315.2;300.5;315.2;87830;0
Полиметалл;D;20100512;000000;315.42;335;315.42;335;138710;0
Полиметалл;D;20100513;000000;332.49;346;323.8;334.9;149340;0
Полиметалл;D;20100514;000000;334.8;344;328.57;333;72601;0
Полиметалл;D;20100517;000000;334;347;327.01;344;96742;0
Полиметалл;D;20100518;000000;346.15;347.33;332;338.5;72153;0
Полиметалл;D;20100519;000000;336.01;338.99;322.56;335.79;52138;0
Полиметалл;D;20100520;000000;324.77;339;324.77;330;49663;0
Полиметалл;D;20100521;000000;330;339.98;323.49;326;65127;0
Полиметалл;D;20100524;000000;329.9;331;317.79;328;38492;0
Полиметалл;D;20100525;000000;328.15;328.15;313;316;8086;0
Полиметалл;D;20100526;000000;286;330.88;286;330;117379;0
Полиметалл;D;20100527;000000;329.99;333;320.62;329.83;62252;0
Полиметалл;D;20100528;000000;330;345;325.1;345;44753;0
Полиметалл;D;20100531;000000;345;358;339.99;355;22429;0
Полиметалл;D;20100601;000000;352.85;373;346;373;23111;0
Полиметалл;D;20100602;000000;370.7;390;360.04;377.71;51750;0
Полиметалл;D;20100603;000000;383.38;390.13;365.1;371.01;53377;0
Полиметалл;D;20100604;000000;371;384.99;365.09;372;33186;0
Полиметалл;D;20100607;000000;368.8;379;365;375;29703;0
Полиметалл;D;20100608;000000;377.5;410;377.5;394;131618;0
Полиметалл;D;20100609;000000;394;414.14;392;410;60672;0
Полиметалл;D;20100610;000000;410;418.84;398.02;398.97;47868;0
Полиметалл;D;20100611;000000;410;410;387;400.6;60988;0
Полиметалл;D;20100615;000000;401;406.77;394;402.99;53491;0
Полиметалл;D;20100616;000000;400;403;393;395.73;36701;0
Полиметалл;D;20100617;000000;396;396;390;395.95;28404;0
Полиметалл;D;20100618;000000;393;407;390;403.95;209081;0
Полиметалл;D;20100621;000000;398.37;414.5;398.37;414.3;77889;0
Полиметалл;D;20100622;000000;412.4;426.76;408.5;419.82;85652;0
Полиметалл;D;20100623;000000;419.99;425;411.18;422;48445;0
Полиметалл;D;20100624;000000;422;422.4;400.15;403.5;56739;0
Полиметалл;D;20100625;000000;403;419;396.11;408.29;48444;0
Полиметалл;D;20100628;000000;410.01;413.49;399;405.45;45634;0
Полиметалл;D;20100629;000000;405.45;406.86;391.11;397.9;59866;0
Полиметалл;D;20100630;000000;395;406.99;391.98;402;48777;0
Полиметалл;D;20100701;000000;398.38;403.94;385;394;88151;0
Полиметалл;D;20100702;000000;399.97;418.8;398;413;97018;0
Полиметалл;D;20100705;000000;420;420;405.21;408.36;7044;0
Полиметалл;D;20100706;000000;411;427;408.36;415.89;79717;0
Полиметалл;D;20100707;000000;415.59;415.59;396.01;415;27296;0
Полиметалл;D;20100708;000000;415.53;418.46;406.99;409;5218;0
Полиметалл;D;20100709;000000;409.99;410;396.6;400;60412;0
Полиметалл;D;20100712;000000;399.94;403;396.38;401.28;15224;0
Полиметалл;D;20100713;000000;403.48;403.95;391.2;393.98;25051;0
Полиметалл;D;20100714;000000;397.25;398.37;390.17;395;61042;0
Полиметалл;D;20100715;000000;344.28;396.7;344.28;394.2;38570;0
Полиметалл;D;20100716;000000;397.71;397.71;378.5;380;43501;0
Полиметалл;D;20100719;000000;381.98;390.25;381.51;389;50382;0
Полиметалл;D;20100720;000000;342.35;394.04;342.35;388.7;33842;0
Полиметалл;D;20100721;000000;389.89;393.96;377.32;390;27554;0
Полиметалл;D;20100722;000000;387.09;403.5;387;402;40337;0
Полиметалл;D;20100723;000000;404;414.21;402;409.96;23514;0
Полиметалл;D;20100726;000000;409.96;415.98;409.96;412.01;30582;0
Полиметалл;D;20100727;000000;413.01;416.5;403.29;407.22;82296;0
Полиметалл;D;20100728;000000;409.95;409.95;399.5;402.29;28063;0
Полиметалл;D;20100729;000000;434.75;434.75;395;400.89;16179;0
Полиметалл;D;20100730;000000;403;403.79;398;399.98;20465;0
Полиметалл;D;20100802;000000;400.99;407.99;398.1;404.6;30292;0
Полиметалл;D;20100803;000000;409.1;409.1;398.13;403.94;21210;0
Полиметалл;D;20100804;000000;404.99;404.99;399;404.5;36842;0
Полиметалл;D;20100805;000000;406.24;406.24;400.03;404;13520;0
Полиметалл;D;20100806;000000;404.96;404.96;395;395;15984;0
Полиметалл;D;20100809;000000;396.98;400.4;390.12;395.73;12901;0
Полиметалл;D;20100810;000000;395.29;395.29;388;389.94;19574;0
Полиметалл;D;20100811;000000;386.88;389.99;380;384.72;27266;0
Полиметалл;D;20100812;000000;384.71;388.84;379;382.89;17526;0
Полиметалл;D;20100813;000000;383.21;388.61;366.67;369;44501;0
Полиметалл;D;20100816;000000;372.34;375.9;351.23;362.09;38997;0
Полиметалл;D;20100817;000000;362.97;377.78;362.96;376.5;61142;0
Полиметалл;D;20100818;000000;378.88;380;369;379.99;23901;0
Полиметалл;D;20100819;000000;328.05;378.73;328.05;377.99;16342;0
Полиметалл;D;20100820;000000;377.89;380.98;372;378.95;13098;0
Полиметалл;D;20100823;000000;379.26;382;371;374.06;25489;0
Полиметалл;D;20100824;000000;372.01;372.01;355;359.38;72120;0
Полиметалл;D;20100825;000000;360.01;361.47;351.38;356.27;16654;0
Полиметалл;D;20100826;000000;360;367;356.34;358.49;17804;0
Полиметалл;D;20100827;000000;358.5;359.01;353.11;356.27;10393;0
Полиметалл;D;20100830;000000;379.03;379.03;357.18;361.06;9403;0
Полиметалл;D;20100831;000000;360.17;373;351.38;373;32879;0
Полиметалл;D;20100901;000000;375;395;373.16;393;69619;0
Полиметалл;D;20100902;000000;446.77;446.77;387.6;396.99;66198;0
Полиметалл;D;20100903;000000;455.57;455.57;396.15;409;87366;0
Полиметалл;D;20100906;000000;409.72;414.98;404;412;31211;0
Полиметалл;D;20100907;000000;410.99;414.69;400;407;16932;0
Полиметалл;D;20100908;000000;409.99;439.96;409.99;439.96;131782;0
Полиметалл;D;20100909;000000;439.96;439.96;424.5;437;146449;0
Полиметалл;D;20100910;000000;436;438;430.3;434.41;69390;0
Полиметалл;D;20100913;000000;432.75;448;432.75;447.95;86928;0
Полиметалл;D;20100914;000000;444.98;455.1;442.62;449.7;35020;0
Полиметалл;D;20100915;000000;450.01;459.98;440.02;459.98;25226;0
Полиметалл;D;20100916;000000;457.99;468.89;452.48;458.96;40854;0
Полиметалл;D;20100917;000000;463.15;464;450.12;464;31895;0
Полиметалл;D;20100920;000000;468.43;468.64;452.21;464.39;30161;0
Полиметалл;D;20100921;000000;463.8;465;458.52;465;11278;0
Полиметалл;D;20100922;000000;465;475;461.05;470.5;15331;0
Полиметалл;D;20100923;000000;472.26;479.18;465.55;479.01;11442;0
Полиметалл;D;20100924;000000;479.01;486;475.16;486;72384;0
Полиметалл;D;20100927;000000;485.02;494;479.99;491.9;18812;0
Полиметалл;D;20100928;000000;492.98;514.69;477.91;484.01;83555;0
Полиметалл;D;20100929;000000;487.01;495.8;454.5;457.66;185992;0
Полиметалл;D;20100930;000000;459;468;453.37;464;131473;0
Полиметалл;D;20101001;000000;463.2;469.71;453.99;457.49;99387;0
Полиметалл;D;20101004;000000;459.8;461.62;454.98;459.94;22618;0
Полиметалл;D;20101005;000000;459.42;474;455.67;469.16;68694;0
Полиметалл;D;20101006;000000;484.37;530;470;525;219677;0
Полиметалл;D;20101007;000000;521.86;549;499.9;517;311436;0
Полиметалл;D;20101008;000000;515.49;518.51;502.03;515.3;28775;0
Полиметалл;D;20101011;000000;516.81;520.49;510.88;512.01;50995;0
Полиметалл;D;20101012;000000;511.29;530;510.12;516.98;110350;0
Полиметалл;D;20101013;000000;518.57;532.45;517.22;527;197722;0
Полиметалл;D;20101014;000000;527.45;535.01;525.17;530;108188;0
Полиметалл;D;20101015;000000;533.46;534.9;517.78;520;89616;0
Полиметалл;D;20101018;000000;520;526;513.8;515;34884;0
Полиметалл;D;20101019;000000;517.94;520.93;514.01;514.5;31398;0
Полиметалл;D;20101020;000000;528.51;528.51;502.47;505;37973;0
Полиметалл;D;20101021;000000;505.2;511.74;499.45;506.88;49906;0
Полиметалл;D;20101022;000000;505.25;508.99;490.01;497.7;38543;0
Полиметалл;D;20101025;000000;499.29;499.29;475;487.23;46453;0
Полиметалл;D;20101026;000000;484.28;526.98;483.26;525.87;267999;0
Полиметалл;D;20101027;000000;523.55;526.87;500;508;206423;0
Полиметалл;D;20101028;000000;509.93;515;501;501.99;23192;0
Полиметалл;D;20101029;000000;500.55;504.48;486.15;494.41;126680;0
Полиметалл;D;20101101;000000;497.76;499.47;486.01;488.99;139605;0
Полиметалл;D;20101102;000000;492.97;492.97;480.02;483.29;76654;0
Полиметалл;D;20101103;000000;483.01;485.84;472.11;479.9;59693;0
Полиметалл;D;20101108;000000;484.99;494.44;480.25;492;95924;0
Полиметалл;D;20101109;000000;491.95;525;491.9;517.41;194623;0
Полиметалл;D;20101110;000000;518;518.5;492.13;515.5;95316;0
Полиметалл;D;20101111;000000;524.99;525;501.13;505;53406;0
Полиметалл;D;20101112;000000;500;514.88;495;505.71;70918;0
Полиметалл;D;20101113;000000;504.8;504.98;492.11;496.12;15195;0
Полиметалл;D;20101115;000000;498.88;504.44;485.13;502;41097;0
Полиметалл;D;20101116;000000;501.55;508;495;505;58752;0
Полиметалл;D;20101117;000000;505.74;505.74;492.42;494.4;44296;0
Полиметалл;D;20101118;000000;495.25;505;493.94;504.99;36010;0
Полиметалл;D;20101119;000000;503.1;505.5;498.1;504.88;34345;0
Полиметалл;D;20101122;000000;504.99;520;504.44;515.3;123608;0
Полиметалл;D;20101123;000000;515.01;532;510.01;532;171040;0
Полиметалл;D;20101124;000000;534.13;538.89;525.24;535;50501;0
Полиметалл;D;20101125;000000;530.74;541.88;524.2;530;58322;0
Полиметалл;D;20101126;000000;531;548.8;527.71;545;55908;0
Полиметалл;D;20101129;000000;544.01;576.89;543.01;565.97;34754;0
Полиметалл;D;20101130;000000;569.54;589.44;559.61;570;139748;0
Полиметалл;D;20101201;000000;570;588.87;560.2;560.2;98908;0
Полиметалл;D;20101202;000000;571;593.89;565.3;587;44968;0
Полиметалл;D;20101203;000000;586.25;608.88;582;600.02;99699;0
Полиметалл;D;20101206;000000;602.9;638.89;602.9;612.86;90951;0
Полиметалл;D;20101207;000000;617.14;749.95;615;625;519881;0
Полиметалл;D;20101208;000000;619.32;653.98;599.9;609.98;347153;0
Полиметалл;D;20101209;000000;616.38;618.92;587;603;128577;0
Полиметалл;D;20101210;000000;604;604;558;562.88;260963;0
Полиметалл;D;20101213;000000;574.95;576.77;542.15;561;232428;0
Полиметалл;D;20101214;000000;559.39;575.31;555.06;575;181188;0
Полиметалл;D;20101215;000000;575;598.77;566.2;589.6;171869;0
Полиметалл;D;20101216;000000;588;594;580.07;585.6;72312;0
Полиметалл;D;20101217;000000;585.1;586;580;582;46142;0
Полиметалл;D;20101220;000000;588.39;588.39;569.5;570.13;65217;0
Полиметалл;D;20101221;000000;577.54;577.54;559;562.95;166550;0
Полиметалл;D;20101222;000000;562.99;574.91;560.3;569.99;107947;0
Полиметалл;D;20101223;000000;570;572;559.8;563.57;77184;0
Полиметалл;D;20101224;000000;565.01;569.03;563.58;564.13;23979;0
Полиметалл;D;20101227;000000;579.16;579.16;557.1;559.98;44138;0
Полиметалл;D;20101228;000000;559.47;563.95;558.01;563.93;25364;0
Полиметалл;D;20101229;000000;564.12;571.9;560.05;570;90184;0
Полиметалл;D;20101230;000000;568.01;574.2;557;574.2;122794;0
Полиметалл;D;20110111;000000;575.42;575.42;545;550.98;568567;0
Полиметалл;D;20110112;000000;553.15;554;545.09;548.35;234385;0
Полиметалл;D;20110113;000000;545.49;550.39;536;538;166827;0
Полиметалл;D;20110114;000000;544.9;544.9;521.1;532;142012;0
Полиметалл;D;20110117;000000;532;554.65;523.31;552.3;339500;0
Полиметалл;D;20110118;000000;553;569.5;552.3;560.51;364695;0
Полиметалл;D;20110119;000000;568.46;573;551.16;555.99;225042;0
Полиметалл;D;20110120;000000;550.04;554.22;532.9;539.97;181309;0
Полиметалл;D;20110121;000000;533.5;545.77;528;532;150737;0
Полиметалл;D;20110124;000000;532.4;536.46;506.61;520;176454;0
Полиметалл;D;20110125;000000;520;522;503.71;505;173808;0
Полиметалл;D;20110126;000000;509;513.5;503.01;507.29;197440;0
Полиметалл;D;20110127;000000;509.53;520;506;515.9;230008;0
Полиметалл;D;20110128;000000;517.88;517.9;505.01;507;100812;0
Полиметалл;D;20110131;000000;504.7;509.93;493.03;509.93;190747;0
Полиметалл;D;20110201;000000;510.23;514.89;495;505.88;208430;0
Полиметалл;D;20110202;000000;505.5;514.1;500.8;509.2;177014;0
Полиметалл;D;20110203;000000;509.2;509.8;500;507.5;114852;0
Полиметалл;D;20110204;000000;510;511.22;506.11;508.79;77152;0
Полиметалл;D;20110207;000000;509.33;518.5;506.51;512.15;156089;0
Полиметалл;D;20110208;000000;513.55;514.5;495;498.55;126886;0
Полиметалл;D;20110209;000000;501;505.5;492.02;505;86672;0
Полиметалл;D;20110210;000000;503.01;503.01;481.51;488.1;140611;0
Полиметалл;D;20110211;000000;487.5;505.5;484.25;499.65;61970;0
Полиметалл;D;20110214;000000;500;505.15;493.57;503.96;48000;0
Полиметалл;D;20110215;000000;503.49;511;498.01;504.74;146281;0
Полиметалл;D;20110216;000000;505;511;500.07;501.06;84996;0
Полиметалл;D;20110217;000000;501.09;507.2;500.2;504.45;64083;0
Полиметалл;D;20110218;000000;506.5;507.21;500.62;503.5;71256;0
Полиметалл;D;20110221;000000;504.9;543;504.07;543;510732;0
Полиметалл;D;20110222;000000;539.8;543.84;529.5;541.59;137874;0
Полиметалл;D;20110224;000000;545;569.89;541;557.97;614536;0
Полиметалл;D;20110225;000000;555.03;557.87;536.66;542.36;125456;0
Полиметалл;D;20110228;000000;548.44;551.2;544.01;550;429843;0
Полиметалл;D;20110301;000000;552;559;543.2;546;283160;0
Полиметалл;D;20110302;000000;554;560;543.2;547.1;189230;0
Полиметалл;D;20110303;000000;547.1;549;544.1;545.8;150320;0
Полиметалл;D;20110304;000000;544;548;543;545.2;142620;0
Полиметалл;D;20110305;000000;545.7;549;545.7;546.9;30140;0
Полиметалл;D;20110309;000000;542.3;549.5;542;545;73350;0
Полиметалл;D;20110310;000000;541.4;543.1;521.3;530;198900;0
Полиметалл;D;20110311;000000;529.8;529.8;513.9;516.8;157170;0
Полиметалл;D;20110314;000000;515.9;527.4;513;519.8;126530;0
Полиметалл;D;20110315;000000;517;528;499;528;167200;0
Полиметалл;D;20110316;000000;492.5;533.4;492.5;516.5;78250;0
Полиметалл;D;20110317;000000;501.4;523;501.4;517.9;107300;0
Полиметалл;D;20110318;000000;517.9;520;506.2;506.4;74930;0
Полиметалл;D;20110321;000000;515.6;515.6;502.8;506.3;68940;0
Полиметалл;D;20110322;000000;506.4;510;505;510;263820;0
Полиметалл;D;20110323;000000;508.6;523.3;506;523;191790;0
Полиметалл;D;20110324;000000;523.6;540;522;539;213840;0
Полиметалл;D;20110325;000000;533.3;544.9;528.3;539.8;63330;0
Полиметалл;D;20110328;000000;539;545.7;531.4;545;79310;0
Полиметалл;D;20110329;000000;545.5;547.2;534;536.1;112650;0
Полиметалл;D;20110330;000000;538.1;542.8;538;539.6;43550;0
Полиметалл;D;20110331;000000;546;546;533.1;541.1;75970;0
Полиметалл;D;20110401;000000;477.2;545.3;477.2;543;92680;0
Полиметалл;D;20110404;000000;545;545;540;541;111380;0
Полиметалл;D;20110405;000000;542;561;542;560.4;312240;0
Полиметалл;D;20110406;000000;560.2;586.7;560.2;584.7;363510;0
Полиметалл;D;20110407;000000;585;589;568.8;585.4;197050;0
Полиметалл;D;20110408;000000;586.3;602;580.1;599.9;262090;0
Полиметалл;D;20110411;000000;602;605.4;580;589;276310;0
Полиметалл;D;20110412;000000;586.4;586.4;563.2;583.3;157940;0
Полиметалл;D;20110413;000000;583;583;565.3;572.9;113790;0
Полиметалл;D;20110414;000000;572;572;555.6;566.7;110880;0
Полиметалл;D;20110415;000000;567.1;602;567;599.5;220180;0
Полиметалл;D;20110418;000000;600.8;601.5;560;582;322330;0
Полиметалл;D;20110419;000000;583;583;565;571.8;121490;0
Полиметалл;D;20110420;000000;585.5;591;545;554.1;414310;0
Полиметалл;D;20110421;000000;558;560;528;531.6;340800;0
Полиметалл;D;20110422;000000;531.6;553;530.6;544.9;164920;0
Полиметалл;D;20110425;000000;550.4;565.7;542.4;549.2;228120;0
Полиметалл;D;20110426;000000;549.3;549.5;531.3;535;173420;0
Полиметалл;D;20110427;000000;535.5;541.8;520;524.1;127920;0
Полиметалл;D;20110428;000000;529.6;545;526;528;279880;0
Полиметалл;D;20110429;000000;532;544;513;539;238430;0
Полиметалл;D;20110503;000000;538;538.9;520;524.7;142630;0
Полиметалл;D;20110504;000000;524;524;505.4;505.8;144260;0
Полиметалл;D;20110505;000000;506.2;515.8;488.9;503.3;213930;0
Полиметалл;D;20110506;000000;498.9;498.9;478.7;483.1;350060;0
Полиметалл;D;20110510;000000;487.8;503;487.8;494.2;192520;0
Полиметалл;D;20110511;000000;496;505.1;478.1;478.1;178240;0
Полиметалл;D;20110512;000000;475.5;475.5;452;458;266910;0
Полиметалл;D;20110513;000000;455.5;465;451.3;451.4;279840;0
Полиметалл;D;20110516;000000;450;467.7;440;465.5;183450;0
Полиметалл;D;20110517;000000;475;486.7;467.8;477;257890;0
Полиметалл;D;20110518;000000;482;505.1;476;505.1;260620;0
Полиметалл;D;20110519;000000;536.7;536.7;491.2;494.8;122640;0
Полиметалл;D;20110520;000000;496.8;499.9;485.8;496;181750;0
Полиметалл;D;20110523;000000;528;528;462.2;479.6;168600;0
Полиметалл;D;20110524;000000;480;494;475.5;494;133860;0
Полиметалл;D;20110525;000000;487.7;498;487.7;491.9;162090;0
Полиметалл;D;20110526;000000;495;498;486;494;190770;0
Полиметалл;D;20110527;000000;496.8;509.8;495.2;509.8;124710;0
Полиметалл;D;20110530;000000;509.8;533.9;508;528.4;343170;0
Полиметалл;D;20110531;000000;529.1;584;524;549.9;1685520;0
Полиметалл;D;20110601;000000;540;547;536;543.2;348170;0
Полиметалл;D;20110602;000000;502.5;550;502.5;537.1;173740;0
Полиметалл;D;20110603;000000;549;549;538.6;541.7;244020;0
Полиметалл;D;20110606;000000;543;549;542.6;543.1;59760;0
Полиметалл;D;20110607;000000;537.5;558.1;537.5;555;123520;0
Полиметалл;D;20110608;000000;554.1;558;546.8;546.8;125620;0
Полиметалл;D;20110609;000000;563;564;547.3;554.1;127500;0
Полиметалл;D;20110610;000000;555.8;568.8;554;557.4;93140;0
Полиметалл;D;20110614;000000;570.2;570.2;555;562;127220;0
Полиметалл;D;20110615;000000;562.5;603;558.3;578.9;338640;0
Полиметалл;D;20110616;000000;579.2;579.2;560.6;575;94420;0
Полиметалл;D;20110617;000000;572;574.8;552.3;565.2;61400;0
Полиметалл;D;20110620;000000;574.8;574.8;553;553;72200;0
Полиметалл;D;20110621;000000;554;562.7;545;548.6;114150;0
Полиметалл;D;20110622;000000;552.5;554.5;542.1;550;58830;0
Полиметалл;D;20110623;000000;548.6;549;531.3;537;60780;0
Полиметалл;D;20110624;000000;537;558.7;537;543.9;95890;0
Полиметалл;D;20110627;000000;543.1;547.2;537.1;542.1;30260;0
Полиметалл;D;20110628;000000;544.2;560;543.2;549.5;144190;0
Полиметалл;D;20110629;000000;529.8;561.7;529.8;541.6;53820;0
Полиметалл;D;20110630;000000;549.5;554.1;531.4;536;96790;0
Полиметалл;D;20110701;000000;537.9;544.4;523.7;532;121000;0
Полиметалл;D;20110704;000000;534.5;540;530.2;534.9;14200;0
Полиметалл;D;20110705;000000;536.4;536.5;524.2;528.9;108900;0
Полиметалл;D;20110706;000000;531.9;533.2;520;522.4;141650;0
Полиметалл;D;20110707;000000;522.8;531;522.7;528.5;240550;0
Полиметалл;D;20110708;000000;528.1;539;516.7;525.9;192910;0
Полиметалл;D;20110711;000000;526;531;518;521;117970;0
Полиметалл;D;20110712;000000;530.6;530.6;514.5;519.1;82330;0
Полиметалл;D;20110713;000000;557.9;557.9;519;539;127610;0
Полиметалл;D;20110714;000000;539;577;538;575.9;412360;0
Полиметалл;D;20110715;000000;575;575;565.1;568.9;121000;0
Полиметалл;D;20110718;000000;570.3;599;570.3;596;263950;0
Полиметалл;D;20110719;000000;601;601;583.1;589.8;229030;0
Полиметалл;D;20110720;000000;587.6;588.3;563.6;563.6;313900;0
Полиметалл;D;20110721;000000;568;578.8;544;561;278740;0
Полиметалл;D;20110722;000000;560.5;574.7;551.2;554.8;270680;0
Полиметалл;D;20110725;000000;560.1;575;560;561.6;334740;0
Полиметалл;D;20110726;000000;566;579.9;566;578.4;267720;0
Полиметалл;D;20110727;000000;580;596;580;589.6;299010;0
Полиметалл;D;20110728;000000;587;593.2;577.1;586;144330;0
Полиметалл;D;20110729;000000;589.5;590;570.5;574.1;174360;0
Полиметалл;D;20110801;000000;571.7;581.7;560.6;572.6;165370;0
Полиметалл;D;20110802;000000;579.3;584.9;573.7;583;160280;0
Полиметалл;D;20110803;000000;585.6;593.4;555;556.8;255980;0
Полиметалл;D;20110804;000000;566.7;566.7;533.9;534;256840;0
Полиметалл;D;20110805;000000;520;534;461;523.9;379320;0
Полиметалл;D;20110808;000000;515.2;545;500;500;367910;0
Полиметалл;D;20110809;000000;485;529;480.1;515;342830;0
Полиметалл;D;20110810;000000;525;548.7;525;536.5;321430;0
Полиметалл;D;20110811;000000;547.6;570;527.4;558.4;414540;0
Полиметалл;D;20110812;000000;558.5;570;555.3;567;91900;0
Полиметалл;D;20110815;000000;570.1;575.2;549;575;119230;0
Полиметалл;D;20110816;000000;575;575;550;561;137260;0
Полиметалл;D;20110817;000000;562.2;563.1;552.5;558.7;51460;0
Полиметалл;D;20110818;000000;555.1;562;530.2;555;100190;0
Полиметалл;D;20110819;000000;541.3;574.8;510;574.8;448710;0
Полиметалл;D;20110822;000000;565;611.4;550.2;611.4;559490;0
Полиметалл;D;20110823;000000;611.9;636;610;627;365720;0
Полиметалл;D;20110824;000000;620;625.4;596.8;612;72020;0
Полиметалл;D;20110825;000000;604.9;608.2;588.7;597;171530;0
Полиметалл;D;20110826;000000;597.5;614.6;595.3;602.1;115830;0
Полиметалл;D;20110829;000000;612.6;618;607;609;141960;0
Полиметалл;D;20110830;000000;607;629.2;607;622.2;161610;0
Полиметалл;D;20110831;000000;619;631.5;619;627.3;183750;0
Полиметалл;D;20110901;000000;621.2;628.6;611.9;619.5;190490;0
Полиметалл;D;20110902;000000;633.3;633.3;612;626.4;167600;0
Полиметалл;D;20110905;000000;624.9;629.7;599;615;217150;0
Полиметалл;D;20110906;000000;615;615;604.3;609;158880;0
Полиметалл;D;20110907;000000;606.4;614.4;602.3;607;160800;0
Полиметалл;D;20110908;000000;625.6;625.6;598.5;616.9;112150;0
Полиметалл;D;20110909;000000;621.6;621.6;592.2;598.5;475220;0
Полиметалл;D;20110912;000000;593.8;611;570.1;610;518010;0
Полиметалл;D;20110913;000000;641.9;641.9;580;591;389510;0
Полиметалл;D;20110914;000000;591;611;588.5;607.5;700640;0
Полиметалл;D;20110915;000000;603.5;606;594;598.5;295030;0
Полиметалл;D;20110916;000000;599.9;601.5;582;582;131590;0
Полиметалл;D;20110919;000000;587.5;594.5;575.2;594;237980;0
Полиметалл;D;20110920;000000;564.9;613;564.9;603;192740;0
Полиметалл;D;20110921;000000;609.8;621;604;620.6;144540;0
Полиметалл;D;20110922;000000;620.4;625;590;598;339240;0
Полиметалл;D;20110923;000000;598;599.8;558.2;560;321460;0
Полиметалл;D;20110926;000000;560;570;510;546;190710;0
Полиметалл;D;20110927;000000;550.3;573.8;543.9;547;140030;0
Полиметалл;D;20110928;000000;548.1;570;525;539.7;192760;0
Полиметалл;D;20110929;000000;538;545;521.5;532;187990;0
Полиметалл;D;20110930;000000;532.5;550;476.7;498;621800;0
Полиметалл;D;20111003;000000;476.5;508;470;497;288750;0
Полиметалл;D;20111004;000000;496;506.2;466;487.9;434940;0
Полиметалл;D;20111005;000000;487.9;498;468;470;376450;0
Полиметалл;D;20111006;000000;474.7;485.2;464.6;477;331500;0
Полиметалл;D;20111007;000000;490;492;477.6;484.9;315940;0
Полиметалл;D;20111010;000000;493.5;494;470;481.5;321670;0
Полиметалл;D;20111011;000000;485;485;470;472;166070;0
Полиметалл;D;20111012;000000;472;481;465;466.5;409020;0
Полиметалл;D;20111013;000000;468.8;478.8;456;460.3;512520;0
Полиметалл;D;20111014;000000;460.3;482.5;457.2;480;465740;0
Полиметалл;D;20111017;000000;487.5;492.4;476;487;504920;0
Полиметалл;D;20111018;000000;485;495.5;482.3;494;653890;0
Полиметалл;D;20111019;000000;538;538;491.1;497;670240;0
Полиметалл;D;20111020;000000;531.4;531.4;476.6;499;2885580;0
Полиметалл;D;20111021;000000;501.4;505;495.5;500;3337230;0
Полиметалл;D;20111024;000000;504.5;507.1;497;500.8;749560;0
Полиметалл;D;20111025;000000;500.5;503.7;500;501.1;279040;0
Полиметалл;D;20111026;000000;502.5;507.1;500;501.8;220960;0
Полиметалл;D;20111027;000000;495.5;506;495.5;503;757600;0
Полиметалл;D;20111028;000000;504.4;517;503.7;506.5;293720;0
Полиметалл;D;20111031;000000;507.1;507.5;503.4;505.7;83290;0
Полиметалл;D;20111101;000000;505.6;505.7;502;503.3;104160;0
Полиметалл;D;20111102;000000;503.2;503.5;501;502.5;65220;0
Полиметалл;D;20111103;000000;500;506;497;503;80930;0
Полиметалл;D;20111107;000000;502.1;504;500.5;500.6;101110;0
Полиметалл;D;20111108;000000;501.1;518;501.1;507.4;506570;0
Полиметалл;D;20111109;000000;510;521.4;506;510;916280;0
Полиметалл;D;20111110;000000;506;512;501.2;508.5;390390;0
Полиметалл;D;20111111;000000;508.5;511.2;507.1;510.5;1161090;0
Полиметалл;D;20111114;000000;509.9;514.4;506;510;203400;0
Полиметалл;D;20111115;000000;508.2;520;508.2;511.5;88590;0
Полиметалл;D;20111116;000000;516.5;516.5;509.9;516;44920;0
Полиметалл;D;20111117;000000;513.2;517.8;510.3;511.5;29230;0
Полиметалл;D;20111118;000000;510.7;514;509.9;511.9;113280;0
Полиметалл;D;20111121;000000;511.9;514;505.2;511.1;101110;0
Полиметалл;D;20111122;000000;510;514.5;510;511.4;64480;0
Полиметалл;D;20111123;000000;514.5;517;511;512.3;98380;0
Полиметалл;D;20111124;000000;512.6;515;512.3;513.1;54950;0
Полиметалл;D;20111125;000000;513.9;515;512.6;514.6;53890;0
Полиметалл;D;20111128;000000;515;517.9;512.3;514.1;74260;0
Полиметалл;D;20111129;000000;513.2;515.4;509.2;515;61490;0
Полиметалл;D;20111130;000000;514.2;515.9;513.6;515.4;60370;0
Полиметалл;D;20111201;000000;514.6;515.9;511.5;514.4;220000;0
Полиметалл;D;20111202;000000;514.5;515.4;514;515;66800;0
Полиметалл;D;20111205;000000;515;516.5;514.5;514.5;400200;0
Полиметалл;D;20111206;000000;515;516.3;514.5;515.3;28660;0
Полиметалл;D;20111207;000000;514.7;516.5;514.4;515.5;125760;0
Полиметалл;D;20111208;000000;515.6;516.4;514.5;514.7;62670;0
Полиметалл;D;20111209;000000;514.6;515.4;514;515;117210;0
Полиметалл;D;20111212;000000;515;516.3;514.1;515.7;82510;0
Полиметалл;D;20111213;000000;515.5;516.4;515.1;515.5;249900;0
Полиметалл;D;20111214;000000;518.5;518.5;501;514.8;75570;0
Полиметалл;D;20111215;000000;515;516.1;513.8;515.6;222520;0
Полиметалл;D;20111216;000000;515.6;515.6;514.6;514.8;71720;0
Полиметалл;D;20111219;000000;514.2;517.1;514.1;516.1;228810;0
Полиметалл;D;20111220;000000;519.3;519.3;515;517.9;208790;0
Полиметалл;D;20111221;000000;520.1;520.1;515.7;516.5;182960;0
Полиметалл;D;20111222;000000;515.3;517;515.1;516.5;220840;0
Полиметалл;D;20111223;000000;517.9;518.1;517;518.1;86600;0
Полиметалл;D;20111226;000000;517.3;519;517.3;518.9;26370;0
Полиметалл;D;20111227;000000;522.1;522.1;515.2;519;56770;0
Полиметалл;D;20111228;000000;515.7;523.5;515.7;520.9;203450;0
Полиметалл;D;20111229;000000;525.2;525.2;518.5;521;56690;0
Полиметалл;D;20111230;000000;526.8;526.9;520.1;526.9;105020;0
Полиметалл;D;20120103;000000;521.2;526.9;519.1;522.5;24290;0
Полиметалл;D;20120104;000000;517;523.6;517;523.6;1040;0
Полиметалл;D;20120105;000000;518.8;523.9;518.8;522.8;1990;0
Полиметалл;D;20120106;000000;521.9;523.4;521.5;521.6;1690;0
Полиметалл;D;20120109;000000;520.6;521.9;520;521.5;4040;0
Полиметалл;D;20120110;000000;524.4;524.4;520;521;71850;0
Полиметалл;D;20120111;000000;526.9;526.9;521;521.5;368850;0
Полиметалл;D;20120112;000000;521.1;522.7;518.8;521.5;291540;0
Полиметалл;D;20120113;000000;524.4;524.4;521;521;84680;0
Полиметалл;D;20120116;000000;546.5;546.5;509.2;522.5;71840;0
Полиметалл;D;20120117;000000;526.6;526.6;520.1;521.3;25740;0
Полиметалл;D;20120118;000000;521.1;522.9;517.6;520.5;31390;0
Полиметалл;D;20120119;000000;520;522.9;520;520.8;6410;0
Полиметалл;D;20120120;000000;525.1;527;520;521.1;4000;0
Полиметалл;D;20120123;000000;526;527;519;521;37750;0
Полиметалл;D;20120124;000000;529.1;529.1;518;525;12410;0
Полиметалл;D;20120125;000000;517.6;531;517.6;524.7;696930;0
Полиметалл;D;20120126;000000;529.5;533.2;520.2;520.8;10860;0
Полиметалл;D;20120127;000000;525.2;525.2;515.2;520.7;80090;0
Полиметалл;D;20120130;000000;515.9;524.1;515.9;521.2;7960;0
Полиметалл;D;20120131;000000;520.5;530;520;530;56030;0
Полиметалл;D;20120201;000000;525;530.2;524;527.2;3800;0
Полиметалл;D;20120202;000000;529.4;529.9;522.3;523.4;3440;0
Полиметалл;D;20120203;000000;523.2;531;523.2;529.7;24790;0
Полиметалл;D;20120206;000000;529;647;522.2;542.9;955000;0
Полиметалл;D;20120207;000000;542.5;549.9;525.1;526;245090;0
Полиметалл;D;20120208;000000;527.9;528.6;518;518.2;179170;0
Полиметалл;D;20120209;000000;520.2;535;518.2;519.4;124220;0
Полиметалл;D;20120210;000000;519.2;523.7;519;521;53450;0
Полиметалл;D;20120213;000000;522;529.5;519;524;38020;0
Полиметалл;D;20120214;000000;524.7;525;519.5;521;33260;0
Полиметалл;D;20120215;000000;524.6;527.7;521.2;523.7;23870;0
Полиметалл;D;20120216;000000;521.2;526.8;518.1;521.1;25110;0
Полиметалл;D;20120217;000000;522.3;533.5;515.9;521.7;79040;0
Полиметалл;D;20120220;000000;523.8;523.8;518.2;519.4;37680;0
Полиметалл;D;20120221;000000;518.1;518.1;506.5;508.7;39280;0
Полиметалл;D;20120222;000000;511.1;511.2;501.2;502.2;41530;0
Полиметалл;D;20120224;000000;505;506.9;490.1;499.9;70700;0
Полиметалл;D;20120227;000000;503.5;504.4;495.6;498.9;27170;0
Полиметалл;D;20120228;000000;500;517.1;492.6;493.2;32960;0
Полиметалл;D;20120229;000000;495;498.7;493.2;496.6;18540;0
Полиметалл;D;20120301;000000;495;496;488.1;493;31850;0
Полиметалл;D;20120302;000000;494.3;494.6;487.7;492.1;28110;0
Полиметалл;D;20120305;000000;495.1;497.6;490.8;494;16530;0
Полиметалл;D;20120306;000000;492.5;497;490.3;496.8;31960;0
Полиметалл;D;20120307;000000;498.2;503.7;492;498.5;33630;0
Полиметалл;D;20120311;000000;504.4;504.4;498.8;500.4;7540;0
Полиметалл;D;20120312;000000;504.9;513;496.9;503.4;80630;0
Полиметалл;D;20120313;000000;506.6;509;500;506;39290;0
Полиметалл;D;20120314;000000;507.2;507.2;502.2;505;25270;0
Полиметалл;D;20120315;000000;503.3;508;502.1;506.9;26710;0
Полиметалл;D;20120316;000000;507.5;511.8;504.6;507.6;20560;0
Полиметалл;D;20120319;000000;507.6;508;505;508;26330;0
Полиметалл;D;20120320;000000;506;518.2;505;518.2;37610;0
Полиметалл;D;20120321;000000;521.2;525.2;506;510;23830;0
Полиметалл;D;20120322;000000;515.1;515.1;505.1;507.8;10320;0
Полиметалл;D;20120323;000000;505.8;513;505.8;513;3830;0
Полиметалл;D;20120326;000000;509.3;513.9;507.4;511.9;9470;0
Полиметалл;D;20120327;000000;507.9;520;507.9;509.3;12740;0
Полиметалл;D;20120328;000000;513.2;513.2;507.1;507.3;9670;0
Полиметалл;D;20120329;000000;509.7;510;505.1;507.9;9630;0
Полиметалл;D;20120330;000000;505.7;517.3;505.7;516;18960;0
Полиметалл;D;20120402;000000;478;515;478;509.1;12630;0
Полиметалл;D;20120403;000000;510.4;511.4;509.5;510.8;1410;0
Полиметалл;D;20120404;000000;510.1;512;509;510.2;14080;0
Полиметалл;D;20120405;000000;513.1;513.1;508.5;511.7;1750;0
Полиметалл;D;20120406;000000;510;513.8;509.2;509.3;4900;0
Полиметалл;D;20120409;000000;509.1;514.2;509;511;10170;0
Полиметалл;D;20120410;000000;508;515;508;515;67370;0
Полиметалл;D;20120411;000000;515;515;510.2;511;5570;0
Полиметалл;D;20120412;000000;516.9;516.9;510.1;515;7790;0
Полиметалл;D;20120413;000000;517.7;517.8;512.5;515.1;4370;0
Полиметалл;D;20120416;000000;510.2;517.9;510.2;517;4000;0
Полиметалл;D;20120417;000000;517.4;520;515;520;15960;0
Полиметалл;D;20120418;000000;521;524.9;520;524.9;10230;0
Полиметалл;D;20120419;000000;520.7;526.6;520.7;522.5;9860;0
Полиметалл;D;20120420;000000;529.1;529.1;518;525.8;11190;0
Полиметалл;D;20120423;000000;508.4;526.4;508.4;518;21690;0
Полиметалл;D;20120424;000000;526;526;513.6;520;7500;0
Полиметалл;D;20120425;000000;515.4;524;514.5;516.8;690;0
Полиметалл;D;20120426;000000;515.1;515.1;513.4;514.7;520;0
Полиметалл;D;20120427;000000;514;517.6;514;515;1640;0
Полиметалл;D;20120428;000000;514.5;515.5;514;515.5;720;0
Полиметалл;D;20120502;000000;515;515.9;515;515.8;4050;0
Полиметалл;D;20120503;000000;515.3;521.3;515.3;521.2;6290;0
Полиметалл;D;20120504;000000;522;523.6;515.1;517.1;6640;0
Полиметалл;D;20120505;000000;516;517.6;515.1;516;1420;0
Полиметалл;D;20120507;000000;517;517;515.2;516.2;540;0
Полиметалл;D;20120508;000000;516;517.2;516;516;140;0
Полиметалл;D;20120510;000000;516;521;515;521;9250;0
Полиметалл;D;20120511;000000;516.5;518;516.5;517.5;4980;0
Полиметалл;D;20120512;000000;522;524.9;518.2;522;6060;0
Полиметалл;D;20120514;000000;517.5;519;517.5;517.9;3840;0
Полиметалл;D;20120515;000000;517.5;524.8;517.5;519;12140;0
Полиметалл;D;20120516;000000;518;519;518;518;1720;0
Полиметалл;D;20120517;000000;518.9;519.9;517.5;517.7;7490;0
Полиметалл;D;20120518;000000;517.5;524.4;516.5;519;11310;0
Полиметалл;D;20120521;000000;517.5;520;517.1;520;1380;0
Полиметалл;D;20120522;000000;520.5;524.9;518.5;519;2080;0
Полиметалл;D;20120523;000000;518.1;521.9;518.1;519.6;5510;0
Полиметалл;D;20120524;000000;517.6;523.9;517.1;520.6;3620;0
Полиметалл;D;20120525;000000;517.2;522.2;517.2;522;3240;0
Полиметалл;D;20120528;000000;523.7;525;520.6;521.1;5100;0
Полиметалл;D;20120529;000000;522.2;523;521.1;523;4010;0
Полиметалл;D;20120530;000000;521;523;518.1;521.8;1110;0
Полиметалл;D;20120531;000000;522.9;525;521.2;525;9180;0
Полиметалл;D;20120601;000000;525;525;522.3;523.5;2270;0
Полиметалл;D;20120604;000000;520.6;526.1;520.6;522.6;3780;0
Полиметалл;D;20120605;000000;523.1;526.2;522.7;525.1;4030;0
Полиметалл;D;20120606;000000;526.4;535;523.4;523.4;4360;0
Полиметалл;D;20120607;000000;523.7;530;523.5;529.9;19700;0
Полиметалл;D;20120608;000000;524.2;528;524.1;524.6;710;0
Полиметалл;D;20120609;000000;527.9;527.9;524.2;525;650;0
Полиметалл;D;20120613;000000;524.5;527.7;523.6;525.6;4160;0
Полиметалл;D;20120614;000000;528.5;529;525;527;3020;0
Полиметалл;D;20120615;000000;524.6;526.4;520.2;525;13880;0
Полиметалл;D;20120618;000000;524;526;520.6;525.5;19330;0
