<TICKER>;<PER>;<DATE>;<TIME>;<OPEN>;<HIGH>;<LOW>;<CLOSE>;<VOL>;<OPENINT>
Ренессанс;D;20211021;000000;125;149.56;116.15;118;4863470;0
Ренессанс;D;20211022;000000;118.49;118.8;111.9;115;2982260;0
Ренессанс;D;20211025;000000;114.99;118.03;112.04;116;1776080;0
Ренессанс;D;20211026;000000;115.96;117.55;111.81;113;1787510;0
Ренессанс;D;20211027;000000;114.88;114.88;108.8;112.96;1206110;0
Ренессанс;D;20211028;000000;110.6;112.7;109.15;110;842130;0
Ренессанс;D;20211029;000000;110.8;117;109;112;812270;0
Ренессанс;D;20211101;000000;114.99;116.42;110;114;418830;0
Ренессанс;D;20211102;000000;113.98;117.48;112.05;112.5;861540;0
Ренессанс;D;20211103;000000;112.9;115;111.5;113;349540;0
Ренессанс;D;20211105;000000;113.68;116.88;111.6;115;882120;0
Ренессанс;D;20211108;000000;118.78;118.78;113.1;113.15;631830;0
Ренессанс;D;20211109;000000;113.04;115;111.8;112;869720;0
Ренессанс;D;20211110;000000;112.97;113.44;109.01;113;1199120;0
Ренессанс;D;20211111;000000;113;115;111.54;115;529340;0
Ренессанс;D;20211112;000000;114.61;115.99;110.55;115;912870;0
Ренессанс;D;20211115;000000;115;116;112.33;116;963950;0
Ренессанс;D;20211116;000000;116;116.65;113.65;116;876910;0
Ренессанс;D;20211117;000000;114.02;116;113.43;116;1259900;0
Ренессанс;D;20211118;000000;116.2;116.2;113.8;114.17;680600;0
Ренессанс;D;20211119;000000;114.42;119;113.4;119;4463790;0
Ренессанс;D;20211122;000000;119.4;120.64;112.07;113.51;545560;0
Ренессанс;D;20211123;000000;113.6;114.74;111.69;114.32;606550;0
Ренессанс;D;20211124;000000;114.32;116.82;111.5;111.5;217340;0
Ренессанс;D;20211125;000000;113.22;114.43;111.5;113.35;341140;0
Ренессанс;D;20211126;000000;112.75;115.76;101.7;106.2;1167950;0
Ренессанс;D;20211129;000000;107.01;111.99;106.02;109.96;571080;0
Ренессанс;D;20211130;000000;109.85;115;106.01;112.12;1333160;0
Ренессанс;D;20211201;000000;114.34;116.55;112.03;113;555590;0
Ренессанс;D;20211202;000000;114.56;115.4;112.02;112.02;222660;0
Ренессанс;D;20211203;000000;112.52;118.94;112.52;113.11;336700;0
Ренессанс;D;20211206;000000;114.2;115.55;111.12;112.01;181560;0
Ренессанс;D;20211207;000000;112.48;114.88;111;114.2;190010;0
Ренессанс;D;20211208;000000;113.8;113.97;110.5;110.5;100580;0
Ренессанс;D;20211209;000000;111.11;112.4;110.04;111.3;196150;0
Ренессанс;D;20211210;000000;112;112;110.11;112;141920;0
Ренессанс;D;20211213;000000;111.96;111.96;106.21;107.01;144020;0
Ренессанс;D;20211214;000000;104.86;110.4;102;109.59;549390;0
Ренессанс;D;20211215;000000;109.6;111;106;106.1;195930;0
Ренессанс;D;20211216;000000;108.3;108.3;105.31;105.8;307980;0
Ренессанс;D;20211217;000000;104.66;108.04;103.8;103.86;352960;0
Ренессанс;D;20211220;000000;102.6;106.75;100.04;101.97;274940;0
Ренессанс;D;20211221;000000;102.78;103.44;98.62;101.47;343060;0
Ренессанс;D;20211222;000000;100.98;106.07;98.8;101.9;390350;0
Ренессанс;D;20211223;000000;101.45;102.91;95.8;98.03;225550;0
Ренессанс;D;20211224;000000;99.91;99.91;96.9;98;468210;0
Ренессанс;D;20211227;000000;97.99;100;96.22;98.26;439790;0
Ренессанс;D;20211228;000000;96.95;98.49;96.25;96.25;439660;0
Ренессанс;D;20211229;000000;95.39;98.2;95.05;96.92;176670;0
Ренессанс;D;20211230;000000;96.65;101.01;96.15;101;504030;0
Ренессанс;D;20220103;000000;102.19;102.21;98.81;98.81;85630;0
Ренессанс;D;20220104;000000;98.92;100.51;97.6;98;111810;0
Ренессанс;D;20220105;000000;96.9;99.5;96.9;96.95;67350;0
Ренессанс;D;20220106;000000;94.21;97.22;94.03;94.03;110710;0
Ренессанс;D;20220110;000000;93.6;95.39;92.54;93.01;145370;0
Ренессанс;D;20220111;000000;93.43;94.21;90.18;94;169620;0
Ренессанс;D;20220112;000000;93.5;95.49;93;93;559870;0
Ренессанс;D;20220113;000000;92.68;94.8;90.54;91.2;168760;0
Ренессанс;D;20220114;000000;91.27;94.5;87;89.22;232580;0
Ренессанс;D;20220117;000000;93;94;81.9;82.75;981500;0
Ренессанс;D;20220118;000000;81.55;83.4;72.08;76;815710;0
Ренессанс;D;20220119;000000;75.99;78.45;71.2;73.53;966130;0
Ренессанс;D;20220120;000000;75.11;75.87;73.52;75.02;1006790;0
Ренессанс;D;20220121;000000;72.06;74.98;70.5;70.5;641560;0
Ренессанс;D;20220124;000000;70.5;74.48;62.34;66.03;589410;0
Ренессанс;D;20220125;000000;66.06;69.4;62.93;65.38;334330;0
Ренессанс;D;20220126;000000;66.08;71;63.4;65.23;680790;0
Ренессанс;D;20220127;000000;66.52;67.95;63.55;67.95;339470;0
Ренессанс;D;20220128;000000;68.86;68.86;64.05;66;241130;0
Ренессанс;D;20220131;000000;68.01;73.2;68;69.5;594000;0
Ренессанс;D;20220201;000000;71.12;73.8;67;67.56;462060;0
Ренессанс;D;20220202;000000;68.2;70.96;67.11;67.68;574810;0
Ренессанс;D;20220203;000000;69;69.68;67;67.44;166780;0
Ренессанс;D;20220204;000000;67.65;68.5;66.58;67.23;191870;0
Ренессанс;D;20220207;000000;68.18;69.95;66.85;68.34;64550;0
Ренессанс;D;20220208;000000;68.65;69.41;67;67.62;302140;0
Ренессанс;D;20220209;000000;67.92;70.62;67.1;70.62;552930;0
Ренессанс;D;20220210;000000;70.62;71;67.18;68;257220;0
Ренессанс;D;20220211;000000;68;68;65.66;65.91;159120;0
Ренессанс;D;20220214;000000;66;66.91;63.04;64;277910;0
Ренессанс;D;20220215;000000;64.64;64.75;61.43;62.55;1183030;0
Ренессанс;D;20220216;000000;62.99;64.55;61.95;62.2;196770;0
Ренессанс;D;20220217;000000;62.7;63.15;59.13;60.19;385420;0
Ренессанс;D;20220218;000000;60.5;62.2;58.12;60;186150;0
Ренессанс;D;20220221;000000;60.06;62.87;49.07;50;628190;0
Ренессанс;D;20220222;000000;50;52;40.1;50.01;586330;0
Ренессанс;D;20220224;000000;45.51;45.51;25;42.03;552140;0
Ренессанс;D;20220225;000000;40;49.94;35.99;43.81;95060;0
Ренессанс;D;20220328;000000;43;43;34;36.74;201770;0
Ренессанс;D;20220329;000000;36.74;43.8;36;37.31;230520;0
Ренессанс;D;20220330;000000;37.32;48;37.32;43.13;198180;0
Ренессанс;D;20220331;000000;46.04;65.9;46.04;54.37;1997070;0
Ренессанс;D;20220401;000000;57;57.48;49;52.36;450470;0
Ренессанс;D;20220404;000000;47.12;55.6;47.1;50.74;280920;0
Ренессанс;D;20220405;000000;50.33;52;48;48.98;129050;0
Ренессанс;D;20220406;000000;48.83;48.97;44.08;46.62;76670;0
Ренессанс;D;20220407;000000;46.6;47.01;44.83;45.72;108630;0
Ренессанс;D;20220408;000000;47;47.2;43.13;45.23;128730;0
Ренессанс;D;20220411;000000;45.24;53;44.26;45.2;319110;0
Ренессанс;D;20220412;000000;47.19;47.19;42.02;44.71;74100;0
Ренессанс;D;20220413;000000;45;47.26;42.21;44.01;200960;0
Ренессанс;D;20220414;000000;46;46;43.01;43.07;91000;0
Ренессанс;D;20220415;000000;43.07;43.87;41.69;42.46;94680;0
Ренессанс;D;20220418;000000;42.9;42.9;41.04;41.06;78270;0
Ренессанс;D;20220419;000000;41.5;42.18;40.09;40.77;60950;0
Ренессанс;D;20220420;000000;41.12;42.98;40.09;41;51140;0
Ренессанс;D;20220421;000000;41.5;46;40.5;40.51;232570;0
Ренессанс;D;20220422;000000;40.51;42.57;40;40.33;66940;0
Ренессанс;D;20220425;000000;40.13;41.51;39.5;39.6;90090;0
Ренессанс;D;20220426;000000;39.52;41.78;39;40.26;127530;0
Ренессанс;D;20220427;000000;40.99;41.8;40.1;40.99;79060;0
Ренессанс;D;20220428;000000;40.5;45.74;40.5;41;205610;0
Ренессанс;D;20220429;000000;40.95;41.92;40.62;41.48;27990;0
Ренессанс;D;20220504;000000;42.78;42.78;39.8;39.82;92230;0
Ренессанс;D;20220505;000000;39.6;40.48;39.5;40.39;70270;0
Ренессанс;D;20220506;000000;40.68;42.25;39.66;40.34;262800;0
Ренессанс;D;20220511;000000;40.09;41.58;39.66;40.03;63260;0
Ренессанс;D;20220512;000000;40.02;40.3;38.4;39.18;55110;0
Ренессанс;D;20220513;000000;38.71;41.68;37.01;41.18;184240;0
Ренессанс;D;20220516;000000;41.18;41.77;40.11;40.66;157280;0
Ренессанс;D;20220517;000000;40.82;41.08;40.01;40.5;42530;0
Ренессанс;D;20220518;000000;40.47;41.32;40.25;40.34;84470;0
Ренессанс;D;20220519;000000;40.12;40.99;40.12;40.72;47440;0
Ренессанс;D;20220520;000000;40.62;40.65;38.8;39;211320;0
Ренессанс;D;20220523;000000;38;40.26;38;38.2;155300;0
Ренессанс;D;20220524;000000;38.2;40.3;37.73;40.3;171590;0
Ренессанс;D;20220525;000000;37.22;40;37.22;39.13;55700;0
Ренессанс;D;20220526;000000;39.23;39.87;39.05;39.26;47150;0
Ренессанс;D;20220527;000000;39.27;39.84;38.7;38.93;62300;0
Ренессанс;D;20220530;000000;39.06;39.47;38.4;38.9;17770;0
Ренессанс;D;20220531;000000;38.47;38.75;38.02;38.27;36540;0
Ренессанс;D;20220601;000000;38.02;39.39;37.84;39.11;65250;0
Ренессанс;D;20220602;000000;39.1;41.09;38.51;40.01;124410;0
Ренессанс;D;20220603;000000;40.01;41.55;38.66;41.55;145610;0
Ренессанс;D;20220606;000000;41;43.59;39.91;43.59;154170;0
Ренессанс;D;20220607;000000;44.59;44.59;41.65;43.97;209400;0
Ренессанс;D;20220608;000000;42.65;45.2;42.25;45.08;164510;0
Ренессанс;D;20220609;000000;45.02;46.2;42.48;44.08;96920;0
Ренессанс;D;20220610;000000;43.41;44.08;40.07;44.07;124060;0
Ренессанс;D;20220614;000000;43;44.59;42.2;44.1;98650;0
Ренессанс;D;20220615;000000;42.75;44.15;42.75;43.98;51530;0
Ренессанс;D;20220616;000000;43.99;44.5;43.57;43.81;34320;0
Ренессанс;D;20220617;000000;43.99;44.4;43.08;43.81;62940;0
Ренессанс;D;20220620;000000;43.99;45.48;43.13;44.15;42750;0
Ренессанс;D;20220621;000000;44.02;44.92;43.04;43.91;41380;0
Ренессанс;D;20220622;000000;43.5;44.39;42.2;44.08;241460;0
Ренессанс;D;20220623;000000;44.1;46;43.27;45;216790;0
Ренессанс;D;20220624;000000;45;45;44.24;44.6;35960;0
Ренессанс;D;20220627;000000;45.56;45.58;43.21;44.7;84410;0
Ренессанс;D;20220628;000000;44.71;45.45;43.9;44.2;62860;0
Ренессанс;D;20220629;000000;44.41;44.44;42.42;44.37;77140;0
Ренессанс;D;20220630;000000;44.45;44.85;41.2;44;124930;0
Ренессанс;D;20220701;000000;42.78;44.51;42.09;44.5;98530;0
Ренессанс;D;20220704;000000;44.64;44.75;42.5;43.95;166360;0
Ренессанс;D;20220705;000000;43.27;44.18;41.15;43.9;720840;0
Ренессанс;D;20220706;000000;43.51;45.96;43.37;45.87;63660;0
Ренессанс;D;20220707;000000;46;47.63;44.27;47.44;147880;0
Ренессанс;D;20220708;000000;47.63;47.63;45.81;47.25;69710;0
Ренессанс;D;20220711;000000;46.9;47.61;46.3;47.49;58780;0
Ренессанс;D;20220712;000000;46.32;46.87;44.59;45.58;60150;0
Ренессанс;D;20220713;000000;45.5;46.54;44.05;45.6;138350;0
Ренессанс;D;20220714;000000;44.56;45.4;43.5;44.45;186300;0
Ренессанс;D;20220715;000000;43.56;44.91;43.56;44.9;39050;0
Ренессанс;D;20220718;000000;44.57;44.6;43.86;44.24;42640;0
Ренессанс;D;20220719;000000;44;45.59;43.5;44.78;125670;0
Ренессанс;D;20220720;000000;44.13;44.9;43.89;44.9;61730;0
Ренессанс;D;20220721;000000;44.9;45.13;43.71;44.27;53420;0
Ренессанс;D;20220722;000000;44.02;44.4;43.51;44.35;93240;0
Ренессанс;D;20220725;000000;44.59;44.86;44.01;44.86;37590;0
Ренессанс;D;20220726;000000;44.82;45;44.08;44.4;54120;0
Ренессанс;D;20220727;000000;44.48;45.97;44.06;45.9;75820;0
Ренессанс;D;20220728;000000;46;47.46;44.55;46.5;89650;0
Ренессанс;D;20220729;000000;46.69;46.69;44.75;46.27;29100;0
Ренессанс;D;20220801;000000;46.27;46.48;44.8;45.2;35870;0
Ренессанс;D;20220802;000000;45.93;45.93;43.97;44.95;53010;0
Ренессанс;D;20220803;000000;44;45.48;43.93;45.19;25780;0
Ренессанс;D;20220804;000000;43.92;45.72;43.92;45.09;33440;0
Ренессанс;D;20220805;000000;45.09;45.18;44.07;45.1;52460;0
Ренессанс;D;20220808;000000;45.05;45.58;44.15;44.9;52000;0
Ренессанс;D;20220809;000000;45.15;45.15;44.39;44.95;26390;0
Ренессанс;D;20220810;000000;44.52;45.6;44.52;45.14;23340;0
Ренессанс;D;20220811;000000;45.55;45.9;44.84;45.89;57590;0
Ренессанс;D;20220812;000000;45.8;45.8;45;45.68;38240;0
Ренессанс;D;20220815;000000;45.6;46;44.44;45.71;54450;0
Ренессанс;D;20220816;000000;45.71;49.8;44.5;47.86;358360;0
Ренессанс;D;20220817;000000;48;52.1;47.37;52.1;207740;0
Ренессанс;D;20220818;000000;53.53;62.45;49.54;60.7;1293340;0
Ренессанс;D;20220819;000000;61.98;61.98;53;55;903990;0
Ренессанс;D;20220822;000000;55.2;59.7;55.03;58.52;790900;0
Ренессанс;D;20220823;000000;58.1;60.67;53.06;57;571310;0
Ренессанс;D;20220824;000000;56.51;58.58;55;55.86;219080;0
Ренессанс;D;20220825;000000;56.08;56.9;54.73;54.92;260680;0
Ренессанс;D;20220826;000000;55.2;58.5;55.2;58;585330;0
Ренессанс;D;20220829;000000;58;60;56.32;60;348700;0
Ренессанс;D;20220830;000000;60.01;61.85;58.05;60.5;358660;0
Ренессанс;D;20220831;000000;61;61;58.07;60;213910;0
Ренессанс;D;20220901;000000;60.4;61;58.68;61;195980;0
Ренессанс;D;20220902;000000;61.05;61.82;59.52;61;182430;0
Ренессанс;D;20220905;000000;61.05;61.05;58.2;60.9;239930;0
Ренессанс;D;20220906;000000;60.8;60.8;57.07;59.85;281520;0
Ренессанс;D;20220907;000000;59.31;59.82;55.75;58;476340;0
Ренессанс;D;20220908;000000;56.5;58;54.3;55.88;570100;0
Ренессанс;D;20220909;000000;55.74;57.24;54.5;57;591780;0
Ренессанс;D;20220912;000000;55.97;60;54.8;60;1220030;0
Ренессанс;D;20220913;000000;59.8;60;55.99;58;1028130;0
Ренессанс;D;20220914;000000;57.99;60;56.56;60;517150;0
Ренессанс;D;20220915;000000;60;60.4;58.7;60.4;281370;0
Ренессанс;D;20220916;000000;60.02;60.02;59.35;59.81;96620;0
Ренессанс;D;20220919;000000;59.41;59.98;58.5;59;120420;0
Ренессанс;D;20220920;000000;58.81;59.49;52.25;54.4;246140;0
Ренессанс;D;20220921;000000;51;52.3;46;51.4;205850;0
Ренессанс;D;20220922;000000;51.95;53.52;50;52.71;86550;0
Ренессанс;D;20220923;000000;52.09;52.96;46.64;46.85;140940;0
Ренессанс;D;20220926;000000;46.6;46.7;40.5;46;179280;0
Ренессанс;D;20220927;000000;44.05;47;42.9;43.67;138660;0
Ренессанс;D;20220928;000000;43.5;46.51;42.93;46;72920;0
Ренессанс;D;20220929;000000;46;46.99;41.95;45.75;122030;0
Ренессанс;D;20220930;000000;45.94;47.43;42.6;45.5;115550;0
Ренессанс;D;20221003;000000;45.78;50;44.21;47.96;203890;0
Ренессанс;D;20221004;000000;47.96;49.4;46.28;48.51;147290;0
Ренессанс;D;20221005;000000;48.99;48.99;45.9;47.2;164290;0
Ренессанс;D;20221006;000000;46.2;47.78;46.2;47;34100;0
Ренессанс;D;20221007;000000;46.01;47.19;44.9;46;38940;0
Ренессанс;D;20221010;000000;41.53;46.49;41.46;46;103500;0
Ренессанс;D;20221011;000000;45.68;46.69;45.68;46.5;31230;0
Ренессанс;D;20221012;000000;46.83;48.77;46.23;47.87;67680;0
Ренессанс;D;20221013;000000;48.22;49.59;47.55;47.88;26410;0
Ренессанс;D;20221014;000000;48.59;48.59;47;47.45;35070;0
Ренессанс;D;20221017;000000;46.64;48;46.64;47.6;34520;0
Ренессанс;D;20221018;000000;48;48.53;46.73;47.55;58640;0
Ренессанс;D;20221019;000000;47.38;47.87;46.31;46.98;33230;0
Ренессанс;D;20221020;000000;46.68;49.8;46.56;48.16;104300;0
Ренессанс;D;20221021;000000;48.25;49.1;47.3;48.56;25920;0
Ренессанс;D;20221024;000000;49.31;50.43;48.66;48.7;44660;0
Ренессанс;D;20221025;000000;49.07;49.8;48.44;49.51;41080;0
Ренессанс;D;20221026;000000;49.54;50.39;48.44;48.78;143170;0
Ренессанс;D;20221027;000000;49.06;49.52;48.03;49.52;43330;0
Ренессанс;D;20221028;000000;49.62;51.22;48.98;50.8;51150;0
Ренессанс;D;20221031;000000;50.83;52.98;50.64;51.6;94280;0
Ренессанс;D;20221101;000000;52.1;52.84;50.7;51.02;40870;0
Ренессанс;D;20221102;000000;51.16;51.58;49.54;50.7;62670;0
Ренессанс;D;20221103;000000;50.02;50.38;47.62;50.16;26770;0
Ренессанс;D;20221107;000000;55;55;50.5;50.84;68740;0
Ренессанс;D;20221108;000000;50.2;51;50.2;50.8;26140;0
Ренессанс;D;20221109;000000;50.8;50.98;49.12;49.16;26640;0
Ренессанс;D;20221110;000000;49;50.08;48.54;49.74;37840;0
Ренессанс;D;20221111;000000;49.58;49.8;49;49.32;33050;0
Ренессанс;D;20221114;000000;49;50;49;49.8;23210;0
Ренессанс;D;20221115;000000;50.48;50.48;49.62;49.74;15720;0
Ренессанс;D;20221116;000000;49;50.04;49;49.34;31200;0
Ренессанс;D;20221117;000000;49.68;50.26;48;50.1;42430;0
Ренессанс;D;20221118;000000;50.1;50.24;49.14;49.48;13950;0
Ренессанс;D;20221121;000000;49.08;50.14;48.62;49.02;43050;0
Ренессанс;D;20221122;000000;48.76;50.14;48.62;50.14;29900;0
Ренессанс;D;20221123;000000;49.9;50.32;49.78;49.86;15740;0
Ренессанс;D;20221124;000000;49.84;50.26;49.2;49.2;11140;0
Ренессанс;D;20221125;000000;49.9;49.9;49.22;49.48;15290;0
Ренессанс;D;20221128;000000;48.94;49.84;47.98;49.44;48470;0
Ренессанс;D;20221129;000000;48.54;50.22;48.54;49.34;34490;0
Ренессанс;D;20221130;000000;48.92;49.82;48.92;49.62;14280;0
Ренессанс;D;20221201;000000;49.98;50;49.2;49.7;33570;0
Ренессанс;D;20221202;000000;49.72;52;49.4;51.5;64890;0
Ренессанс;D;20221205;000000;51.3;53.3;50.26;52.6;97310;0
Ренессанс;D;20221206;000000;53.08;55.8;51.66;54.98;390430;0
Ренессанс;D;20221207;000000;55.02;55.24;52.06;55.14;151020;0
Ренессанс;D;20221208;000000;55.7;56.86;53.66;55;216440;0
Ренессанс;D;20221209;000000;54;56.2;53.88;56.2;155920;0
Ренессанс;D;20221212;000000;56.38;57.42;54.4;57.3;246290;0
Ренессанс;D;20221213;000000;57.48;57.96;55.5;57.96;210310;0
Ренессанс;D;20221214;000000;57.08;60.22;52.82;55.9;713200;0
Ренессанс;D;20221215;000000;54.74;56;53.5;54.74;199040;0
Ренессанс;D;20221216;000000;54.54;55.5;52.26;53.32;680200;0
Ренессанс;D;20221219;000000;52.26;53.46;49.28;50.8;487960;0
Ренессанс;D;20221220;000000;50.78;51.52;50.26;51.2;172120;0
Ренессанс;D;20221221;000000;50.8;51.5;50;50.5;185160;0
Ренессанс;D;20221222;000000;51.38;51.38;49.7;50;184020;0
Ренессанс;D;20221223;000000;50;50.08;49.26;50.02;87130;0
Ренессанс;D;20221226;000000;50.4;50.4;49.42;49.9;183720;0
Ренессанс;D;20221227;000000;49.98;50;49.16;49.8;79670;0
Ренессанс;D;20221228;000000;50;50;49.06;49.38;70820;0
Ренессанс;D;20221229;000000;49.46;50.18;49.02;50.18;63210;0
Ренессанс;D;20221230;000000;50.16;50.18;49.54;50.06;38740;0
Ренессанс;D;20230104;000000;50.08;50.2;49.8;49.9;17160;0
Ренессанс;D;20230105;000000;50.7;50.7;49.86;50.06;38230;0
Ренессанс;D;20230106;000000;50.4;50.4;49.92;50.14;13290;0
Ренессанс;D;20230109;000000;50.16;53.96;50.16;51.14;463180;0
Ренессанс;D;20230110;000000;51.2;52.2;51.08;51.82;178600;0
Ренессанс;D;20230111;000000;51.92;52.92;51.82;52.44;115830;0
Ренессанс;D;20230112;000000;52.9;52.9;51.9;52.2;40680;0
Ренессанс;D;20230113;000000;52.02;52.4;51.16;52.06;67390;0
Ренессанс;D;20230116;000000;52.32;52.52;51.08;52.1;78350;0
Ренессанс;D;20230117;000000;52.26;52.9;51.52;52.16;71410;0
Ренессанс;D;20230118;000000;52;52.46;51.62;52.02;30730;0
Ренессанс;D;20230119;000000;52.02;52.48;51.52;51.72;27060;0
Ренессанс;D;20230120;000000;51.74;51.76;50.54;51.12;49060;0
Ренессанс;D;20230123;000000;51.98;51.98;50.7;51.68;32460;0
Ренессанс;D;20230124;000000;51.32;51.98;51.32;51.78;28820;0
Ренессанс;D;20230125;000000;51.9;51.9;50.04;51.16;75530;0
Ренессанс;D;20230126;000000;51.2;52.74;50.16;52.6;264940;0
Ренессанс;D;20230127;000000;53.2;63.36;52.8;54.02;3997980;0
Ренессанс;D;20230130;000000;54;54.92;52.8;53.5;290350;0
Ренессанс;D;20230131;000000;53.32;55.84;52.76;54.62;395510;0
Ренессанс;D;20230201;000000;55;55.64;53.48;53.56;148190;0
Ренессанс;D;20230202;000000;54.76;55.06;53.66;54.58;235460;0
Ренессанс;D;20230203;000000;55.06;55.12;53.68;54.76;203970;0
Ренессанс;D;20230206;000000;55.3;58.98;54.42;56.28;1204090;0
Ренессанс;D;20230207;000000;56.54;56.78;55;55.82;495650;0
Ренессанс;D;20230208;000000;56.5;57.48;55.44;55.56;371190;0
Ренессанс;D;20230209;000000;55.56;56.2;53.78;55.06;225200;0
Ренессанс;D;20230210;000000;55.14;55.58;54.9;55.08;102790;0
Ренессанс;D;20230213;000000;55.08;56.3;54.74;55.72;187820;0
Ренессанс;D;20230214;000000;55.84;55.84;54.12;54.16;125550;0
Ренессанс;D;20230215;000000;54;54.26;51.2;51.42;246380;0
Ренессанс;D;20230216;000000;52.34;54.16;51.6;52.42;134390;0
Ренессанс;D;20230217;000000;52.58;52.58;51.84;52.18;68660;0
Ренессанс;D;20230220;000000;52.04;52.64;51.1;52.12;123990;0
Ренессанс;D;20230221;000000;52.88;53.32;52.04;52.78;124410;0
Ренессанс;D;20230222;000000;52.54;54.88;52.54;54.02;480140;0
Ренессанс;D;20230224;000000;54.34;54.88;53.6;54.2;100430;0
Ренессанс;D;20230227;000000;54.1;54.82;52.54;54.2;135310;0
Ренессанс;D;20230228;000000;53.52;55.48;53.4;53.98;281720;0
Ренессанс;D;20230301;000000;54.54;54.72;53.9;54.16;102040;0
Ренессанс;D;20230302;000000;54.48;54.48;52.68;53.56;138110;0
Ренессанс;D;20230303;000000;53.12;53.82;53.12;53.5;50140;0
Ренессанс;D;20230306;000000;53.86;54.96;53.62;54.4;145380;0
Ренессанс;D;20230307;000000;54.94;54.94;53.52;54.5;77220;0
Ренессанс;D;20230309;000000;54.56;55.8;54.22;55.36;152720;0
Ренессанс;D;20230310;000000;55.02;55.3;54.32;54.74;49370;0
Ренессанс;D;20230313;000000;54.96;54.98;53.86;54.6;117690;0
Ренессанс;D;20230314;000000;54.6;54.6;54;54.3;31010;0
Ренессанс;D;20230315;000000;54.4;54.58;53.9;54;60890;0
Ренессанс;D;20230316;000000;54.12;54.12;52.94;53.22;66010;0
Ренессанс;D;20230317;000000;53.22;54.48;53.02;53.98;59920;0
Ренессанс;D;20230320;000000;53.56;54.28;53.56;54.14;57060;0
Ренессанс;D;20230321;000000;54.6;57.48;54;55.84;810920;0
Ренессанс;D;20230322;000000;56.4;56.88;54.2;54.5;398670;0
Ренессанс;D;20230323;000000;54.5;55.18;53.6;54.2;245820;0
Ренессанс;D;20230324;000000;54.36;54.9;53.2;53.82;350710;0
Ренессанс;D;20230327;000000;53.9;54.7;53.5;54.2;933730;0
Ренессанс;D;20230328;000000;54.4;54.6;53.22;53.66;295610;0
Ренессанс;D;20230329;000000;53.94;55.9;53.7;54.5;2523460;0
Ренессанс;D;20230330;000000;54.98;55.5;54.22;54.6;600770;0
Ренессанс;D;20230331;000000;55.16;58.28;54.68;57.38;2946670;0
Ренессанс;D;20230403;000000;57.94;61;56.82;59.94;2040530;0
Ренессанс;D;20230404;000000;60.66;60.66;56.08;57.64;1724800;0
Ренессанс;D;20230405;000000;57.58;57.64;56.32;57.56;368330;0
Ренессанс;D;20230406;000000;58.18;60;57.6;58.84;1182890;0
Ренессанс;D;20230407;000000;59.7;59.96;57;59.44;886540;0
Ренессанс;D;20230410;000000;59.4;64.86;58.86;63.22;2682930;0
Ренессанс;D;20230411;000000;65.1;69;62.22;65.66;5653510;0
Ренессанс;D;20230412;000000;65.5;68.24;64.12;64.7;1336290;0
Ренессанс;D;20230413;000000;64.8;65.94;62.52;64.82;969600;0
Ренессанс;D;20230414;000000;65;65.72;63.62;64.98;399020;0
Ренессанс;D;20230417;000000;65.14;66.9;64.72;65.76;537710;0
Ренессанс;D;20230418;000000;66;66;63.9;65.26;508410;0
Ренессанс;D;20230419;000000;65.26;68.86;64.92;67.04;1844120;0
Ренессанс;D;20230420;000000;67.04;67.48;64.92;66.14;756350;0
Ренессанс;D;20230421;000000;66.9;66.94;65.32;65.38;252690;0
Ренессанс;D;20230424;000000;65.02;65.52;63.2;65.46;635550;0
Ренессанс;D;20230425;000000;65.46;66.68;65.1;66.12;467870;0
Ренессанс;D;20230426;000000;66.12;66.46;65;65.4;307580;0
Ренессанс;D;20230427;000000;65.8;65.84;64.5;64.8;221710;0
Ренессанс;D;20230428;000000;64.98;65.16;63.82;63.98;247250;0
Ренессанс;D;20230502;000000;63.98;70.14;59;63.42;2307400;0
Ренессанс;D;20230503;000000;62.08;63.4;60.44;62.04;472650;0
Ренессанс;D;20230504;000000;62.02;62.74;60.9;60.9;206710;0
Ренессанс;D;20230505;000000;62;64.34;61.08;64.3;559340;0
Ренессанс;D;20230508;000000;63.2;64;62.7;62.92;82790;0
Ренессанс;D;20230510;000000;63.14;64.1;62.76;63.66;220480;0
Ренессанс;D;20230511;000000;63.96;66.22;63.86;65.48;851080;0
Ренессанс;D;20230512;000000;65.48;65.68;64.06;64.44;175390;0
Ренессанс;D;20230515;000000;65;66;64.5;64.98;261020;0
Ренессанс;D;20230516;000000;65.5;65.5;64.3;64.46;122700;0
Ренессанс;D;20230517;000000;64.26;64.76;64.08;64.4;107860;0
Ренессанс;D;20230518;000000;64.4;68.48;64.08;67.14;1581240;0
Ренессанс;D;20230519;000000;67.14;69.76;67.12;68.24;944540;0
Ренессанс;D;20230522;000000;69;71.46;66.98;70.12;1556940;0
Ренессанс;D;20230523;000000;71.5;71.5;65.62;68.84;1032190;0
Ренессанс;D;20230524;000000;70.32;70.9;68.52;68.76;416610;0
Ренессанс;D;20230525;000000;69.28;69.34;65.26;67.16;488480;0
Ренессанс;D;20230526;000000;67.62;70.18;65.8;68;1161370;0
Ренессанс;D;20230529;000000;67.8;68.7;65.86;67.44;549920;0
Ренессанс;D;20230530;000000;67;67.92;66.1;66.64;341700;0
Ренессанс;D;20230531;000000;67;68.12;66.12;68.1;253710;0
Ренессанс;D;20230601;000000;68.5;72.38;68.3;69.94;2947620;0
Ренессанс;D;20230602;000000;70.76;70.96;69.02;70.72;365170;0
Ренессанс;D;20230605;000000;69.32;70.46;68.52;68.76;413280;0
Ренессанс;D;20230606;000000;68.7;72.12;67;70.5;1229730;0
Ренессанс;D;20230607;000000;70.72;72.98;70.5;71.54;658060;0
Ренессанс;D;20230608;000000;71.54;73.2;70.9;71.1;480390;0
Ренессанс;D;20230609;000000;72.02;72.02;70.74;70.92;229660;0
Ренессанс;D;20230613;000000;72;72;70.74;71.36;207750;0
Ренессанс;D;20230614;000000;71.36;72.22;70.58;71.5;271120;0
Ренессанс;D;20230615;000000;71.68;73.06;71.1;72.64;292520;0
Ренессанс;D;20230616;000000;73.48;73.5;71.5;73.4;245510;0
Ренессанс;D;20230619;000000;73.4;73.4;71.7;72.06;307840;0
Ренессанс;D;20230620;000000;72.3;72.86;71.08;71.9;287390;0
Ренессанс;D;20230621;000000;71.8;72.06;71.3;71.6;181860;0
Ренессанс;D;20230622;000000;71.4;72.04;71.28;71.5;125850;0
Ренессанс;D;20230623;000000;71.42;72.32;68.8;69.24;775950;0
Ренессанс;D;20230626;000000;69.5;71.36;67.58;70.34;354990;0
Ренессанс;D;20230627;000000;70.34;74;68.8;71.7;912150;0
Ренессанс;D;20230628;000000;73.02;80;71.76;79.86;3530600;0
Ренессанс;D;20230629;000000;79.24;81.58;75.74;78.54;1901860;0
Ренессанс;D;20230630;000000;79;79.5;77.28;78.94;322440;0
Ренессанс;D;20230703;000000;79.76;84.2;76.9;82.68;2714070;0
Ренессанс;D;20230704;000000;83.38;89.6;81.34;87.98;4157430;0
Ренессанс;D;20230705;000000;88.32;92;86.22;88.32;2635300;0
Ренессанс;D;20230706;000000;89.48;92.8;86;88;1473900;0
Ренессанс;D;20230707;000000;88.7;89.6;80.88;84.5;3062980;0
Ренессанс;D;20230710;000000;87;87;84.26;85.34;592420;0
Ренессанс;D;20230711;000000;85.32;85.6;84.26;84.92;230470;0
Ренессанс;D;20230712;000000;84.98;86.22;82.38;84.72;818210;0
Ренессанс;D;20230713;000000;85.08;86.8;82;85.24;1125890;0
Ренессанс;D;20230714;000000;85.5;87.5;83.8;86.68;932790;0
Ренессанс;D;20230717;000000;86.6;90.98;84.12;90.98;1727490;0
Ренессанс;D;20230718;000000;92;93.46;89;90.06;1350460;0
Ренессанс;D;20230719;000000;91;91.14;87.22;89;817840;0
Ренессанс;D;20230720;000000;88;89.56;86.1;87.8;453100;0
Ренессанс;D;20230721;000000;88.5;88.5;85.8;86.94;414910;0
Ренессанс;D;20230724;000000;88.46;88.46;87;87.68;335480;0
Ренессанс;D;20230725;000000;88;90.52;87.78;89.7;787020;0
Ренессанс;D;20230726;000000;90.3;90.48;87.9;90.14;450330;0
Ренессанс;D;20230727;000000;94;98;92.1;93.64;3390510;0
Ренессанс;D;20230728;000000;94.5;95.2;92.48;93.92;556950;0
Ренессанс;D;20230731;000000;95;95;93;93.88;430190;0
Ренессанс;D;20230801;000000;94.48;94.64;93.02;93.7;332270;0
Ренессанс;D;20230802;000000;93.9;94.04;93.02;93.58;309920;0
Ренессанс;D;20230803;000000;94.2;97;93.5;94.96;576630;0
Ренессанс;D;20230804;000000;95;96.5;87.5;92.26;926850;0
Ренессанс;D;20230807;000000;92.22;93.7;90.8;91.2;406460;0
Ренессанс;D;20230808;000000;91.98;96.5;86.62;93.04;1148440;0
Ренессанс;D;20230809;000000;93.1;96.36;92.56;94.8;840700;0
Ренессанс;D;20230810;000000;96.4;96.4;93;94.66;512290;0
Ренессанс;D;20230811;000000;95.54;95.64;94.12;94.88;171090;0
Ренессанс;D;20230814;000000;95.24;98;93;93.96;883150;0
Ренессанс;D;20230815;000000;93.18;96;91.06;94.72;548400;0
Ренессанс;D;20230816;000000;94.76;95.78;89;92.84;1069980;0
Ренессанс;D;20230817;000000;93.86;95.58;92.18;95.4;272650;0
Ренессанс;D;20230818;000000;97.82;107;96;105;4475710;0
Ренессанс;D;20230821;000000;106;118.88;105.5;118.5;5008830;0
Ренессанс;D;20230822;000000;125;125;112.8;118.94;5346770;0
Ренессанс;D;20230823;000000;119.2;119.82;113.6;116.2;1429220;0
Ренессанс;D;20230824;000000;115.98;119.6;112.2;113.26;1228800;0
Ренессанс;D;20230825;000000;115.4;120.5;113.2;113.28;3501670;0
Ренессанс;D;20230828;000000;114.88;117.9;112.9;113.52;1939580;0
Ренессанс;D;20230829;000000;113.74;114.88;110.08;110.5;1449720;0
Ренессанс;D;20230830;000000;111.04;114.2;111;112.98;1691930;0
Ренессанс;D;20230831;000000;114.1;114.64;111.56;112.36;654450;0
Ренессанс;D;20230901;000000;113.3;113.42;111.1;113.18;801240;0
Ренессанс;D;20230904;000000;114.5;114.9;112.9;112.92;1532170;0
Ренессанс;D;20230905;000000;114;114.8;112.1;112.9;1560970;0
Ренессанс;D;20230906;000000;112.9;113.5;111;112.96;1158800;0
Ренессанс;D;20230907;000000;112.98;114.2;106.5;112;1960210;0
Ренессанс;D;20230908;000000;112;112.42;107;111.02;964380;0
Ренессанс;D;20230911;000000;111.34;111.42;109;109.32;654100;0
Ренессанс;D;20230912;000000;110.9;110.98;107;109.68;521840;0
Ренессанс;D;20230913;000000;110.5;123.76;110.02;113.46;11835780;0
Ренессанс;D;20230914;000000;113.5;114.3;96;108.8;3550810;0
Ренессанс;D;20230915;000000;108.8;111;105.5;110.34;1388890;0
Ренессанс;D;20230918;000000;111.52;113.6;109;109.7;1434740;0
Ренессанс;D;20230919;000000;110.22;110.5;106.06;108.34;938670;0
Ренессанс;D;20230920;000000;108.66;109;104.02;106.6;852990;0
Ренессанс;D;20230921;000000;106.7;106.8;100.8;101.28;1086290;0
Ренессанс;D;20230922;000000;101.28;107.98;99.04;105.4;1804140;0
Ренессанс;D;20230925;000000;105.72;108.5;105;108.32;1796620;0
Ренессанс;D;20230926;000000;109.1;111.9;107;108;2646590;0
Ренессанс;D;20230927;000000;108.02;110;108.02;109;1353070;0
Ренессанс;D;20230928;000000;109.98;109.98;108.7;109.18;946100;0
Ренессанс;D;20230929;000000;109.98;113.14;108.64;109.2;3393850;0
Ренессанс;D;20231002;000000;109.5;112.5;107.66;109.22;2111520;0
Ренессанс;D;20231003;000000;110.84;110.88;108.1;109.14;969030;0
Ренессанс;D;20231004;000000;109.3;109.7;107.66;108.28;949710;0
Ренессанс;D;20231005;000000;108.88;108.88;104.08;107.06;1524830;0
Ренессанс;D;20231006;000000;107;107.76;106.06;106.8;999950;0
Ренессанс;D;20231009;000000;107;109.4;105.52;106.86;4690970;0
Ренессанс;D;20231010;000000;97.62;102;97;100.12;6760310;0
Ренессанс;D;20231011;000000;100;101;98.5;98.84;1408460;0
Ренессанс;D;20231012;000000;98;98.48;92;97.16;1215820;0
Ренессанс;D;20231013;000000;97.3;97.48;94.22;95.74;1199380;0
Ренессанс;D;20231016;000000;97;100;95.72;98.5;1729780;0
Ренессанс;D;20231017;000000;99.1;101.08;98;101.08;2180060;0
Ренессанс;D;20231018;000000;101.06;101.92;99.3;101.92;1289160;0
Ренессанс;D;20231019;000000;101.56;102;99.52;101.3;1202230;0
Ренессанс;D;20231020;000000;101.3;101.92;99.84;99.88;600420;0
Ренессанс;D;20231023;000000;100.72;100.72;99.16;99.46;386020;0
Ренессанс;D;20231024;000000;99.1;99.26;98.32;98.72;426050;0
Ренессанс;D;20231025;000000;98.72;98.94;97.56;97.8;516870;0
Ренессанс;D;20231026;000000;98.08;98.08;96.06;97.3;701500;0
Ренессанс;D;20231027;000000;96.12;96.9;95.02;95.6;595890;0
Ренессанс;D;20231030;000000;95.86;95.86;94.36;95.32;544790;0
Ренессанс;D;20231031;000000;95.36;95.86;93;94.98;710320;0
Ренессанс;D;20231101;000000;94.98;99.3;94.24;98.2;1939580;0
Ренессанс;D;20231102;000000;98.5;99.2;95.84;96.5;985070;0
Ренессанс;D;20231103;000000;96.8;97.06;94.16;96;369560;0
Ренессанс;D;20231106;000000;96;96.4;94.66;96.2;184060;0
Ренессанс;D;20231107;000000;96.2;97.4;95.4;95.74;386940;0
Ренессанс;D;20231108;000000;95.74;97;93.3;96.92;557880;0
Ренессанс;D;20231109;000000;96.92;97.88;96.3;96.72;638540;0
Ренессанс;D;20231110;000000;97.64;97.64;96;96.3;455690;0
Ренессанс;D;20231113;000000;96.3;96.96;95.2;96;488190;0
Ренессанс;D;20231114;000000;95.7;97.9;93.04;97;1658800;0
Ренессанс;D;20231115;000000;97;97.3;95.56;96.46;1007980;0
Ренессанс;D;20231116;000000;97;101.26;96.36;100.7;2460770;0
Ренессанс;D;20231117;000000;99.2;100.96;96.46;97.66;2217490;0
Ренессанс;D;20231120;000000;97.42;99.66;96.5;98.1;1073630;0
Ренессанс;D;20231121;000000;97.76;98.58;96.82;97.38;550660;0
Ренессанс;D;20231122;000000;98.06;98.06;96.68;96.68;639340;0
Ренессанс;D;20231123;000000;96.72;99.96;94.24;96.12;1633800;0
Ренессанс;D;20231124;000000;96.12;98.96;95.74;97;624350;0
Ренессанс;D;20231127;000000;97;97;93.2;95.78;1015550;0
Ренессанс;D;20231128;000000;95.78;95.92;90.2;93;2522740;0
Ренессанс;D;20231129;000000;93.02;93.52;90.7;93.52;826750;0
Ренессанс;D;20231130;000000;93.16;93.28;90.6;91;593200;0
Ренессанс;D;20231201;000000;91.48;91.48;88.44;89.62;683000;0
Ренессанс;D;20231204;000000;89.34;89.34;84.44;86.7;1040310;0
Ренессанс;D;20231205;000000;85.9;90;84.54;90;526620;0
Ренессанс;D;20231206;000000;90.88;90.88;86.88;89.68;504410;0
Ренессанс;D;20231207;000000;89.68;89.68;86.22;89;297400;0
Ренессанс;D;20231208;000000;89;90.38;88.1;89.02;355810;0
Ренессанс;D;20231211;000000;88.72;89.88;85.54;86;697130;0
Ренессанс;D;20231212;000000;86.18;86.18;82.9;85.5;640600;0
Ренессанс;D;20231213;000000;85.38;85.52;83.5;85.5;379700;0
Ренессанс;D;20231214;000000;85.5;85.78;84;85.78;320630;0
Ренессанс;D;20231215;000000;84.2;86.82;83.82;86;500000;0
Ренессанс;D;20231218;000000;86.58;91.2;86.1;91.2;637190;0
Ренессанс;D;20231219;000000;91;91;89;90.68;415440;0
Ренессанс;D;20231220;000000;90.34;91.14;89.2;91.14;587200;0
Ренессанс;D;20231221;000000;91.04;91.06;88.4;90.5;625820;0
Ренессанс;D;20231222;000000;89.62;93.78;89.2;93.78;1135850;0
Ренессанс;D;20231225;000000;93.96;95.6;91.54;94.4;1125730;0
Ренессанс;D;20231226;000000;93.8;96.92;93.4;96.92;681820;0
Ренессанс;D;20231227;000000;96.94;99.28;95.72;98.7;900990;0
Ренессанс;D;20231228;000000;98.04;98.28;95.6;96.78;533690;0
Ренессанс;D;20231229;000000;96.56;96.56;94;94;505010;0
Ренессанс;D;20240103;000000;93;95.48;92.2;94;294460;0
Ренессанс;D;20240104;000000;94.36;96.46;94;96.46;343640;0
Ренессанс;D;20240105;000000;96.44;96.9;94.76;95.62;314480;0
Ренессанс;D;20240108;000000;95.62;96.82;95.62;96.46;275730;0
Ренессанс;D;20240109;000000;96.46;97.3;94.8;95;297320;0
Ренессанс;D;20240110;000000;95.5;95.82;93.4;94.5;508240;0
Ренессанс;D;20240111;000000;94.8;96.46;93.84;95.1;1036850;0
Ренессанс;D;20240112;000000;95.8;96.6;95;95.02;514120;0
Ренессанс;D;20240115;000000;95.34;98.9;94.6;98.36;1727000;0
Ренессанс;D;20240116;000000;98.48;98.48;96.04;96.44;622860;0
Ренессанс;D;20240117;000000;96.44;97.3;95.5;97.12;372520;0
Ренессанс;D;20240118;000000;97.48;99.24;95.2;95.68;1629780;0
Ренессанс;D;20240119;000000;95.72;95.98;94.12;94.4;406490;0
Ренессанс;D;20240122;000000;94.56;97;94.54;96.96;889140;0
Ренессанс;D;20240123;000000;97;97;95.1;95.54;364950;0
Ренессанс;D;20240124;000000;96.04;96.88;95.32;96.16;350290;0
Ренессанс;D;20240125;000000;96.46;100.46;95.62;100.46;2392250;0
Ренессанс;D;20240126;000000;100.3;101.9;98.52;99.12;3397360;0
Ренессанс;D;20240129;000000;99.88;100.48;97.12;99;1084080;0
Ренессанс;D;20240130;000000;99;99.46;97.02;97.48;917340;0
Ренессанс;D;20240131;000000;98;98.5;96.22;98.3;1507230;0
Ренессанс;D;20240201;000000;98.6;99.1;96.64;97;1200320;0
Ренессанс;D;20240202;000000;97.48;97.48;95.72;97;836530;0
Ренессанс;D;20240205;000000;97.2;97.32;95;95;1492850;0
Ренессанс;D;20240206;000000;95.2;97.02;95.12;96.02;896040;0
Ренессанс;D;20240207;000000;96;100;96;98.44;2971330;0
Ренессанс;D;20240208;000000;99.5;100.7;97.2;98.16;2134430;0
Ренессанс;D;20240209;000000;98;98;96.86;97.06;473940;0
Ренессанс;D;20240212;000000;97.08;99.8;97.06;98.36;984190;0
Ренессанс;D;20240213;000000;98.4;98.9;97.08;97.9;634080;0
Ренессанс;D;20240214;000000;98.36;99.42;98.04;99.42;885810;0
Ренессанс;D;20240215;000000;99.5;103.34;99.5;102.56;4354860;0
Ренессанс;D;20240216;000000;102.62;103.42;99.2;100.1;1605540;0
Ренессанс;D;20240219;000000;100.54;102.76;100.12;101.88;1356140;0
Ренессанс;D;20240220;000000;102.44;103.2;100.12;101.98;1211160;0
Ренессанс;D;20240221;000000;99.6;100.98;96.08;98.84;2162500;0
Ренессанс;D;20240222;000000;98.84;100.16;98.32;99;750820;0
Ренессанс;D;20240226;000000;100.62;102.8;100.62;102.5;1510690;0
Ренессанс;D;20240227;000000;103;104;101.2;103;1238530;0
Ренессанс;D;20240228;000000;103.74;103.82;101.3;101.6;1166960;0
Ренессанс;D;20240229;000000;102.5;102.5;101.6;101.8;539290;0
Ренессанс;D;20240301;000000;104.28;104.92;101.8;102.34;1813790;0
Ренессанс;D;20240304;000000;102.94;103.42;101.66;102;1040610;0
Ренессанс;D;20240305;000000;102.38;105;101.9;103.5;2078890;0
Ренессанс;D;20240306;000000;103.96;105.5;103.5;105;1238380;0
Ренессанс;D;20240307;000000;105.26;106.74;104.24;105.64;1566160;0
Ренессанс;D;20240311;000000;106.8;107.4;105.68;105.9;1427600;0
Ренессанс;D;20240312;000000;106.2;107;101.72;103.66;4513340;0
Ренессанс;D;20240313;000000;103.78;103.86;101.18;101.3;2196520;0
Ренессанс;D;20240314;000000;101.28;101.58;98.5;99.5;1835910;0
Ренессанс;D;20240315;000000;99.62;100.64;98.96;100.38;908430;0
Ренессанс;D;20240318;000000;100.62;103.3;100.18;102.22;3111410;0
Ренессанс;D;20240319;000000;102.88;102.9;99.94;100.76;1029020;0
Ренессанс;D;20240320;000000;100.78;100.86;99.24;100.5;802950;0
Ренессанс;D;20240321;000000;100.48;101.58;99.94;101;1309000;0
Ренессанс;D;20240322;000000;101.7;101.74;99.74;99.88;814930;0
Ренессанс;D;20240325;000000;99.88;99.88;97.18;99.86;1466500;0
Ренессанс;D;20240326;000000;99.38;101.66;99.38;100.14;995680;0
Ренессанс;D;20240327;000000;100.96;100.98;99.82;100.42;401800;0
Ренессанс;D;20240328;000000;101.2;101.2;100;100.1;586740;0
Ренессанс;D;20240329;000000;100.3;100.78;99.92;100.24;605260;0
Ренессанс;D;20240401;000000;101.18;102.36;100.82;102.28;1010160;0
Ренессанс;D;20240402;000000;102.6;103.2;101.3;102;708810;0
Ренессанс;D;20240403;000000;102;105.42;100.9;103.86;2116240;0
Ренессанс;D;20240404;000000;103.88;104.94;102.5;102.58;819820;0
Ренессанс;D;20240405;000000;102.58;102.92;101.18;101.64;516260;0
Ренессанс;D;20240408;000000;102.46;102.46;101.5;101.78;551130;0
Ренессанс;D;20240409;000000;101.78;102.16;100;100.22;926990;0
Ренессанс;D;20240410;000000;100.3;101.78;99.18;101.58;2635410;0
Ренессанс;D;20240411;000000;101.6;102;99.96;101.24;749630;0
Ренессанс;D;20240412;000000;101.24;101.4;100.4;101;511260;0
Ренессанс;D;20240415;000000;101.98;103.8;101;103.78;1803300;0
Ренессанс;D;20240416;000000;103.7;106.22;102.58;105.92;2172190;0
Ренессанс;D;20240417;000000;105.92;106.36;104.2;105.56;886060;0
Ренессанс;D;20240418;000000;105.92;105.92;103.56;105.7;3540720;0
Ренессанс;D;20240419;000000;105.7;108.98;105.16;107.1;2040710;0
Ренессанс;D;20240422;000000;107.6;108.6;106;106;953740;0
Ренессанс;D;20240423;000000;106.62;107.1;104.18;104.62;924540;0
Ренессанс;D;20240424;000000;104.64;105.68;103.7;104;591960;0
Ренессанс;D;20240425;000000;104.3;107.88;103.62;107.36;1434610;0
Ренессанс;D;20240426;000000;107.36;108;105.62;105.7;704150;0
Ренессанс;D;20240427;000000;107.3;107.3;105.7;107.14;346090;0
Ренессанс;D;20240429;000000;107.18;107.36;106.3;107.04;179260;0
Ренессанс;D;20240430;000000;107.18;110.4;106.92;108.06;969330;0
Ренессанс;D;20240502;000000;108.7;109.7;107.3;108.5;878680;0
Ренессанс;D;20240503;000000;108.5;109;105.92;109;704670;0
Ренессанс;D;20240506;000000;108.62;108.72;106.18;106.34;486340;0
Ренессанс;D;20240507;000000;106.96;107.7;105.98;107.52;468230;0
Ренессанс;D;20240508;000000;107.5;108.14;107.16;107.46;268770;0
Ренессанс;D;20240510;000000;107.16;107.46;106.24;106.24;211070;0
Ренессанс;D;20240513;000000;106.94;107.2;106.04;106.78;422150;0
Ренессанс;D;20240514;000000;106.8;108.4;106.4;108.3;544070;0
Ренессанс;D;20240515;000000;108.6;109.14;107.14;108;600820;0
Ренессанс;D;20240516;000000;108.28;109.9;107.7;109.88;892540;0
Ренессанс;D;20240517;000000;109.88;111.14;109.2;111.12;883920;0
Ренессанс;D;20240520;000000;112;112.98;109.3;112.96;2196640;0
Ренессанс;D;20240521;000000;112.98;113.32;109.52;112;1043250;0
Ренессанс;D;20240522;000000;112;112;110.42;110.76;534170;0
Ренессанс;D;20240523;000000;110.76;110.76;108.54;109;459280;0
Ренессанс;D;20240524;000000;109;110.02;104.94;106.2;3186330;0
Ренессанс;D;20240527;000000;106.22;106.66;102;104.02;5643740;0
Ренессанс;D;20240528;000000;104;106;102.8;104.16;882780;0
Ренессанс;D;20240529;000000;104.16;104.58;102.8;104.32;506360;0
Ренессанс;D;20240530;000000;104.38;106.32;103.04;103.94;863370;0
Ренессанс;D;20240531;000000;103.92;103.92;99.9;100.32;1428600;0
Ренессанс;D;20240603;000000;100.04;102;95.8;97.92;1280550;0
Ренессанс;D;20240604;000000;99.12;103;98.12;102.38;1168310;0
Ренессанс;D;20240605;000000;102.4;104.3;102.14;103.78;1036830;0
Ренессанс;D;20240606;000000;103.78;104.04;101.06;102.34;686580;0
Ренессанс;D;20240607;000000;103.1;105.9;102.36;105.68;1307610;0
Ренессанс;D;20240610;000000;106.1;107.24;101.4;102;762510;0
Ренессанс;D;20240611;000000;102.5;102.62;100;101.36;517580;0
Ренессанс;D;20240613;000000;98.3;102.36;95.5;101.46;694450;0
Ренессанс;D;20240614;000000;100.22;104.4;100.22;104;492900;0
Ренессанс;D;20240617;000000;104;105.72;103;103.04;427740;0
Ренессанс;D;20240618;000000;103.9;103.9;99.74;99.8;493680;0
Ренессанс;D;20240619;000000;99.84;101.66;97.48;99.52;668370;0
Ренессанс;D;20240620;000000;99.52;102.12;98.1;99.54;544600;0
Ренессанс;D;20240621;000000;100.9;101;98.5;99.74;334020;0
Ренессанс;D;20240624;000000;99.7;99.7;96.46;96.46;695210;0
Ренессанс;D;20240625;000000;96.46;96.78;94.4;94.4;996740;0
Ренессанс;D;20240626;000000;95.38;100.34;94.56;99;1517170;0
Ренессанс;D;20240627;000000;99.02;99.78;97;97.1;438440;0
Ренессанс;D;20240628;000000;97.48;98.6;97.26;98.16;317730;0
Ренессанс;D;20240701;000000;98.18;98.88;97.2;97.5;239460;0
Ренессанс;D;20240702;000000;98.24;99.7;96.76;98.12;1060640;0
Ренессанс;D;20240703;000000;98.7;99.24;97.42;97.42;549800;0
Ренессанс;D;20240704;000000;97.42;98.26;95.1;96.96;572930;0
Ренессанс;D;20240705;000000;95;95.56;93.56;94.54;545020;0
Ренессанс;D;20240708;000000;94.44;94.76;91.7;92.18;455920;0
Ренессанс;D;20240709;000000;92.2;93.78;89.22;89.86;1213400;0
Ренессанс;D;20240710;000000;89.5;89.52;83.5;86;1101930;0
Ренессанс;D;20240711;000000;85.7;88.84;85.36;88.22;662060;0
Ренессанс;D;20240712;000000;88.82;92.9;87.66;92.14;887910;0
Ренессанс;D;20240715;000000;92.7;92.76;89.22;90;319470;0
Ренессанс;D;20240716;000000;89.8;89.8;86.68;87.56;525390;0
Ренессанс;D;20240717;000000;87.98;90.08;87.64;87.9;376560;0
Ренессанс;D;20240718;000000;87.9;90.8;86.94;89.86;318270;0
Ренессанс;D;20240719;000000;90;92.58;89.98;92.58;225120;0
Ренессанс;D;20240722;000000;92.6;93.3;90;91.1;801490;0
Ренессанс;D;20240723;000000;91.7;91.7;90.14;91.3;190460;0
Ренессанс;D;20240724;000000;91.5;91.9;90.74;91.42;176780;0
Ренессанс;D;20240725;000000;91.42;91.64;89.92;90;331740;0
Ренессанс;D;20240726;000000;90.42;92.3;88.54;88.78;809450;0
Ренессанс;D;20240729;000000;88.54;88.64;85;85;529800;0
Ренессанс;D;20240730;000000;85.5;86.74;84.52;86;887250;0
Ренессанс;D;20240731;000000;86.76;90.52;86.76;88.9;1383100;0
Ренессанс;D;20240801;000000;88.9;91.28;88.6;90.06;708270;0
Ренессанс;D;20240802;000000;90.06;90.08;87.2;87.5;662790;0
Ренессанс;D;20240805;000000;87;87.02;84.48;85.56;496940;0
Ренессанс;D;20240806;000000;87.2;89.78;86.06;89;886620;0
Ренессанс;D;20240807;000000;89.2;95.26;89.08;94.06;1774930;0
Ренессанс;D;20240808;000000;94.26;94.46;90.84;92.6;1183160;0
Ренессанс;D;20240809;000000;91.7;94.94;91.7;92.96;431170;0
Ренессанс;D;20240812;000000;91.46;93;90.92;92.76;324050;0
Ренессанс;D;20240813;000000;92.76;94.5;92.3;94.5;291320;0
Ренессанс;D;20240814;000000;94.5;96.7;92.54;94.66;490460;0
Ренессанс;D;20240815;000000;95.08;95.9;93.22;94.5;965420;0
Ренессанс;D;20240816;000000;94.1;95.9;93;95.5;325920;0
Ренессанс;D;20240819;000000;94.48;95.7;93.22;94.34;365720;0
Ренессанс;D;20240820;000000;94;96.58;93.9;96.26;490440;0
Ренессанс;D;20240821;000000;96.44;97.92;95.7;95.7;1314360;0
Ренессанс;D;20240822;000000;96;96.62;92.34;94.5;1174270;0
Ренессанс;D;20240823;000000;93.9;95.44;91;93.74;730900;0
Ренессанс;D;20240826;000000;94.1;97.3;93.02;96.1;751130;0
Ренессанс;D;20240827;000000;96.08;98.8;94.8;94.8;544960;0
Ренессанс;D;20240828;000000;95.5;95.9;93.32;95;285900;0
Ренессанс;D;20240829;000000;95.88;97.58;95;95.38;396700;0
Ренессанс;D;20240830;000000;95.38;95.9;91.4;91.6;1018580;0
Ренессанс;D;20240902;000000;89.58;90.5;84.8;86.68;1098430;0
Ренессанс;D;20240903;000000;86.98;89.78;85.3;86.78;1047290;0
Ренессанс;D;20240904;000000;87.16;91.6;87.16;90.3;464230;0
Ренессанс;D;20240905;000000;90.9;92.84;88;89.08;477200;0
Ренессанс;D;20240906;000000;89.08;90.98;87.4;90.58;331980;0
Ренессанс;D;20240909;000000;91.2;94.82;91.2;94.58;304650;0
Ренессанс;D;20240910;000000;94.84;94.84;90.16;91.34;690410;0
Ренессанс;D;20240911;000000;90.82;91.64;89.72;91.64;338160;0
Ренессанс;D;20240912;000000;90.7;90.7;88.2;90;607910;0
Ренессанс;D;20240913;000000;90;91.3;87.74;89.86;692740;0
Ренессанс;D;20240916;000000;90;95;89.9;93.96;1118420;0
Ренессанс;D;20240917;000000;93.96;95.92;93.5;95.28;546440;0
Ренессанс;D;20240918;000000;95.28;95.48;94.24;95.14;281710;0
Ренессанс;D;20240919;000000;94.96;95.5;94.02;94.52;280740;0
Ренессанс;D;20240920;000000;94.62;97.62;94.6;97.22;672600;0
Ренессанс;D;20240923;000000;97.12;99;97;98.5;615350;0
Ренессанс;D;20240924;000000;98.52;98.8;96.52;98.64;347000;0
Ренессанс;D;20240925;000000;97.8;98.36;95.5;95.66;404290;0
Ренессанс;D;20240926;000000;96.14;99.5;95;99.26;848270;0
Ренессанс;D;20240927;000000;99.48;100.72;97.48;97.8;786490;0
Ренессанс;D;20240930;000000;97.82;99.46;97.8;98;421350;0
Ренессанс;D;20241001;000000;98.04;98.56;95.14;96.82;275670;0
Ренессанс;D;20241002;000000;96.84;99.44;96.4;98.2;682090;0
Ренессанс;D;20241003;000000;98.32;98.46;95.86;96.38;451680;0
Ренессанс;D;20241004;000000;97.9;99.5;97;97.56;747410;0
Ренессанс;D;20241007;000000;97.02;98.38;96.52;97.52;257930;0
Ренессанс;D;20241008;000000;97.58;98.18;97.1;97.7;213250;0
Ренессанс;D;20241009;000000;98;98.5;96.56;96.56;202220;0
Ренессанс;D;20241010;000000;96.7;97.6;95.42;96.16;250460;0
Ренессанс;D;20241011;000000;96.14;96.58;95.28;96.44;106650;0
Ренессанс;D;20241014;000000;96.44;97.5;95;95.82;264220;0
Ренессанс;D;20241015;000000;96.18;99;95.9;97.48;486010;0
Ренессанс;D;20241016;000000;97.74;98.78;97;97.8;239300;0
Ренессанс;D;20241017;000000;98;98.36;96.02;96.6;2311620;0
Ренессанс;D;20241018;000000;96.78;98;96.1;96.22;348690;0
Ренессанс;D;20241021;000000;96.02;97.8;95.34;97.32;416780;0
Ренессанс;D;20241022;000000;97;97.06;95.64;95.72;159640;0
Ренессанс;D;20241023;000000;95.7;95.74;93;93.52;539590;0
Ренессанс;D;20241024;000000;93.1;94.14;91.74;93.7;289930;0
Ренессанс;D;20241025;000000;93.72;95.2;93.1;93.8;438020;0
Ренессанс;D;20241028;000000;92.6;93.78;90.86;90.92;346180;0
Ренессанс;D;20241029;000000;91.02;94.5;91.02;94.44;389240;0
Ренессанс;D;20241030;000000;94.64;97.66;94.34;96.96;644520;0
Ренессанс;D;20241031;000000;96.94;98.68;95.6;97;717150;0
Ренессанс;D;20241101;000000;96.98;98;93.22;94.46;1342990;0
Ренессанс;D;20241102;000000;94.74;95.54;93.42;94;169090;0
Ренессанс;D;20241105;000000;94.8;96.3;94.54;95;295510;0
Ренессанс;D;20241106;000000;97;98.02;95;95;1116270;0
Ренессанс;D;20241107;000000;95.2;97.82;95.2;97.54;643050;0
Ренессанс;D;20241108;000000;97.78;98.98;97.02;98.2;730060;0
Ренессанс;D;20241111;000000;99.02;102.5;98.5;102.26;1615840;0
Ренессанс;D;20241112;000000;102.26;103;99.5;101.7;683860;0
Ренессанс;D;20241113;000000;102.26;104.4;101.32;104.3;810010;0
Ренессанс;D;20241114;000000;104.3;104.48;100.02;100.18;1341000;0
Ренессанс;D;20241115;000000;100.56;102.36;100.38;101.82;453780;0
Ренессанс;D;20241118;000000;101.58;101.6;99.32;100.5;922570;0
Ренессанс;D;20241119;000000;100.5;101.84;100.16;101.6;1677810;0
Ренессанс;D;20241120;000000;101.5;102.42;99.8;101;1668490;0
Ренессанс;D;20241121;000000;101;101.14;99.22;100.9;1473120;0
Ренессанс;D;20241122;000000;101.1;101.54;99.38;99.52;575260;0
Ренессанс;D;20241125;000000;99.5;99.96;97.84;98.06;457410;0
Ренессанс;D;20241126;000000;97.54;98.9;94.96;95;547810;0
Ренессанс;D;20241127;000000;95.16;97.5;93.82;97.4;555940;0
Ренессанс;D;20241128;000000;97.46;98.82;95.02;96.66;314380;0
Ренессанс;D;20241129;000000;97.34;100.22;95.28;99.2;1070130;0
Ренессанс;D;20241202;000000;98.94;99.4;96.72;97.28;397060;0
Ренессанс;D;20241203;000000;97.28;97.6;95.88;96.2;336380;0
Ренессанс;D;20241204;000000;96;98;95.46;96.2;399500;0
Ренессанс;D;20241205;000000;95.9;97.42;95.7;96.64;290790;0
Ренессанс;D;20241206;000000;97.34;98.98;96.56;97.5;613220;0
Ренессанс;D;20241209;000000;97.62;98.6;96.82;97.76;209660;0
Ренессанс;D;20241210;000000;97.62;98.9;96;97.28;601780;0
Ренессанс;D;20241211;000000;96.68;98.12;95.72;96.44;362440;0
Ренессанс;D;20241212;000000;96.94;98.5;96;97.9;864090;0
Ренессанс;D;20241213;000000;97.92;98.7;96.34;96.7;1025660;0
Ренессанс;D;20241216;000000;96.68;98.4;96.56;97.98;555550;0
Ренессанс;D;20241217;000000;97.9;98.8;94.36;97.38;1298990;0
Ренессанс;D;20241218;000000;96.46;97.92;94.54;96.04;1030400;0
Ренессанс;D;20241219;000000;97.38;97.7;94.02;94.02;1075660;0
Ренессанс;D;20241220;000000;91.92;102.68;91.54;101.06;2877270;0
Ренессанс;D;20241223;000000;101.06;103.1;98.18;101;1691630;0
Ренессанс;D;20241224;000000;100.78;102.96;98.6;100.58;836300;0
Ренессанс;D;20241225;000000;100.58;104.54;98.7;102.2;2019930;0
Ренессанс;D;20241226;000000;103.5;105.5;102.22;105.1;687650;0
Ренессанс;D;20241227;000000;103.92;107;103.92;106.98;586840;0
Ренессанс;D;20241228;000000;107.02;108.06;106.2;107.36;400490;0
Ренессанс;D;20241230;000000;107.4;110.5;106.98;110.5;537580;0
Ренессанс;D;20250103;000000;110.36;110.36;107.3;108.38;298960;0
Ренессанс;D;20250106;000000;108.38;111.34;107.84;109.8;423590;0
Ренессанс;D;20250108;000000;109.54;111.5;108;111.36;306320;0
Ренессанс;D;20250109;000000;110.9;110.9;106.5;106.86;1280680;0
Ренессанс;D;20250110;000000;106.86;113.3;105.52;113.1;1746200;0
Ренессанс;D;20250113;000000;113.1;115;111.36;113.42;972390;0
Ренессанс;D;20250114;000000;113;115.4;112.38;115;597060;0
Ренессанс;D;20250115;000000;115.62;116;113;113.44;362460;0
Ренессанс;D;20250116;000000;114.54;116.2;114.54;115.32;591950;0
Ренессанс;D;20250117;000000;114.62;115.74;113.96;114.54;477810;0
Ренессанс;D;20250120;000000;114.94;116.46;113.44;113.96;606820;0
Ренессанс;D;20250121;000000;113.96;114.58;110.66;113;662070;0
Ренессанс;D;20250122;000000;113.96;118.42;112.58;118;711880;0
Ренессанс;D;20250123;000000;116.98;118.64;115.2;117.58;1044680;0
Ренессанс;D;20250124;000000;117.7;121.96;116.24;121.96;1005220;0
Ренессанс;D;20250127;000000;121.78;121.78;117.26;117.26;558750;0
Ренессанс;D;20250128;000000;117.3;118.74;113.4;115.4;1113840;0
Ренессанс;D;20250129;000000;115.58;116.62;113.56;115.56;707700;0
Ренессанс;D;20250130;000000;115.56;120.5;115.56;118.76;1178320;0
Ренессанс;D;20250131;000000;118.8;120.5;118.24;118.94;781340;0
Ренессанс;D;20250203;000000;118;120.26;114.84;115;500310;0
Ренессанс;D;20250204;000000;116.06;117.28;114.26;114.4;375850;0
Ренессанс;D;20250205;000000;115;115;112.08;114.2;480180;0
Ренессанс;D;20250206;000000;114.76;117.4;112.6;113.6;1420500;0
Ренессанс;D;20250207;000000;114.2;115.48;112.72;113.4;660760;0
Ренессанс;D;20250210;000000;115;115.88;112.92;114.22;1280530;0
Ренессанс;D;20250211;000000;114.22;115.18;113.3;115.1;486680;0
Ренессанс;D;20250212;000000;115.1;116.98;115.1;116.68;816890;0
Ренессанс;D;20250213;000000;121.24;129;118.34;128.98;3440380;0
Ренессанс;D;20250214;000000;127.56;128.72;118.86;122.26;3160350;0
Ренессанс;D;20250217;000000;125.8;126.84;124.24;126.3;790680;0
Ренессанс;D;20250218;000000;125.88;125.9;121.82;122.92;1029110;0
Ренессанс;D;20250219;000000;125;125.56;121.3;123.8;394220;0
Ренессанс;D;20250220;000000;124.3;128.04;124.1;126.02;511010;0
Ренессанс;D;20250221;000000;126.22;127;123.5;126.88;347780;0
Ренессанс;D;20250224;000000;127.02;128.7;125.18;125.9;920500;0
Ренессанс;D;20250225;000000;127;129;125.92;128;756110;0
Ренессанс;D;20250226;000000;128.5;136.08;123.62;127.98;2429040;0
Ренессанс;D;20250227;000000;126.48;131.84;124.44;130.28;1265710;0
Ренессанс;D;20250228;000000;132;137.78;128.8;136.5;1929520;0
Ренессанс;D;20250303;000000;134.7;137.8;131.1;136.56;1026230;0
Ренессанс;D;20250304;000000;136.84;139.48;133.16;133.92;1764430;0
Ренессанс;D;20250305;000000;134.92;135.2;131.82;134.2;649390;0
Ренессанс;D;20250306;000000;133.9;134.84;127.8;128.3;1319180;0
Ренессанс;D;20250307;000000;129.44;134.48;128.38;132.92;1919430;0
Ренессанс;D;20250310;000000;134.56;135.8;132.52;134.2;876960;0
Ренессанс;D;20250311;000000;132.94;136.34;132.52;134.02;1034620;0
Ренессанс;D;20250312;000000;134;136.54;131.32;136.54;1196120;0
Ренессанс;D;20250313;000000;136.54;137.46;130.82;133.18;1674330;0
Ренессанс;D;20250314;000000;135.02;136.12;131.68;135.46;843350;0
Ренессанс;D;20250317;000000;137;137.92;133.74;134.58;1477260;0
Ренессанс;D;20250318;000000;134.7;135.98;134.24;135.42;641140;0
Ренессанс;D;20250319;000000;135.26;136.84;133.78;136.62;506400;0
Ренессанс;D;20250320;000000;137;141.06;135;138.2;3355340;0
Ренессанс;D;20250321;000000;138.18;139;136;137.52;1204700;0
Ренессанс;D;20250324;000000;137.52;139.6;135.36;136.92;732740;0
Ренессанс;D;20250325;000000;137.78;138.7;135.76;138;646250;0
Ренессанс;D;20250326;000000;137.86;138.76;132.62;133.24;845380;0
Ренессанс;D;20250327;000000;133.02;135.2;127.54;127.82;1965940;0
Ренессанс;D;20250328;000000;127.82;128.3;123.12;125.6;1273090;0
Ренессанс;D;20250331;000000;125.62;126.84;119.46;125.46;1701210;0
Ренессанс;D;20250401;000000;125.46;129.66;121.54;121.66;1921400;0
Ренессанс;D;20250402;000000;121.66;124.5;120.14;121;823120;0
Ренессанс;D;20250403;000000;121.02;123.76;118.7;119.54;1405520;0
Ренессанс;D;20250404;000000;120.56;121.6;111.16;113;3388440;0
Ренессанс;D;20250407;000000;113;115.2;107.24;109.66;2244330;0
Ренессанс;D;20250408;000000;110.8;117.08;110.5;112.32;2153410;0
Ренессанс;D;20250409;000000;112.34;118.96;109.12;118.12;1887200;0
Ренессанс;D;20250410;000000;118.2;122.98;116.76;119.38;1474000;0
Ренессанс;D;20250411;000000;119.9;122.72;117.9;120.24;1077890;0
Ренессанс;D;20250414;000000;119.6;122.46;117.22;117.74;522710;0
Ренессанс;D;20250415;000000;117.82;120.44;117.06;119.46;374250;0
Ренессанс;D;20250416;000000;119.48;122.2;117.24;120.86;541390;0
Ренессанс;D;20250417;000000;121.5;122.38;119.66;121.44;550190;0
Ренессанс;D;20250418;000000;120.74;121.36;117.64;119.32;562640;0
Ренессанс;D;20250421;000000;119.72;121.4;119.64;120.66;469810;0
Ренессанс;D;20250422;000000;121.3;124.34;119.4;123.28;1005620;0
Ренессанс;D;20250423;000000;123.24;123.52;120.24;121.78;628210;0
Ренессанс;D;20250424;000000;121.78;122.9;119.88;120.38;1341100;0
Ренессанс;D;20250425;000000;121.22;121.5;119.7;120.9;1206470;0
Ренессанс;D;20250428;000000;121.46;122.18;118.06;118.68;1501100;0
Ренессанс;D;20250429;000000;118.24;119.2;115.02;115.68;813910;0
Ренессанс;D;20250430;000000;116;116.84;112.7;114.42;1327910;0
Ренессанс;D;20250502;000000;114.44;115.5;111.18;112.04;571380;0
Ренессанс;D;20250505;000000;111.6;114.54;108.58;109.96;1121300;0
Ренессанс;D;20250506;000000;109.96;112.7;109.44;111.5;1106980;0
Ренессанс;D;20250507;000000;112;113.18;110.48;112.06;862780;0
Ренессанс;D;20250508;000000;112.06;113.64;112;112.68;147200;0
Ренессанс;D;20250512;000000;112.68;115.26;112.02;114.22;701360;0
Ренессанс;D;20250513;000000;114.22;114.98;113.72;114.6;291190;0
Ренессанс;D;20250514;000000;114.94;116.38;112.64;112.78;904900;0
Ренессанс;D;20250515;000000;112.68;113.98;110.98;112.56;738070;0
Ренессанс;D;20250516;000000;112.78;113.46;110.5;111.18;904740;0
Ренессанс;D;20250519;000000;111.18;116.38;111.18;115.6;1823140;0
Ренессанс;D;20250520;000000;115.2;116;113.34;113.72;695540;0
Ренессанс;D;20250521;000000;114.26;114.5;111.1;112.2;785990;0
Ренессанс;D;20250522;000000;112.48;113.32;108.58;112.34;1685960;0
Ренессанс;D;20250523;000000;112.18;114.34;110.9;112.68;1193700;0
Ренессанс;D;20250526;000000;113.68;113.74;110.3;111.66;897920;0
Ренессанс;D;20250527;000000;111.66;113.62;109.04;110.68;2450640;0
Ренессанс;D;20250528;000000;111.5;112.78;109.32;111.74;1359500;0
Ренессанс;D;20250529;000000;110.96;112;109;109.72;1246730;0
Ренессанс;D;20250530;000000;109.72;110.44;108.86;110.1;512950;0
Ренессанс;D;20250602;000000;110.1;114.5;108.6;113.46;1670850;0
Ренессанс;D;20250603;000000;113.28;119.94;113.28;119.56;2319200;0
Ренессанс;D;20250604;000000;119.56;120.92;116.5;118;1753170;0
Ренессанс;D;20250605;000000;118.32;118.84;116.66;117.86;598120;0
Ренессанс;D;20250606;000000;117.3;119.9;114.56;114.6;1682010;0
Ренессанс;D;20250609;000000;115.6;116.7;112.66;115.12;778970;0
Ренессанс;D;20250610;000000;115.44;116.96;114.04;115.54;1011300;0
Ренессанс;D;20250611;000000;115.9;120.02;114.34;119.78;1595720;0
Ренессанс;D;20250613;000000;120.06;121.1;118.3;118.84;723100;0
Ренессанс;D;20250616;000000;118.86;119.72;115.1;115.52;2059070;0
Ренессанс;D;20250617;000000;115.3;117.58;114.84;117.08;665010;0
Ренессанс;D;20250618;000000;117.84;118.54;115.32;116.76;686600;0
Ренессанс;D;20250619;000000;116.5;119.52;115.38;118.22;1010170;0
Ренессанс;D;20250620;000000;118.22;118.96;115.7;116.1;538280;0
Ренессанс;D;20250623;000000;116.12;116.96;113.48;114.64;938200;0
Ренессанс;D;20250624;000000;115.2;116.26;114.04;115.64;515010;0
Ренессанс;D;20250625;000000;115.64;117.54;114.52;117;893090;0
Ренессанс;D;20250626;000000;117.38;118;116.36;117.1;479660;0
Ренессанс;D;20250627;000000;117.18;119;116.22;118.6;519630;0
Ренессанс;D;20250630;000000;118.8;122;118.06;121.72;1186640;0
Ренессанс;D;20250701;000000;121.72;124.28;121.12;122.62;951590;0
Ренессанс;D;20250702;000000;122.62;123.76;120.68;122.72;506910;0
Ренессанс;D;20250703;000000;122.72;124.98;122.1;123.14;861540;0
Ренессанс;D;20250704;000000;123.14;126.78;121.06;125.64;1000860;0
Ренессанс;D;20250707;000000;126.42;126.5;124.4;124.4;569570;0
Ренессанс;D;20250708;000000;125;125.42;120.06;123.2;1013750;0
Ренессанс;D;20250709;000000;123.12;123.12;117.7;119.5;1455320;0
Ренессанс;D;20250710;000000;119.5;122.52;119.04;121.08;676130;0
Ренессанс;D;20250711;000000;121.08;122.4;118.42;120.02;672980;0
Ренессанс;D;20250714;000000;120.04;129.2;118.1;129.1;2514090;0
Ренессанс;D;20250715;000000;124.4;125.48;121.24;124.5;2671640;0
Ренессанс;D;20250716;000000;123.64;125.88;122.26;124.7;1543360;0
Ренессанс;D;20250717;000000;124.7;127.78;122.92;123.96;1571530;0
Ренессанс;D;20250718;000000;124.4;127.18;123.46;126.24;1209480;0
Ренессанс;D;20250721;000000;126.3;127.28;125.08;125.88;1200160;0
Ренессанс;D;20250722;000000;125.88;126.1;123.38;124.56;705870;0
Ренессанс;D;20250723;000000;124.56;126.3;123.86;126.08;848380;0
Ренессанс;D;20250724;000000;125.88;125.88;124.28;124.52;529810;0
Ренессанс;D;20250725;000000;124.64;126;122.34;123.62;915880;0
Ренессанс;D;20250728;000000;123.56;124.68;121.52;121.54;1316880;0
Ренессанс;D;20250729;000000;121.94;123.4;121.22;122.3;376180;0
Ренессанс;D;20250730;000000;122.22;125.76;122.22;125.18;1068100;0
Ренессанс;D;20250731;000000;125.22;125.96;122.86;125.76;961300;0
Ренессанс;D;20250801;000000;125.9;126.5;123.26;124.74;606640;0
Ренессанс;D;20250804;000000;125.26;125.92;123.58;124.28;638560;0
Ренессанс;D;20250805;000000;124.64;125.98;123.66;124.46;517010;0
Ренессанс;D;20250806;000000;125;130;124.24;128.58;1241130;0
Ренессанс;D;20250807;000000;128.96;131.78;127;130.28;1443900;0
Ренессанс;D;20250808;000000;130.02;132.88;128.52;132.8;1041900;0
Ренессанс;D;20250811;000000;132.82;133.98;130.28;132;1384230;0
Ренессанс;D;20250812;000000;132.02;132.82;129.68;130.88;669950;0
Ренессанс;D;20250813;000000;131.44;131.9;128.02;129;752300;0
Ренессанс;D;20250814;000000;129.04;130.6;125.96;129.9;1099460;0
Ренессанс;D;20250815;000000;129.9;132;127.96;131.98;1379410;0
Ренессанс;D;20250818;000000;130;132;128.4;130.96;1302760;0
Ренессанс;D;20250819;000000;131.52;133.52;130.5;132.08;1052550;0
Ренессанс;D;20250820;000000;132.52;133.74;130.58;131.46;848260;0
Ренессанс;D;20250821;000000;131.16;131.7;128.6;129.82;854590;0
Ренессанс;D;20250822;000000;129.82;134.26;129.1;134;1279430;0
Ренессанс;D;20250825;000000;133.76;134.66;131.06;133.34;1508080;0
Ренессанс;D;20250826;000000;132.96;134.38;131.38;131.96;884020;0
Ренессанс;D;20250827;000000;132.14;132.58;129.64;130.52;1497340;0
Ренессанс;D;20250828;000000;130.62;131.76;124.78;125.84;4570170;0
Ренессанс;D;20250829;000000;125.84;127.4;125.22;126.02;1183790;0
Ренессанс;D;20250901;000000;126.74;126.74;122.02;122.36;1871500;0
Ренессанс;D;20250902;000000;122.36;123.5;118.1;118.5;2179070;0
Ренессанс;D;20250903;000000;118.84;120.9;116.84;120.58;1391560;0
Ренессанс;D;20250904;000000;120.5;121.74;120;120.78;933610;0
Ренессанс;D;20250905;000000;121.2;123.8;118.66;119.18;2602190;0
Ренессанс;D;20250908;000000;119.66;121.22;117.8;118.66;2010910;0
Ренессанс;D;20250909;000000;119;119.76;118.02;119.38;1199760;0
Ренессанс;D;20250910;000000;119.5;119.64;117.26;117.72;1493110;0
Ренессанс;D;20250911;000000;117.88;118.46;115.28;116;1487200;0
Ренессанс;D;20250912;000000;116.2;116.56;112.28;113;2272200;0
Ренессанс;D;20250915;000000;113;114.74;111.2;111.68;1501870;0
Ренессанс;D;20250916;000000;112;112.58;110;111.26;1337710;0
Ренессанс;D;20250917;000000;111.7;112.92;110.02;112.24;1092680;0
Ренессанс;D;20250918;000000;112.2;113.7;110;111.54;1560600;0
Ренессанс;D;20250919;000000;111.38;112.46;108.76;108.92;1661260;0
Ренессанс;D;20250922;000000;108.9;109.9;104.42;107.3;4173040;0
Ренессанс;D;20250923;000000;107.3;108.16;103.74;104.5;2053580;0
Ренессанс;D;20250924;000000;104.3;106.46;103.1;105.6;1600990;0
Ренессанс;D;20250925;000000;105.62;106.26;102.26;102.78;1232070;0
Ренессанс;D;20250926;000000;102.84;104.44;101.48;104.18;1384560;0
Ренессанс;D;20250929;000000;103.94;105.08;100.08;101.54;2046160;0
Ренессанс;D;20250930;000000;101.66;102.38;99.6;101.08;1780860;0
Ренессанс;D;20251001;000000;102.04;102.14;98.52;98.62;1641960;0
Ренессанс;D;20251002;000000;99;99.56;96.9;97.06;1590030;0
Ренессанс;D;20251003;000000;97;98.98;96.88;97.5;1748950;0
Ренессанс;D;20251006;000000;96.68;101.98;96.04;101.32;1764330;0
Ренессанс;D;20251007;000000;100.56;101.92;99.8;100.96;911090;0
Ренессанс;D;20251008;000000;100.96;103.78;95.14;97.3;2030610;0
Ренессанс;D;20251009;000000;98.2;100.9;94.62;100.38;1886810;0
Ренессанс;D;20251010;000000;100.06;101.28;96.82;97.62;815870;0
Ренессанс;D;20251013;000000;98.76;99.94;96.02;97.78;1147280;0
Ренессанс;D;20251014;000000;97.96;98.26;95.64;95.76;631660;0
Ренессанс;D;20251015;000000;95.94;97.28;94.72;96.7;997840;0
Ренессанс;D;20251016;000000;96.42;103.32;95.88;103.32;1682060;0
Ренессанс;D;20251017;000000;103.5;104.4;100.24;103.08;2336340;0
Ренессанс;D;20251020;000000;103.74;106.1;102.18;102.88;1567730;0
Ренессанс;D;20251021;000000;102.88;102.88;97.24;100.18;1207830;0
Ренессанс;D;20251022;000000;100.78;101.58;97.56;99;825230;0
Ренессанс;D;20251023;000000;97.52;99.66;97.06;98;697720;0
Ренессанс;D;20251024;000000;98.7;99.66;96.54;98.46;1059700;0
Ренессанс;D;20251027;000000;98.3;98.3;94.52;94.58;1306080;0
Ренессанс;D;20251028;000000;95.12;96.4;93.56;96.18;1328590;0
Ренессанс;D;20251029;000000;96.28;97.14;95.32;96.7;680310;0
Ренессанс;D;20251030;000000;96.5;98.68;96.06;98.54;1014730;0
Ренессанс;D;20251031;000000;98.54;99.78;95.88;96.62;1942630;0
Ренессанс;D;20251101;000000;96.96;98.14;96.6;97.58;354550;0
Ренессанс;D;20251103;000000;97.72;99.14;97.7;99.02;321450;0
Ренессанс;D;20251105;000000;98.92;100.36;98;99.1;801160;0
Ренессанс;D;20251106;000000;100;100.2;98.38;99.66;1012360;0
Ренессанс;D;20251107;000000;99.22;101.1;98.94;100.92;1402470;0
Ренессанс;D;20251110;000000;100.78;102.36;100.22;101.48;645540;0
Ренессанс;D;20251111;000000;101.88;102.08;99.6;101.68;839460;0
Ренессанс;D;20251112;000000;101.92;103.66;100.28;100.74;2787480;0
Ренессанс;D;20251113;000000;100.54;102.18;100.44;101.24;534530;0
Ренессанс;D;20251114;000000;101.88;102.38;98.76;99.88;862770;0
Ренессанс;D;20251117;000000;99.78;100.2;97.18;97.52;701030;0
Ренессанс;D;20251118;000000;98.2;100;97.6;99.58;1256400;0
Ренессанс;D;20251119;000000;99.58;102.94;98.86;101.56;1492380;0
Ренессанс;D;20251120;000000;102.52;102.52;99.68;101.72;1303880;0
Ренессанс;D;20251121;000000;101.88;102.6;99.8;100.48;938610;0
Ренессанс;D;20251124;000000;101;102.34;99.9;101.1;872730;0
Ренессанс;D;20251125;000000;101.28;101.28;99.98;100.66;1908830;0
Ренессанс;D;20251126;000000;100.54;101.1;99.9;100.2;636450;0
Ренессанс;D;20251127;000000;100.3;100.48;98.36;99.46;1048450;0
Ренессанс;D;20251128;000000;99.6;100.38;98.92;100.3;752230;0
Ренессанс;D;20251201;000000;100.32;100.48;98.5;98.92;3244900;0
Ренессанс;D;20251202;000000;99.24;99.34;98.1;98.86;1200300;0
Ренессанс;D;20251203;000000;98.46;98.46;96.1;97.3;1930880;0
Ренессанс;D;20251204;000000;97.3;98.38;97.3;97.74;918900;0
Ренессанс;D;20251205;000000;97.74;98.46;97.3;98.42;2201620;0
Ренессанс;D;20251208;000000;98.52;99.88;98.5;98.54;2522970;0
Ренессанс;D;20251209;000000;98.62;99.64;98.3;99.18;1657490;0
Ренессанс;D;20251210;000000;99.56;99.86;99.02;99.36;817270;0
Ренессанс;D;20251211;000000;99.3;100.2;99.14;99.62;1526560;0
Ренессанс;D;20251212;000000;99.62;100.06;99.2;99.4;2502910;0
Ренессанс;D;20251215;000000;99.5;101;99.32;101;1676600;0
Ренессанс;D;20251216;000000;100.84;101.44;100.56;101.38;1246400;0
Ренессанс;D;20251217;000000;101.46;101.88;100.54;101.24;2663210;0
Ренессанс;D;20251218;000000;101.08;101.98;100.72;101.86;3228830;0
Ренессанс;D;20251219;000000;98.2;98.46;96.8;97.64;4080640;0
Ренессанс;D;20251222;000000;97.6;98.3;96.58;96.96;1842510;0
Ренессанс;D;20251223;000000;96.96;97.28;95.6;95.8;1412710;0
Ренессанс;D;20251224;000000;95.8;96.64;95.1;95.3;1005270;0
Ренессанс;D;20251225;000000;95.6;95.6;95;95.14;896940;0
Ренессанс;D;20251226;000000;95.28;96.16;95.2;95.68;900880;0
Ренессанс;D;20251229;000000;95.7;97.5;95.3;95.54;2065440;0
Ренессанс;D;20251230;000000;95.42;96.08;95.4;95.72;801190;0
Ренессанс;D;20260105;000000;95.72;95.98;94.5;95.48;485870;0
Ренессанс;D;20260106;000000;95.5;95.98;95.26;95.38;336430;0
Ренессанс;D;20260108;000000;95.32;96.04;94.86;95.38;511320;0
Ренессанс;D;20260109;000000;95.66;96;95.24;95.48;259400;0
Ренессанс;D;20260112;000000;95.5;95.84;94.6;94.94;967310;0
Ренессанс;D;20260113;000000;94.98;95.24;92.92;93.82;1746180;0
Ренессанс;D;20260114;000000;93.82;94;92.04;92.08;1927940;0
Ренессанс;D;20260115;000000;92.34;93.68;92.04;93.08;1436670;0
Ренессанс;D;20260116;000000;93.34;94.44;92.9;93.98;1222660;0
Ренессанс;D;20260119;000000;94.38;94.64;93.5;93.78;1944530;0
Ренессанс;D;20260120;000000;93.64;93.98;92.62;93.18;1227750;0
Ренессанс;D;20260121;000000;93.28;93.42;92.42;93.06;1666660;0
Ренессанс;D;20260122;000000;93.12;93.3;92.4;92.62;1408220;0
Ренессанс;D;20260123;000000;92.6;92.72;92.2;92.72;896940;0
Ренессанс;D;20260126;000000;92.72;93.1;91.74;92.24;1807070;0
Ренессанс;D;20260127;000000;92.32;93.04;91.7;92.88;1197780;0
Ренессанс;D;20260128;000000;92.88;94;92.7;92.88;1439340;0
Ренессанс;D;20260129;000000;92.88;93.78;92.7;93.54;1862070;0
Ренессанс;D;20260130;000000;93.54;93.72;92.7;92.76;708540;0
Ренессанс;D;20260202;000000;92.86;94.1;92.5;93.84;1824710;0
Ренессанс;D;20260203;000000;93.9;94.9;93.62;94.7;1385690;0
Ренессанс;D;20260204;000000;94.7;95.38;93.18;93.3;1536890;0
Ренессанс;D;20260205;000000;93.24;93.92;92;93.32;1407740;0
Ренессанс;D;20260206;000000;93.54;93.8;92.08;92.42;1071760;0
Ренессанс;D;20260209;000000;92.68;92.8;90.9;91.06;1595270;0
Ренессанс;D;20260210;000000;91.06;91.54;90.38;90.5;1161870;0
Ренессанс;D;20260211;000000;90.5;91.82;90.36;91.38;1061170;0
Ренессанс;D;20260212;000000;91.34;91.76;90.14;90.92;1548820;0
Ренессанс;D;20260213;000000;90.98;93.74;90.12;93.16;2899180;0
Ренессанс;D;20260216;000000;93.52;96.4;93.52;95.06;3739530;0
Ренессанс;D;20260217;000000;95.2;95.78;94.42;94.64;1030520;0
Ренессанс;D;20260218;000000;94.64;97.78;94.38;97.08;3105480;0
Ренессанс;D;20260219;000000;97;97.32;95.08;96.02;2376680;0
Ренессанс;D;20260220;000000;96.24;96.58;95.1;95.4;959040;0
Ренессанс;D;20260224;000000;95.56;96.86;95.3;95.9;1771920;0
Ренессанс;D;20260225;000000;95.72;96.76;95.02;95.86;1446300;0
Ренессанс;D;20260226;000000;96.22;96.32;94.64;95.26;1039800;0
Ренессанс;D;20260227;000000;95.26;95.56;94.4;94.9;1242000;0
Ренессанс;D;20260302;000000;94.9;95.2;93.5;94.8;2536510;0
Ренессанс;D;20260303;000000;94.68;95.2;93.78;93.98;1340670;0
Ренессанс;D;20260304;000000;94.16;94.98;93;93.58;1109620;0
Ренессанс;D;20260305;000000;93.6;94.38;92.7;93.38;1013730;0
Ренессанс;D;20260306;000000;93.5;94;92.36;92.66;1086050;0
Ренессанс;D;20260309;000000;92.7;94.12;91.9;93.88;897280;0
Ренессанс;D;20260310;000000;93.68;95.06;92.46;93.16;3155150;0
Ренессанс;D;20260311;000000;92.9;93.6;92.12;93.44;1925600;0
Ренессанс;D;20260312;000000;93.48;94.38;91.86;92.64;4318000;0
Ренессанс;D;20260313;000000;92.7;93.38;92.16;92.48;1412320;0
Ренессанс;D;20260316;000000;92.6;93.34;91.62;92.1;2322960;0
Ренессанс;D;20260317;000000;92.1;92.26;90.68;91.14;2563650;0
Ренессанс;D;20260318;000000;91.14;91.84;90.9;91.68;1571810;0
Ренессанс;D;20260319;000000;91.6;92.16;90.6;91.86;1881140;0
Ренессанс;D;20260320;000000;91.8;92.02;90.88;91.04;1168640;0
Ренессанс;D;20260323;000000;91;91.34;90;90.32;2176020;0
Ренессанс;D;20260324;000000;90.44;90.68;89.24;89.76;1546800;0
Ренессанс;D;20260325;000000;89.8;90.1;89.1;89.52;1012320;0
Ренессанс;D;20260326;000000;89.7;89.94;88.22;88.6;1678540;0
Ренессанс;D;20260327;000000;88.6;90.2;88.34;89.44;2424870;0
Ренессанс;D;20260330;000000;89.44;91.5;89.44;90.7;2463870;0
Ренессанс;D;20260331;000000;90.7;90.98;88.88;89.62;1130600;0
Ренессанс;D;20260401;000000;89.62;90.4;89.04;90.18;1360480;0
Ренессанс;D;20260402;000000;90.18;90.38;89;89.42;1118350;0
Ренессанс;D;20260403;000000;89.42;89.98;88.6;89.04;1164120;0
Ренессанс;D;20260406;000000;88.8;90.94;88.8;90.42;1653170;0
Ренессанс;D;20260407;000000;90.5;91.26;89.22;90.18;1739580;0
Ренессанс;D;20260408;000000;90.3;90.88;89.34;89.94;1307220;0
Ренессанс;D;20260409;000000;90.24;90.26;88.94;89.32;918660;0
Ренессанс;D;20260410;000000;89.22;89.98;88.78;88.9;960700;0
Ренессанс;D;20260413;000000;88.96;89.5;87.62;88;1609900;0
Ренессанс;D;20260414;000000;87.86;88.78;86.82;87.44;1872110;0
Ренессанс;D;20260415;000000;87.66;89.1;87;88.94;1454590;0
Ренессанс;D;20260416;000000;88.68;89.88;87.52;87.92;1912490;0
Ренессанс;D;20260417;000000;87.9;88.5;87.14;87.84;1416480;0
