<TICKER>;<PER>;<DATE>;<TIME>;<OPEN>;<HIGH>;<LOW>;<CLOSE>;<VOL>;<OPENINT>
SGZH;D;20210428;000000;8.1;8.1;7.801;7.968;193813200;0
SGZH;D;20210429;000000;8;8;7.88;7.9;83221800;0
SGZH;D;20210430;000000;7.901;7.965;7.651;7.88;81990900;0
SGZH;D;20210504;000000;7.88;7.948;7.88;7.91;89185600;0
SGZH;D;20210505;000000;7.882;8.013;7.882;8;43793000;0
SGZH;D;20210506;000000;8;8;7.9;8;28732500;0
SGZH;D;20210507;000000;8;8.02;7.924;8;15066500;0
SGZH;D;20210510;000000;8.003;8.003;7.947;7.981;10029400;0
SGZH;D;20210511;000000;7.981;8;7.89;7.994;35602500;0
SGZH;D;20210512;000000;8;8;7.92;7.965;18815300;0
SGZH;D;20210513;000000;7.965;7.986;7.91;7.97;26952800;0
SGZH;D;20210514;000000;7.97;7.975;7.92;7.951;12328200;0
SGZH;D;20210517;000000;7.98;7.98;7.918;7.95;12625800;0
SGZH;D;20210518;000000;7.963;7.98;7.905;7.926;30066100;0
SGZH;D;20210519;000000;7.96;7.971;7.909;7.95;24439200;0
SGZH;D;20210520;000000;7.935;8.015;7.6;7.994;56073500;0
SGZH;D;20210521;000000;7.996;7.996;7.92;7.96;24606500;0
SGZH;D;20210524;000000;7.921;7.997;7.921;7.99;58127800;0
SGZH;D;20210525;000000;7.997;7.997;7.935;7.97;25357000;0
SGZH;D;20210526;000000;7.97;7.98;7.935;7.97;17751900;0
SGZH;D;20210527;000000;7.97;8;7.935;8;40490300;0
SGZH;D;20210528;000000;7.99;7.99;7.745;7.8;24166000;0
SGZH;D;20210531;000000;7.848;7.92;7.806;7.824;8569500;0
SGZH;D;20210601;000000;7.84;7.906;7.84;7.86;5604700;0
SGZH;D;20210602;000000;7.879;7.879;7.8;7.8;8139000;0
SGZH;D;20210603;000000;7.805;7.875;7.72;7.767;7463000;0
SGZH;D;20210604;000000;7.784;7.796;7.63;7.659;10149600;0
SGZH;D;20210607;000000;7.659;7.748;7.6;7.6;8932300;0
SGZH;D;20210608;000000;7.64;7.718;7.56;7.612;16280700;0
SGZH;D;20210609;000000;7.616;7.899;7.571;7.894;12820900;0
SGZH;D;20210610;000000;7.89;7.944;7.822;7.931;21791600;0
SGZH;D;20210611;000000;7.931;7.95;7.926;7.949;5666500;0
SGZH;D;20210614;000000;7.949;7.997;7.851;7.965;5736000;0
SGZH;D;20210615;000000;7.922;7.967;7.831;7.869;13578800;0
SGZH;D;20210616;000000;7.892;7.892;7.772;7.783;3808600;0
SGZH;D;20210617;000000;7.84;7.884;7.728;7.774;4262200;0
SGZH;D;20210618;000000;7.774;7.802;7.602;7.603;7221300;0
SGZH;D;20210621;000000;7.667;7.729;7.666;7.68;3278600;0
SGZH;D;20210622;000000;7.7;7.728;7.615;7.66;3858100;0
SGZH;D;20210623;000000;7.669;7.7;7.633;7.685;7875500;0
SGZH;D;20210624;000000;7.719;7.748;7.554;7.6;15695800;0
SGZH;D;20210625;000000;7.621;7.674;7.552;7.554;9845300;0
SGZH;D;20210628;000000;7.59;7.67;7.522;7.63;4546800;0
SGZH;D;20210629;000000;7.629;7.629;7.46;7.523;15833000;0
SGZH;D;20210630;000000;7.51;7.648;7.5;7.62;5233800;0
SGZH;D;20210701;000000;7.604;7.691;7.6;7.652;4186400;0
SGZH;D;20210702;000000;7.652;7.652;7.562;7.563;3562400;0
SGZH;D;20210705;000000;7.6;7.652;7.51;7.65;4891300;0
SGZH;D;20210706;000000;7.65;7.663;7.555;7.556;10048900;0
SGZH;D;20210707;000000;7.559;7.623;7.5;7.555;6510100;0
SGZH;D;20210708;000000;7.55;7.566;7.45;7.455;10849900;0
SGZH;D;20210709;000000;7.494;7.494;7.391;7.45;6165300;0
SGZH;D;20210712;000000;7.45;7.45;7.391;7.421;5538500;0
SGZH;D;20210713;000000;7.45;7.526;7.395;7.4;7003000;0
SGZH;D;20210714;000000;7.455;7.455;7.286;7.291;9324000;0
SGZH;D;20210715;000000;7.45;7.45;7.2;7.205;9263900;0
SGZH;D;20210716;000000;7.205;7.29;7.124;7.186;5216200;0
SGZH;D;20210719;000000;7.201;7.23;6.804;6.805;17292700;0
SGZH;D;20210720;000000;6.887;7.044;6.826;6.95;5773900;0
SGZH;D;20210721;000000;7.044;7.063;6.77;7.027;14131700;0
SGZH;D;20210722;000000;7.09;7.3;7.031;7.289;6094400;0
SGZH;D;20210723;000000;7.324;7.46;7.301;7.41;5874300;0
SGZH;D;20210726;000000;7.417;7.549;7.041;7.233;7317100;0
SGZH;D;20210727;000000;7.35;7.395;7.231;7.286;3202400;0
SGZH;D;20210728;000000;7.287;7.449;7.287;7.38;2564600;0
SGZH;D;20210729;000000;7.38;7.51;7.349;7.46;5660000;0
SGZH;D;20210730;000000;7.46;7.52;7.28;7.35;5142800;0
SGZH;D;20210802;000000;7.413;7.451;7.351;7.366;2641300;0
SGZH;D;20210803;000000;7.446;7.446;7.296;7.321;3054100;0
SGZH;D;20210804;000000;7.337;7.399;7.211;7.342;4132800;0
SGZH;D;20210805;000000;7.353;7.39;7.213;7.34;4487400;0
SGZH;D;20210806;000000;7.34;7.439;7.221;7.25;5282000;0
SGZH;D;20210809;000000;7.284;7.3;7.132;7.17;6231400;0
SGZH;D;20210810;000000;7.225;7.294;7.182;7.219;2953100;0
SGZH;D;20210811;000000;7.226;7.31;7.226;7.31;3408000;0
SGZH;D;20210812;000000;7.31;7.36;7.22;7.23;3133500;0
SGZH;D;20210813;000000;7.294;7.306;7.2;7.23;5644500;0
SGZH;D;20210816;000000;7.233;7.292;7.15;7.161;2825200;0
SGZH;D;20210817;000000;7.16;7.3;7.143;7.211;5002300;0
SGZH;D;20210818;000000;7.27;7.27;7.2;7.23;2061500;0
SGZH;D;20210819;000000;7.23;7.52;7.11;7.32;7006600;0
SGZH;D;20210820;000000;7.393;7.467;7.254;7.45;5015800;0
SGZH;D;20210823;000000;7.46;7.605;7.451;7.53;20017300;0
SGZH;D;20210824;000000;7.557;7.735;7.49;7.69;17083700;0
SGZH;D;20210825;000000;7.7;8.05;7.692;8.005;30679000;0
SGZH;D;20210826;000000;8.005;8.04;7.75;8.029;19099100;0
SGZH;D;20210827;000000;8.064;8.34;7.924;8.181;42872500;0
SGZH;D;20210830;000000;8.213;8.95;8.213;8.688;60113200;0
SGZH;D;20210831;000000;8.688;9;8.29;8.463;59238900;0
SGZH;D;20210901;000000;8.545;8.695;8.5;8.621;23653900;0
SGZH;D;20210902;000000;8.621;8.796;8.501;8.557;22287300;0
SGZH;D;20210903;000000;8.67;8.88;8.561;8.821;29449100;0
SGZH;D;20210906;000000;8.869;8.994;8.79;8.994;37696000;0
SGZH;D;20210907;000000;8.994;9;8.652;8.938;31623800;0
SGZH;D;20210908;000000;8.99;8.99;8.725;8.869;11680900;0
SGZH;D;20210909;000000;8.87;8.88;8.577;8.637;18113600;0
SGZH;D;20210910;000000;8.64;8.8;8.625;8.681;11816400;0
SGZH;D;20210913;000000;8.74;8.88;8.71;8.817;14800900;0
SGZH;D;20210914;000000;8.849;8.9;8.73;8.805;13766500;0
SGZH;D;20210915;000000;8.869;8.88;8.62;8.702;36306000;0
SGZH;D;20210916;000000;8.702;8.782;8.686;8.686;13993400;0
SGZH;D;20210917;000000;8.7;8.819;8.506;8.78;42695400;0
SGZH;D;20210920;000000;8.797;8.803;8.45;8.536;29730100;0
SGZH;D;20210921;000000;8.536;8.661;8.484;8.508;8300800;0
SGZH;D;20210922;000000;8.5;8.63;8.5;8.571;13163500;0
SGZH;D;20210923;000000;8.65;8.8;8.586;8.639;15261900;0
SGZH;D;20210924;000000;8.679;8.788;8.661;8.683;10517900;0
SGZH;D;20210927;000000;8.721;8.888;8.69;8.797;21715000;0
SGZH;D;20210928;000000;8.839;8.839;8.653;8.717;9789200;0
SGZH;D;20210929;000000;8.75;8.798;8.682;8.7;7103500;0
SGZH;D;20210930;000000;8.728;8.822;8.7;8.788;10825700;0
SGZH;D;20211001;000000;8.807;8.813;8.69;8.696;9007200;0
SGZH;D;20211004;000000;8.692;8.79;8.688;8.728;6995100;0
SGZH;D;20211005;000000;8.728;8.81;8.701;8.754;14578200;0
SGZH;D;20211006;000000;8.75;8.797;8.69;8.77;11788600;0
SGZH;D;20211007;000000;8.77;9;8.749;8.971;36906400;0
SGZH;D;20211008;000000;8.99;9.5;8.953;9.481;66353000;0
SGZH;D;20211011;000000;9.8;10.091;9.65;9.99;139986100;0
SGZH;D;20211012;000000;10;10.099;9.582;9.78;54139900;0
SGZH;D;20211013;000000;9.781;10.5;9.77;10.359;77491400;0
SGZH;D;20211014;000000;10.35;11.02;10.31;10.451;129839400;0
SGZH;D;20211015;000000;10.596;10.881;10.468;10.75;38507400;0
SGZH;D;20211018;000000;10.77;11.479;10.75;11.134;92681300;0
SGZH;D;20211019;000000;11.225;11.48;10.535;11;67972000;0
SGZH;D;20211020;000000;11.01;11.376;11.01;11.301;32348500;0
SGZH;D;20211021;000000;11.4;11.4;10.783;10.87;45866300;0
SGZH;D;20211022;000000;11;11;10.551;10.75;29780900;0
SGZH;D;20211025;000000;10.97;11;10.751;10.85;13761100;0
SGZH;D;20211026;000000;10.9;10.986;10.75;10.89;20551100;0
SGZH;D;20211027;000000;10.89;10.89;10.4;10.516;25076300;0
SGZH;D;20211028;000000;10.516;10.547;9.905;10.135;56247700;0
SGZH;D;20211029;000000;10.198;10.297;9.688;9.854;32592200;0
SGZH;D;20211101;000000;9.87;10.667;9.87;10.516;40065300;0
SGZH;D;20211102;000000;10.72;11.05;10.1;10.32;72716000;0
SGZH;D;20211103;000000;10.39;10.568;10.112;10.201;22343300;0
SGZH;D;20211105;000000;10.3;10.499;10.225;10.301;14338100;0
SGZH;D;20211108;000000;10.5;10.5;10.211;10.261;17305300;0
SGZH;D;20211109;000000;10.288;10.8;10.218;10.75;43054600;0
SGZH;D;20211110;000000;10.86;11.2;10.745;10.79;41827500;0
SGZH;D;20211111;000000;10.803;10.893;10.229;10.729;27441700;0
SGZH;D;20211112;000000;10.9;11.197;10.595;10.861;57863800;0
SGZH;D;20211115;000000;10.996;11.179;10.8;10.897;33147300;0
SGZH;D;20211116;000000;10.965;11.148;10.559;10.861;27514900;0
SGZH;D;20211117;000000;10.88;10.998;10.701;10.889;12094400;0
SGZH;D;20211118;000000;10.889;10.986;10.841;10.909;17740400;0
SGZH;D;20211119;000000;10.948;11.15;10.052;10.576;47868600;0
SGZH;D;20211122;000000;10.67;10.887;9.88;10.05;73379100;0
SGZH;D;20211123;000000;9.95;10.38;9.636;10.099;76995000;0
SGZH;D;20211124;000000;10.194;10.45;10.089;10.285;31275700;0
SGZH;D;20211125;000000;10.35;10.696;10.221;10.451;26782300;0
SGZH;D;20211126;000000;10.291;10.368;10.005;10.1;19690500;0
SGZH;D;20211129;000000;10.23;10.68;10.111;10.629;32559600;0
SGZH;D;20211130;000000;10.59;10.78;10.25;10.6;92007900;0
SGZH;D;20211201;000000;10.7;10.8;10.618;10.75;35168000;0
SGZH;D;20211202;000000;10.75;10.8;10.631;10.67;24288100;0
SGZH;D;20211203;000000;10.676;10.896;10.558;10.679;12915300;0
SGZH;D;20211206;000000;10.818;10.839;10.32;10.69;16153800;0
SGZH;D;20211207;000000;10.749;10.835;10.458;10.8;17669700;0
SGZH;D;20211208;000000;10.854;11.1;10.694;10.759;25612300;0
SGZH;D;20211209;000000;10.759;10.899;10.713;10.78;13359900;0
SGZH;D;20211210;000000;10.785;10.859;10.729;10.8;11932300;0
SGZH;D;20211213;000000;10.85;10.898;10.328;10.473;26190700;0
SGZH;D;20211214;000000;10.4;10.702;10.101;10.58;22121500;0
SGZH;D;20211215;000000;10.723;10.883;10.41;10.802;24081400;0
SGZH;D;20211216;000000;10.91;10.95;10.7;10.885;24346800;0
SGZH;D;20211217;000000;10.885;11.119;10.67;10.67;124080000;0
SGZH;D;20211220;000000;10.689;10.858;10.501;10.814;20616900;0
SGZH;D;20211221;000000;10.865;11.07;10.73;10.866;27392600;0
SGZH;D;20211222;000000;10.866;11;10.811;10.931;15100900;0
SGZH;D;20211223;000000;10.986;11.01;10.901;10.943;25691700;0
SGZH;D;20211224;000000;10.988;10.988;10.84;10.928;7733400;0
SGZH;D;20211227;000000;10.945;10.987;10.917;10.94;18395900;0
SGZH;D;20211228;000000;10.943;11.184;10.877;11.06;32500200;0
SGZH;D;20211229;000000;11.1;11.289;11.002;11.084;18834900;0
SGZH;D;20211230;000000;11.118;11.234;11.067;11.09;29381600;0
SGZH;D;20220103;000000;11.142;11.3;10.952;11.07;26058100;0
SGZH;D;20220104;000000;11.07;11.2;11.001;11.08;20695500;0
SGZH;D;20220105;000000;10.757;11.038;10.63;10.907;23105300;0
SGZH;D;20220106;000000;10.8;10.899;10.6;10.622;18294800;0
SGZH;D;20220107;000000;0;0;0;0;0;0
SGZH;D;20220110;000000;10.605;10.825;10.6;10.725;15906400;0
SGZH;D;20220111;000000;10.73;10.825;10.623;10.666;16860100;0
SGZH;D;20220112;000000;10.658;10.749;10.634;10.676;16511300;0
SGZH;D;20220113;000000;10.664;10.868;10.63;10.63;21771700;0
SGZH;D;20220114;000000;10.799;10.799;10.23;10.45;72691100;0
SGZH;D;20220117;000000;10.501;10.723;10.04;10.205;39741300;0
SGZH;D;20220118;000000;10.2;10.205;9.56;9.919;39456600;0
SGZH;D;20220119;000000;9.92;10.4;9.631;9.761;33275100;0
SGZH;D;20220120;000000;9.967;10.2;9.8;10.045;22451500;0
SGZH;D;20220121;000000;9.99;10.04;9.801;9.801;26185500;0
SGZH;D;20220124;000000;9.92;9.92;9;9.354;36954500;0
SGZH;D;20220125;000000;9.5;9.75;9.123;9.236;19744600;0
SGZH;D;20220126;000000;9.471;9.875;9.274;9.761;24490700;0
SGZH;D;20220127;000000;9.79;10.113;9.662;9.92;17772100;0
SGZH;D;20220128;000000;10;10.3;9.943;9.999;24218800;0
SGZH;D;20220131;000000;10.099;10.189;9.921;9.984;19596800;0
SGZH;D;20220201;000000;10.149;10.149;9.704;9.82;12801300;0
SGZH;D;20220202;000000;9.949;9.949;9.673;9.717;10375100;0
SGZH;D;20220203;000000;9.699;9.699;9.241;9.4;23469900;0
SGZH;D;20220204;000000;9.401;9.729;9.4;9.596;22183300;0
SGZH;D;20220207;000000;9.6;9.76;9.476;9.699;11331100;0
SGZH;D;20220208;000000;9.74;9.976;9.711;9.976;11607700;0
SGZH;D;20220209;000000;9.986;10.249;9.965;10.15;15837200;0
SGZH;D;20220210;000000;10.157;10.184;9.921;10.115;7627000;0
SGZH;D;20220211;000000;9.864;10.06;9.67;9.779;9888300;0
SGZH;D;20220214;000000;9.662;9.985;9.57;9.69;13510400;0
SGZH;D;20220215;000000;9.989;10.089;9.69;9.94;16028100;0
SGZH;D;20220216;000000;10.011;10.247;9.94;9.972;15862500;0
SGZH;D;20220217;000000;9.9;9.932;9.749;9.814;12383300;0
SGZH;D;20220218;000000;9.9;9.99;9.15;9.45;16302500;0
SGZH;D;20220221;000000;9.765;9.95;8.05;8.501;51963200;0
SGZH;D;20220222;000000;8.246;8.71;7.54;8.6;58114400;0
SGZH;D;20220223;000000;0;0;0;0;0;0
SGZH;D;20220224;000000;7.76;8;6.05;6.603;66120400;0
SGZH;D;20220225;000000;7.263;8.318;7.101;7.74;39137100;0
SGZH;D;20220228;000000;0;0;0;0;0;0
SGZH;D;20220301;000000;0;0;0;0;0;0
SGZH;D;20220302;000000;0;0;0;0;0;0
SGZH;D;20220303;000000;0;0;0;0;0;0
SGZH;D;20220304;000000;0;0;0;0;0;0
SGZH;D;20220309;000000;0;0;0;0;0;0
SGZH;D;20220310;000000;0;0;0;0;0;0
SGZH;D;20220311;000000;0;0;0;0;0;0
SGZH;D;20220314;000000;0;0;0;0;0;0
SGZH;D;20220315;000000;0;0;0;0;0;0
SGZH;D;20220316;000000;0;0;0;0;0;0
SGZH;D;20220317;000000;0;0;0;0;0;0
SGZH;D;20220318;000000;0;0;0;0;0;0
SGZH;D;20220321;000000;0;0;0;0;0;0
SGZH;D;20220322;000000;0;0;0;0;0;0
SGZH;D;20220323;000000;0;0;0;0;0;0
SGZH;D;20220324;000000;0;0;0;0;0;0
SGZH;D;20220325;000000;0;0;0;0;0;0
SGZH;D;20220328;000000;8;8.499;7.148;8.2;51560400;0
SGZH;D;20220329;000000;8.44;9.627;8.2;8.65;53560500;0
SGZH;D;20220330;000000;9.4;9.4;8.7;8.85;22321500;0
SGZH;D;20220331;000000;9;9.689;8.94;9.548;44636300;0
SGZH;D;20220401;000000;9.65;10;9.548;9.628;32988700;0
SGZH;D;20220404;000000;9.747;9.9;9;9.531;30834900;0
SGZH;D;20220405;000000;9.561;9.62;8.717;9.083;27336700;0
SGZH;D;20220406;000000;9;9.449;8.78;9.224;15737100;0
SGZH;D;20220407;000000;9.4;9.4;8.805;9.18;15925400;0
SGZH;D;20220408;000000;9.183;9.293;8.8;8.97;11072200;0
SGZH;D;20220411;000000;9.095;9.095;8.85;8.855;8700800;0
SGZH;D;20220412;000000;8.801;8.901;8.4;8.63;25437200;0
SGZH;D;20220413;000000;8.7;8.876;8.501;8.598;10854400;0
SGZH;D;20220414;000000;8.677;8.77;8.439;8.512;15668700;0
SGZH;D;20220415;000000;8.514;9.123;8.212;8.895;43402300;0
SGZH;D;20220418;000000;8.98;9.1;8.88;8.934;16539200;0
SGZH;D;20220419;000000;8.934;8.96;8.46;8.82;18490500;0
SGZH;D;20220420;000000;8.85;8.99;8.74;8.825;9452700;0
SGZH;D;20220421;000000;8.855;8.981;8.8;8.93;8107900;0
SGZH;D;20220422;000000;8.93;8.99;8.712;8.77;7335300;0
SGZH;D;20220425;000000;8.8;8.8;8.55;8.639;7818300;0
SGZH;D;20220426;000000;8.71;8.864;8.58;8.796;13844800;0
SGZH;D;20220427;000000;8.8;8.978;8.702;8.94;8770000;0
SGZH;D;20220428;000000;8.99;9.4;8.977;9.033;17660100;0
SGZH;D;20220429;000000;9.033;9.298;9.003;9.154;8322100;0
SGZH;D;20220504;000000;9.15;9.26;8.801;8.953;12464100;0
SGZH;D;20220505;000000;8.99;9.2;8.84;9.025;9367600;0
SGZH;D;20220506;000000;9.03;9.085;8.92;9.006;5475900;0
SGZH;D;20220511;000000;9.007;9.2;9.007;9.099;8821400;0
SGZH;D;20220512;000000;9.14;9.14;8.897;8.97;8542000;0
SGZH;D;20220513;000000;8.906;9.038;8.9;8.986;5555800;0
SGZH;D;20220516;000000;9.08;9.176;8.98;9.091;11701700;0
SGZH;D;20220517;000000;9.15;9.15;9.007;9.05;12036000;0
SGZH;D;20220518;000000;9.096;9.15;9.051;9.102;15505700;0
SGZH;D;20220519;000000;9.149;9.188;8.94;9;20978200;0
SGZH;D;20220520;000000;9.1;9.15;8.916;9.01;18659700;0
SGZH;D;20220523;000000;8.2;9.015;8.2;8.954;14834000;0
SGZH;D;20220524;000000;8.96;9;8.821;8.895;10296000;0
SGZH;D;20220525;000000;8.97;8.97;8.804;8.856;15725800;0
SGZH;D;20220526;000000;8.859;8.936;8.755;8.82;24214300;0
SGZH;D;20220527;000000;8.82;9;8.811;8.984;25240500;0
SGZH;D;20220530;000000;9.15;9.24;8.91;8.999;38448300;0
SGZH;D;20220531;000000;9.02;9.02;8.91;9;31658400;0
SGZH;D;20220601;000000;8.2;8.7;7.8;8.5;49736200;0
SGZH;D;20220602;000000;8.55;8.568;8.219;8.221;15247700;0
SGZH;D;20220603;000000;8.201;8.405;8.151;8.322;15563000;0
SGZH;D;20220606;000000;8.4;8.4;8.252;8.369;14248300;0
SGZH;D;20220607;000000;8.374;8.4;8.217;8.322;16228300;0
SGZH;D;20220608;000000;8.47;8.475;8.325;8.424;18875400;0
SGZH;D;20220609;000000;8.4;8.423;8.3;8.323;8836700;0
SGZH;D;20220610;000000;8.347;8.379;8.167;8.214;11506900;0
SGZH;D;20220614;000000;8.2;8.288;7.95;8.025;23265900;0
SGZH;D;20220615;000000;8.025;8.073;7.99;8.02;11454200;0
SGZH;D;20220616;000000;8.04;8.289;8.013;8.251;27332800;0
SGZH;D;20220617;000000;8.32;8.479;8.25;8.284;16885400;0
SGZH;D;20220620;000000;8.373;8.596;8.301;8.574;29364300;0
SGZH;D;20220621;000000;8.6;8.873;8.548;8.662;37913500;0
SGZH;D;20220622;000000;8.67;8.698;8.347;8.569;15765500;0
SGZH;D;20220623;000000;8.67;8.67;8.4;8.499;15378500;0
SGZH;D;20220624;000000;8.499;8.53;8.316;8.354;12472600;0
SGZH;D;20220627;000000;8.391;8.491;8.201;8.359;16657300;0
SGZH;D;20220628;000000;8.36;8.475;8.25;8.31;13503400;0
SGZH;D;20220629;000000;8.31;8.348;8.09;8.207;11424700;0
SGZH;D;20220630;000000;8.185;8.34;7.922;8.07;23726800;0
SGZH;D;20220701;000000;8.089;8.107;7.875;8.088;11223100;0
SGZH;D;20220704;000000;8.088;8.1;7.95;8.041;10232500;0
SGZH;D;20220705;000000;8.041;8.275;8.007;8.172;15370500;0
SGZH;D;20220706;000000;8.222;8.237;7.9;8.09;9100100;0
SGZH;D;20220707;000000;8.15;8.219;8.1;8.181;9720300;0
SGZH;D;20220708;000000;8.181;8.275;8.1;8.149;10116200;0
SGZH;D;20220711;000000;8.16;8.16;7.99;8.016;12446200;0
SGZH;D;20220712;000000;8;8.074;7.585;7.8;28999400;0
SGZH;D;20220713;000000;7.8;7.857;7.5;7.535;14590400;0
SGZH;D;20220714;000000;7.505;8.163;7.41;7.922;42161400;0
SGZH;D;20220715;000000;7.95;7.985;7.63;7.849;25762600;0
SGZH;D;20220718;000000;7.922;7.922;7.64;7.683;10374700;0
SGZH;D;20220719;000000;7.69;7.749;7.531;7.622;7703000;0
SGZH;D;20220720;000000;7.69;7.803;7.62;7.651;9934400;0
SGZH;D;20220721;000000;7.72;7.72;7.551;7.608;7071500;0
SGZH;D;20220722;000000;7.6;7.68;7.563;7.578;10498800;0
SGZH;D;20220725;000000;7.578;7.607;7.5;7.59;12115800;0
SGZH;D;20220726;000000;7.607;7.75;7.583;7.681;18748300;0
SGZH;D;20220727;000000;7.798;7.91;7.622;7.819;30432600;0
SGZH;D;20220728;000000;7.844;7.89;7.78;7.856;9459500;0
SGZH;D;20220729;000000;7.801;8;7.71;7.85;14869300;0
SGZH;D;20220801;000000;7.8;7.85;7.635;7.65;13147200;0
SGZH;D;20220802;000000;7.67;7.8;7.57;7.701;10059800;0
SGZH;D;20220803;000000;7.702;7.8;7.65;7.66;6452600;0
SGZH;D;20220804;000000;7.722;7.722;7.572;7.595;8649900;0
SGZH;D;20220805;000000;7.598;7.61;7.4;7.439;12519400;0
SGZH;D;20220808;000000;7.61;7.61;7.405;7.452;12583000;0
SGZH;D;20220809;000000;7.455;7.579;7.402;7.529;8910200;0
SGZH;D;20220810;000000;7.53;7.596;7.464;7.536;8698400;0
SGZH;D;20220811;000000;7.537;7.742;7.5;7.62;20108700;0
SGZH;D;20220812;000000;7.61;7.71;7.461;7.509;23828200;0
SGZH;D;20220815;000000;7.5;7.548;7.495;7.524;7128900;0
SGZH;D;20220816;000000;7.527;7.704;7.524;7.64;19479100;0
SGZH;D;20220817;000000;7.68;7.7;7.52;7.536;14819200;0
SGZH;D;20220818;000000;7.536;7.59;7.52;7.552;7204200;0
SGZH;D;20220819;000000;7.6;7.6;7.5;7.506;8847400;0
SGZH;D;20220822;000000;7.55;7.64;7.52;7.595;16193900;0
SGZH;D;20220823;000000;7.6;7.65;7.5;7.559;28576800;0
SGZH;D;20220824;000000;7.595;7.62;7.524;7.54;14409900;0
SGZH;D;20220825;000000;7.6;7.63;7.545;7.63;38296800;0
SGZH;D;20220826;000000;8.05;8.1;7.44;7.48;220536100;0
SGZH;D;20220829;000000;7.495;7.5;7.411;7.432;49412600;0
SGZH;D;20220830;000000;7.43;7.484;7.29;7.33;49637500;0
SGZH;D;20220831;000000;7.339;7.36;7.201;7.24;45150000;0
SGZH;D;20220901;000000;7.261;7.383;7.216;7.261;34489100;0
SGZH;D;20220902;000000;7.262;7.285;7.13;7.226;72058500;0
SGZH;D;20220905;000000;7.298;7.3;7.19;7.28;36390600;0
SGZH;D;20220906;000000;7.302;7.47;7.128;7.21;98929900;0
SGZH;D;20220907;000000;7.21;7.248;7.15;7.152;34429100;0
SGZH;D;20220908;000000;7.17;7.187;7.054;7.087;39117500;0
SGZH;D;20220909;000000;7.102;7.157;7.06;7.095;26100000;0
SGZH;D;20220912;000000;7.119;7.184;7.09;7.1;29384700;0
SGZH;D;20220913;000000;7.1;7.139;7.032;7.051;26440500;0
SGZH;D;20220914;000000;7.23;7.318;7.08;7.11;60511800;0
SGZH;D;20220915;000000;7.122;7.131;7.049;7.054;31125700;0
SGZH;D;20220916;000000;7.065;7.08;6.97;6.991;68919500;0
SGZH;D;20220919;000000;6.97;6.994;6.86;6.915;41781300;0
SGZH;D;20220920;000000;6.93;6.936;6.114;6.387;103991300;0
SGZH;D;20220921;000000;6;6.441;5.25;6.051;131590300;0
SGZH;D;20220922;000000;6.081;6.3;6;6.076;43945100;0
SGZH;D;20220923;000000;6.105;6.174;5.603;5.678;53219700;0
SGZH;D;20220926;000000;5.619;5.649;4.8;5.129;85249500;0
SGZH;D;20220927;000000;5.1;5.332;4.902;5.004;73172300;0
SGZH;D;20220928;000000;5.1;5.33;4.999;5.069;36629100;0
SGZH;D;20220929;000000;5.15;5.29;4.8;4.893;45742500;0
SGZH;D;20220930;000000;4.95;5;4.66;4.77;52982400;0
SGZH;D;20221003;000000;4.984;5.095;4.828;5.035;38541300;0
SGZH;D;20221004;000000;5.099;5.19;4.94;5.005;30483600;0
SGZH;D;20221005;000000;5.05;5.05;4.8;4.888;30236000;0
SGZH;D;20221006;000000;4.932;4.949;4.88;4.895;12651100;0
SGZH;D;20221007;000000;4.894;4.894;4.713;4.737;20368700;0
SGZH;D;20221010;000000;4.55;4.794;4.4;4.722;32395000;0
SGZH;D;20221011;000000;4.767;4.809;4.7;4.774;19859600;0
SGZH;D;20221012;000000;4.81;4.99;4.794;4.9;38310400;0
SGZH;D;20221013;000000;4.9;4.946;4.832;4.88;19647400;0
SGZH;D;20221014;000000;4.92;4.92;4.834;4.862;15140000;0
SGZH;D;20221017;000000;4.979;4.979;4.877;4.912;32775000;0
SGZH;D;20221018;000000;4.979;5.035;4.92;4.957;41447200;0
SGZH;D;20221019;000000;4.912;4.927;4.7;4.814;27037500;0
SGZH;D;20221020;000000;4.885;4.944;4.78;4.859;25565200;0
SGZH;D;20221021;000000;4.89;4.907;4.821;4.896;18675200;0
SGZH;D;20221024;000000;4.9;4.979;4.872;4.939;29953700;0
SGZH;D;20221025;000000;4.954;5.36;4.902;5.285;184795900;0
SGZH;D;20221026;000000;5.205;5.59;5.151;5.362;191323700;0
SGZH;D;20221027;000000;5.443;5.53;5.25;5.3;107776900;0
SGZH;D;20221028;000000;5.205;5.267;5.13;5.219;68879700;0
SGZH;D;20221031;000000;5.25;5.353;5.222;5.303;88629900;0
SGZH;D;20221101;000000;5.214;5.348;5.17;5.241;66393500;0
SGZH;D;20221102;000000;5.254;5.26;5.17;5.2;35930200;0
SGZH;D;20221103;000000;5.199;5.199;5.001;5.085;62006400;0
SGZH;D;20221107;000000;5.15;5.204;5.1;5.152;60293200;0
SGZH;D;20221108;000000;5.18;5.18;5.068;5.08;35258100;0
SGZH;D;20221109;000000;5.1;5.13;5;5;49355100;0
SGZH;D;20221110;000000;5;5.158;4.949;5.045;53703200;0
SGZH;D;20221111;000000;5.088;5.088;5;5.023;31893500;0
SGZH;D;20221114;000000;5.051;5.194;5.035;5.115;64540500;0
SGZH;D;20221115;000000;5.115;5.178;5.051;5.084;28297200;0
SGZH;D;20221116;000000;5.042;5.069;4.956;5.031;68026900;0
SGZH;D;20221117;000000;5.069;5.077;5.01;5.018;21341600;0
SGZH;D;20221118;000000;5.025;5.045;5.001;5.018;14760900;0
SGZH;D;20221121;000000;5.018;5.066;4.951;4.952;43905800;0
SGZH;D;20221122;000000;4.98;5;4.952;4.96;18098100;0
SGZH;D;20221123;000000;4.962;5.022;4.962;4.976;22833200;0
SGZH;D;20221124;000000;4.98;5.01;4.965;4.975;22449600;0
SGZH;D;20221125;000000;4.991;4.999;4.968;4.985;16220100;0
SGZH;D;20221128;000000;4.98;4.984;4.901;4.912;29996900;0
SGZH;D;20221129;000000;4.931;4.965;4.927;4.944;11691200;0
SGZH;D;20221130;000000;4.956;4.968;4.92;4.921;12621900;0
SGZH;D;20221201;000000;4.918;4.94;4.912;4.924;17127500;0
SGZH;D;20221202;000000;4.928;4.928;4.87;4.88;20478000;0
SGZH;D;20221205;000000;4.881;4.955;4.881;4.919;40248300;0
SGZH;D;20221206;000000;4.92;4.94;4.875;4.883;18629200;0
SGZH;D;20221207;000000;4.88;4.882;4.722;4.79;49983700;0
SGZH;D;20221208;000000;4.82;4.82;4.701;4.728;39909500;0
SGZH;D;20221209;000000;4.704;4.759;4.601;4.605;62320200;0
SGZH;D;20221212;000000;4.601;4.623;4.41;4.435;93741900;0
SGZH;D;20221213;000000;4.44;4.537;4.345;4.412;123112800;0
SGZH;D;20221214;000000;4.45;4.45;4.356;4.39;39699100;0
SGZH;D;20221215;000000;4.375;4.401;4.238;4.278;52389500;0
SGZH;D;20221216;000000;4.277;4.35;4.21;4.314;40778900;0
SGZH;D;20221219;000000;4.31;4.553;4.304;4.498;115560800;0
SGZH;D;20221220;000000;4.549;4.797;4.472;4.727;85903300;0
SGZH;D;20221221;000000;4.78;4.88;4.515;4.586;90637200;0
SGZH;D;20221222;000000;4.648;4.76;4.559;4.56;48845000;0
SGZH;D;20221223;000000;4.584;4.62;4.449;4.5;47116500;0
SGZH;D;20221226;000000;4.59;4.72;4.556;4.635;40210700;0
SGZH;D;20221227;000000;4.688;4.718;4.632;4.666;39247300;0
SGZH;D;20221228;000000;4.68;4.694;4.564;4.58;25274500;0
SGZH;D;20221229;000000;4.586;4.639;4.512;4.611;17881500;0
SGZH;D;20221230;000000;4.611;4.645;4.55;4.576;16650900;0
SGZH;D;20230103;000000;4.582;4.672;4.575;4.655;13169200;0
SGZH;D;20230104;000000;4.67;4.734;4.612;4.67;14657000;0
SGZH;D;20230105;000000;4.672;4.695;4.63;4.644;10045500;0
SGZH;D;20230106;000000;4.649;4.649;4.602;4.634;6377900;0
SGZH;D;20230109;000000;4.639;4.842;4.635;4.781;52865400;0
SGZH;D;20230110;000000;4.8;4.806;4.691;4.77;22671000;0
SGZH;D;20230111;000000;4.787;4.84;4.762;4.813;25641600;0
SGZH;D;20230112;000000;4.813;4.873;4.8;4.817;26120600;0
SGZH;D;20230113;000000;4.826;4.827;4.731;4.797;22062100;0
SGZH;D;20230116;000000;4.81;4.911;4.798;4.904;34220100;0
SGZH;D;20230117;000000;4.91;4.93;4.782;4.805;38994700;0
SGZH;D;20230118;000000;4.801;4.833;4.74;4.797;23263200;0
SGZH;D;20230119;000000;4.803;4.803;4.615;4.63;33200900;0
SGZH;D;20230120;000000;4.65;4.681;4.577;4.675;20312900;0
SGZH;D;20230123;000000;4.68;4.756;4.649;4.721;14607200;0
SGZH;D;20230124;000000;4.715;4.818;4.688;4.69;18705300;0
SGZH;D;20230125;000000;4.727;4.758;4.675;4.702;14054200;0
SGZH;D;20230126;000000;4.719;4.757;4.706;4.737;11217700;0
SGZH;D;20230127;000000;4.74;4.757;4.711;4.732;10204400;0
SGZH;D;20230130;000000;4.758;4.862;4.756;4.824;26679200;0
SGZH;D;20230131;000000;4.825;4.99;4.825;4.949;58375600;0
SGZH;D;20230201;000000;4.965;5.069;4.8;4.88;60766300;0
SGZH;D;20230202;000000;4.979;5;4.87;4.96;29860300;0
SGZH;D;20230203;000000;4.96;4.967;4.85;4.922;19114300;0
SGZH;D;20230206;000000;4.94;5.042;4.936;5.016;33355500;0
SGZH;D;20230207;000000;5.038;5.1;5.016;5.08;43860500;0
SGZH;D;20230208;000000;5.09;5.179;5;5.07;52449600;0
SGZH;D;20230209;000000;5.099;5.16;5.01;5.158;50940800;0
SGZH;D;20230210;000000;5.2;5.47;5.158;5.27;352311800;0
SGZH;D;20230213;000000;5.42;5.44;5.221;5.28;75345800;0
SGZH;D;20230214;000000;5.28;5.28;5.05;5.065;56446000;0
SGZH;D;20230215;000000;5.06;5.06;4.884;4.899;51193800;0
SGZH;D;20230216;000000;4.905;5.068;4.904;5.025;34045800;0
SGZH;D;20230217;000000;5.05;5.055;4.975;4.989;17894300;0
SGZH;D;20230220;000000;5;5;4.86;4.949;29156000;0
SGZH;D;20230221;000000;4.94;5.149;4.9;5.012;48433800;0
SGZH;D;20230222;000000;5.015;5.1;5;5.053;19267600;0
SGZH;D;20230224;000000;5.092;5.092;5.015;5.04;10211000;0
SGZH;D;20230227;000000;5;5.148;4.914;5.145;32061700;0
SGZH;D;20230228;000000;5.15;5.238;5.13;5.208;38536800;0
SGZH;D;20230301;000000;5.24;5.284;5.225;5.246;24398600;0
SGZH;D;20230302;000000;5.27;5.3;5.171;5.183;56549600;0
SGZH;D;20230303;000000;5.19;5.245;5.175;5.195;16489200;0
SGZH;D;20230306;000000;5.239;5.25;5.19;5.2;22157600;0
SGZH;D;20230307;000000;5.2;5.247;5.171;5.204;20893700;0
SGZH;D;20230309;000000;5.219;5.233;5.191;5.2;13741400;0
SGZH;D;20230310;000000;5.19;5.205;5.145;5.18;17492700;0
SGZH;D;20230313;000000;5.18;5.199;5.07;5.11;30792500;0
SGZH;D;20230314;000000;5.05;5.2;5.05;5.118;33684300;0
SGZH;D;20230315;000000;5.144;5.165;5.061;5.084;14333100;0
SGZH;D;20230316;000000;5.1;5.13;5.02;5.093;20408200;0
SGZH;D;20230317;000000;5.072;5.121;5.071;5.101;23131600;0
SGZH;D;20230320;000000;5.102;5.297;5.074;5.273;58396700;0
SGZH;D;20230321;000000;5.275;5.329;5.145;5.256;67340800;0
SGZH;D;20230322;000000;5.3;5.32;5.221;5.261;37594900;0
SGZH;D;20230323;000000;5.25;5.494;5.25;5.439;95351000;0
SGZH;D;20230324;000000;5.43;5.44;5.313;5.365;60957300;0
SGZH;D;20230327;000000;5.38;5.57;5.365;5.532;107357400;0
SGZH;D;20230328;000000;5.564;5.6;5.4;5.469;68176100;0
SGZH;D;20230329;000000;5.5;5.61;5.421;5.473;66727300;0
SGZH;D;20230330;000000;5.5;5.55;5.455;5.541;48306000;0
SGZH;D;20230331;000000;5.543;5.749;5.353;5.425;233101300;0
SGZH;D;20230403;000000;5.425;5.44;5.331;5.388;83663000;0
SGZH;D;20230404;000000;5.395;5.524;5.331;5.423;227138400;0
SGZH;D;20230405;000000;5.431;5.541;5.36;5.499;65873100;0
SGZH;D;20230406;000000;5.5;5.735;5.5;5.652;135535600;0
SGZH;D;20230407;000000;5.681;5.743;5.61;5.667;73126200;0
SGZH;D;20230410;000000;5.735;5.75;5.66;5.702;44620300;0
SGZH;D;20230411;000000;5.722;5.722;5.5;5.574;84110700;0
SGZH;D;20230412;000000;5.58;5.686;5.58;5.642;38914400;0
SGZH;D;20230413;000000;5.679;5.679;5.544;5.613;21601200;0
SGZH;D;20230414;000000;5.613;5.62;5.552;5.598;17327400;0
SGZH;D;20230417;000000;5.644;5.714;5.601;5.685;37776500;0
SGZH;D;20230418;000000;5.698;5.715;5.58;5.668;34212700;0
SGZH;D;20230419;000000;5.667;5.688;5.5;5.593;39412200;0
SGZH;D;20230420;000000;5.605;5.632;5.536;5.592;30146300;0
SGZH;D;20230421;000000;5.592;5.65;5.572;5.628;26422800;0
SGZH;D;20230424;000000;5.665;5.71;5.584;5.677;39205800;0
SGZH;D;20230425;000000;5.68;5.795;5.65;5.739;91923500;0
SGZH;D;20230426;000000;5.74;5.82;5.7;5.72;58386500;0
SGZH;D;20230427;000000;5.701;5.77;5.661;5.737;43688900;0
SGZH;D;20230428;000000;5.76;5.763;5.621;5.671;30671100;0
SGZH;D;20230502;000000;5.641;5.669;5.391;5.491;50578200;0
SGZH;D;20230503;000000;5.49;5.5;5.2;5.228;51449400;0
SGZH;D;20230504;000000;5.24;5.356;5.24;5.321;34245100;0
SGZH;D;20230505;000000;5.322;5.48;5.2;5.258;34327600;0
SGZH;D;20230508;000000;5.27;5.39;5.251;5.302;13871500;0
SGZH;D;20230510;000000;5.29;5.574;5.29;5.562;45115500;0
SGZH;D;20230511;000000;5.57;5.62;5.325;5.451;61324100;0
SGZH;D;20230512;000000;5.505;5.596;5.458;5.528;33971800;0
SGZH;D;20230515;000000;5.579;5.681;5.55;5.649;52122300;0
SGZH;D;20230516;000000;5.684;5.7;5.581;5.671;46829700;0
SGZH;D;20230517;000000;5.687;5.688;5.617;5.665;20029500;0
SGZH;D;20230518;000000;5.698;5.698;5.473;5.619;43439800;0
SGZH;D;20230519;000000;5.625;5.677;5.362;5.502;100058300;0
SGZH;D;20230522;000000;5.569;5.6;5.43;5.468;28750200;0
SGZH;D;20230523;000000;5.496;5.499;5.35;5.475;47139600;0
SGZH;D;20230524;000000;5.453;5.49;5.116;5.214;188876900;0
SGZH;D;20230525;000000;5.2;5.26;5.03;5.101;122068500;0
SGZH;D;20230526;000000;5.125;5.169;5.072;5.115;56972300;0
SGZH;D;20230529;000000;5.12;5.169;5;5.088;79980200;0
SGZH;D;20230530;000000;5.099;5.329;5.09;5.224;167721600;0
SGZH;D;20230531;000000;5.247;5.259;5.1;5.175;60253900;0
SGZH;D;20230601;000000;5.184;5.215;5.094;5.122;58790500;0
SGZH;D;20230602;000000;5.137;5.27;5.094;5.177;56502300;0
SGZH;D;20230605;000000;5.235;5.238;5.103;5.16;52881700;0
SGZH;D;20230606;000000;5.106;5.167;5.104;5.161;24159000;0
SGZH;D;20230607;000000;5.187;5.204;5.136;5.183;23927200;0
SGZH;D;20230608;000000;5.198;5.237;5.162;5.225;37371800;0
SGZH;D;20230609;000000;5.24;5.244;5.164;5.175;25210200;0
SGZH;D;20230613;000000;5.2;5.36;5.185;5.349;93053500;0
SGZH;D;20230614;000000;5.362;5.429;5.325;5.39;80894600;0
SGZH;D;20230615;000000;5.392;5.487;5.342;5.484;79425300;0
SGZH;D;20230616;000000;5.5;5.52;5.372;5.474;76671100;0
SGZH;D;20230619;000000;5.47;5.5;5.367;5.435;55781300;0
SGZH;D;20230620;000000;5.448;5.448;5.225;5.378;51487100;0
SGZH;D;20230621;000000;5.389;5.487;5.304;5.381;60130500;0
SGZH;D;20230622;000000;5.394;5.4;5.311;5.335;26406900;0
SGZH;D;20230623;000000;5.345;5.345;5.17;5.201;66360900;0
SGZH;D;20230626;000000;5.288;5.346;5.172;5.283;58476000;0
SGZH;D;20230627;000000;5.287;5.333;5.241;5.296;25186800;0
SGZH;D;20230628;000000;5.284;5.444;5.283;5.423;69428000;0
SGZH;D;20230629;000000;5.451;5.769;5.425;5.694;345536000;0
SGZH;D;20230630;000000;5.702;5.987;5.641;5.845;377424700;0
SGZH;D;20230703;000000;5.878;6.04;5.708;5.971;247221900;0
SGZH;D;20230704;000000;5.971;6.046;5.802;5.818;113981300;0
SGZH;D;20230705;000000;5.89;6.166;5.82;6.134;306833100;0
SGZH;D;20230706;000000;6.177;6.423;6.161;6.402;400332100;0
SGZH;D;20230707;000000;6.402;6.402;6.124;6.135;216442300;0
SGZH;D;20230710;000000;6.18;6.283;6.053;6.145;161688000;0
SGZH;D;20230711;000000;6.142;6.16;5.97;6.067;128082800;0
SGZH;D;20230712;000000;6.055;6.288;6.033;6.261;207348800;0
SGZH;D;20230713;000000;6.241;6.319;6.118;6.169;127408300;0
SGZH;D;20230714;000000;6.187;6.187;6.11;6.142;60064700;0
SGZH;D;20230717;000000;6.127;6.204;6.1;6.161;64639700;0
SGZH;D;20230718;000000;6.18;6.25;6.143;6.181;97730000;0
SGZH;D;20230719;000000;6.204;6.256;6.153;6.165;81108900;0
SGZH;D;20230720;000000;6.17;6.239;6.054;6.062;88586700;0
SGZH;D;20230721;000000;6.092;6.141;5.904;6.095;81755800;0
SGZH;D;20230724;000000;6.139;6.189;6.1;6.126;45383900;0
SGZH;D;20230725;000000;6.145;6.433;6.121;6.41;314773000;0
SGZH;D;20230726;000000;6.433;6.447;6.251;6.32;150430300;0
SGZH;D;20230727;000000;6.32;6.372;6.267;6.299;60869500;0
SGZH;D;20230728;000000;6.277;6.367;6.156;6.305;91183400;0
SGZH;D;20230731;000000;6.32;6.54;6.314;6.506;189966200;0
SGZH;D;20230801;000000;6.51;6.56;6.37;6.48;140034100;0
SGZH;D;20230802;000000;6.48;6.489;6.371;6.423;108856900;0
SGZH;D;20230803;000000;6.46;6.46;6.375;6.433;65989500;0
SGZH;D;20230804;000000;6.405;6.49;5.98;6.215;212089600;0
SGZH;D;20230807;000000;6.224;6.351;6.13;6.163;118619600;0
SGZH;D;20230808;000000;6.17;6.255;6.005;6.189;90989000;0
SGZH;D;20230809;000000;6.231;6.257;6.114;6.192;44001600;0
SGZH;D;20230810;000000;6.2;6.25;6.16;6.222;46907200;0
SGZH;D;20230811;000000;6.25;6.3;6.187;6.275;81929400;0
SGZH;D;20230814;000000;6.33;6.52;6.08;6.159;337960600;0
SGZH;D;20230815;000000;6.06;6.25;6.008;6.123;125840300;0
SGZH;D;20230816;000000;6.102;6.174;5.853;5.986;137365300;0
SGZH;D;20230817;000000;6.06;6.095;5.901;6;98278300;0
SGZH;D;20230818;000000;6.008;6.059;5.906;6.049;71553100;0
SGZH;D;20230821;000000;6.1;6.161;6.054;6.09;61179800;0
SGZH;D;20230822;000000;6.114;6.125;6.03;6.097;56600600;0
SGZH;D;20230823;000000;6.088;6.156;5.912;5.958;127177800;0
SGZH;D;20230824;000000;5.995;6.05;5.947;6.047;39414600;0
SGZH;D;20230825;000000;6.04;6.109;5.998;6.03;61222300;0
SGZH;D;20230828;000000;6.041;6.12;6.012;6.09;72759800;0
SGZH;D;20230829;000000;6.01;6.046;5.893;5.943;165895800;0
SGZH;D;20230830;000000;5.916;5.947;5.8;5.869;129299900;0
SGZH;D;20230831;000000;5.87;5.983;5.824;5.917;90478300;0
SGZH;D;20230901;000000;5.933;5.949;5.871;5.876;40708400;0
SGZH;D;20230904;000000;5.87;5.985;5.87;5.92;63417800;0
SGZH;D;20230905;000000;5.92;5.946;5.871;5.892;46972400;0
SGZH;D;20230906;000000;5.892;5.892;5.804;5.838;56873900;0
SGZH;D;20230907;000000;5.8;5.833;5.642;5.674;165085200;0
SGZH;D;20230908;000000;5.679;5.736;5.408;5.54;135117700;0
SGZH;D;20230911;000000;5.534;5.562;5.43;5.465;70734300;0
SGZH;D;20230912;000000;5.54;5.643;5.47;5.625;75705100;0
SGZH;D;20230913;000000;5.649;5.649;5.504;5.533;39510700;0
SGZH;D;20230914;000000;5.536;5.54;5.236;5.365;100656900;0
SGZH;D;20230915;000000;5.352;5.535;5.342;5.49;52097500;0
SGZH;D;20230918;000000;5.548;5.555;5.373;5.416;50215600;0
SGZH;D;20230919;000000;5.416;5.475;5.248;5.273;92232000;0
SGZH;D;20230920;000000;5.294;5.294;5.1;5.254;83722500;0
SGZH;D;20230921;000000;5.27;5.27;5.12;5.135;40937000;0
SGZH;D;20230922;000000;5.11;5.204;5.077;5.158;53709800;0
SGZH;D;20230925;000000;5.16;5.179;5.05;5.09;57671600;0
SGZH;D;20230926;000000;5.106;5.198;5.032;5.17;84091000;0
SGZH;D;20230927;000000;5.201;5.247;5.082;5.13;117730900;0
SGZH;D;20230928;000000;5.142;5.173;5.1;5.166;58731500;0
SGZH;D;20230929;000000;5.188;5.192;5.1;5.116;56038300;0
SGZH;D;20231002;000000;5.15;5.185;5.102;5.17;60928700;0
SGZH;D;20231003;000000;5.179;5.234;5.111;5.164;78333900;0
SGZH;D;20231004;000000;5.2;5.34;5.157;5.295;125046500;0
SGZH;D;20231005;000000;5.295;5.494;5.243;5.415;226905400;0
SGZH;D;20231006;000000;5.42;5.46;5.34;5.389;59444600;0
SGZH;D;20231009;000000;5.414;5.444;5.36;5.369;39746800;0
SGZH;D;20231010;000000;5.384;5.399;5.305;5.354;42584400;0
SGZH;D;20231011;000000;5.378;5.383;5.2;5.227;66165400;0
SGZH;D;20231012;000000;5.2;5.31;5.16;5.269;68285700;0
SGZH;D;20231013;000000;5.251;5.359;5.251;5.28;50605000;0
SGZH;D;20231016;000000;5.333;5.38;5.28;5.35;59122700;0
SGZH;D;20231017;000000;5.35;5.35;5.292;5.31;37727600;0
SGZH;D;20231018;000000;5.305;5.339;5.25;5.274;37243200;0
SGZH;D;20231019;000000;5.27;5.35;5.26;5.302;43814700;0
SGZH;D;20231020;000000;5.316;5.316;5.261;5.296;33527200;0
SGZH;D;20231023;000000;5.328;5.335;5.227;5.26;43966800;0
SGZH;D;20231024;000000;5.26;5.3;5.227;5.255;34067100;0
SGZH;D;20231025;000000;5.26;5.261;5.173;5.203;48197600;0
SGZH;D;20231026;000000;5.203;5.239;5.117;5.121;58719600;0
SGZH;D;20231027;000000;5.133;5.167;4.965;5.019;152635700;0
SGZH;D;20231030;000000;5.018;5.019;4.862;4.879;132646600;0
SGZH;D;20231031;000000;4.87;4.964;4.78;4.81;157861300;0
SGZH;D;20231101;000000;4.809;4.896;4.691;4.815;157748700;0
SGZH;D;20231102;000000;4.801;4.925;4.621;4.648;336738000;0
SGZH;D;20231103;000000;4.62;4.724;4.584;4.694;183295800;0
SGZH;D;20231106;000000;4.694;4.795;4.694;4.756;59587600;0
SGZH;D;20231107;000000;4.762;4.793;4.701;4.732;65525600;0
SGZH;D;20231108;000000;4.732;4.744;4.651;4.685;70560600;0
SGZH;D;20231109;000000;4.671;4.684;4.601;4.622;78342500;0
SGZH;D;20231110;000000;4.615;4.739;4.6;4.702;111709400;0
SGZH;D;20231113;000000;4.69;4.785;4.423;4.438;336573800;0
SGZH;D;20231114;000000;4.421;4.436;4.1;4.225;910019100;0
SGZH;D;20231115;000000;4.192;4.354;4.17;4.327;264619400;0
SGZH;D;20231116;000000;4.31;4.32;4.206;4.263;158551000;0
SGZH;D;20231117;000000;4.26;4.288;4.214;4.277;68866100;0
SGZH;D;20231120;000000;4.265;4.317;4.24;4.261;69295100;0
SGZH;D;20231121;000000;4.29;4.392;4.21;4.248;289390000;0
SGZH;D;20231122;000000;4.245;4.288;4.08;4.12;545491500;0
SGZH;D;20231123;000000;4.12;4.135;3.916;3.929;642408400;0
SGZH;D;20231124;000000;3.921;3.98;3.848;3.94;543013000;0
SGZH;D;20231127;000000;3.95;3.957;3.85;3.896;249966400;0
SGZH;D;20231128;000000;3.896;4.38;3.881;4.357;1439196600;0
SGZH;D;20231129;000000;4.332;4.69;4.2;4.254;2375238800;0
SGZH;D;20231130;000000;4.25;4.319;4.127;4.167;621068500;0
SGZH;D;20231201;000000;4.16;4.18;3.956;3.99;556792600;0
SGZH;D;20231204;000000;3.94;4.121;3.861;4.008;754242000;0
SGZH;D;20231205;000000;4.002;4.087;3.98;4.027;241351000;0
SGZH;D;20231206;000000;4.05;4.077;3.892;3.95;288816400;0
SGZH;D;20231207;000000;3.953;3.98;3.881;3.958;231315000;0
SGZH;D;20231208;000000;3.975;4.012;3.915;3.951;150587800;0
SGZH;D;20231211;000000;3.94;4.04;3.885;3.975;284384500;0
SGZH;D;20231212;000000;3.988;4.011;3.937;3.988;126277600;0
SGZH;D;20231213;000000;3.972;4.03;3.943;4;99762800;0
SGZH;D;20231214;000000;4.024;4.066;3.909;3.939;207703800;0
SGZH;D;20231215;000000;3.935;4.044;3.9;4.018;344415100;0
SGZH;D;20231218;000000;4.021;4.16;4.006;4.126;309551800;0
SGZH;D;20231219;000000;4.126;4.143;4.041;4.071;140625700;0
SGZH;D;20231220;000000;4.071;4.115;4.056;4.078;86390800;0
SGZH;D;20231221;000000;4.077;4.081;4.018;4.054;128286900;0
SGZH;D;20231222;000000;4.066;4.098;4.033;4.049;108045400;0
SGZH;D;20231225;000000;4.07;4.09;4.03;4.051;66283300;0
SGZH;D;20231226;000000;4.051;4.06;3.915;3.929;205905800;0
SGZH;D;20231227;000000;3.92;3.925;3.785;3.811;298424400;0
SGZH;D;20231228;000000;3.811;3.811;3.68;3.697;214308800;0
SGZH;D;20231229;000000;3.705;3.805;3.691;3.7;253924600;0
SGZH;D;20240103;000000;3.7;3.795;3.7;3.782;100177800;0
SGZH;D;20240104;000000;3.794;3.838;3.779;3.818;124938100;0
SGZH;D;20240105;000000;3.831;3.831;3.795;3.81;49094000;0
SGZH;D;20240108;000000;3.811;3.879;3.811;3.86;95440600;0
SGZH;D;20240109;000000;3.9;3.977;3.803;3.956;260492400;0
SGZH;D;20240110;000000;3.96;4.098;3.96;4.032;295491100;0
SGZH;D;20240111;000000;4.05;4.05;3.9;4.002;187376600;0
SGZH;D;20240112;000000;4.077;4.077;4;4.008;159439000;0
SGZH;D;20240115;000000;4.01;4.039;3.946;3.974;158353600;0
SGZH;D;20240116;000000;3.974;4.005;3.916;3.959;114837700;0
SGZH;D;20240117;000000;3.95;4.022;3.949;3.997;94676200;0
SGZH;D;20240118;000000;3.997;4.018;3.95;3.98;64552500;0
SGZH;D;20240119;000000;3.98;3.996;3.952;3.986;68551600;0
SGZH;D;20240122;000000;3.995;4.1;3.988;4.075;265402400;0
SGZH;D;20240123;000000;4.08;4.137;4.025;4.054;129377800;0
SGZH;D;20240124;000000;4.077;4.077;3.968;3.999;113957100;0
SGZH;D;20240125;000000;4;4.049;3.961;4.005;67443500;0
SGZH;D;20240126;000000;4.018;4.065;3.99;4.037;90751600;0
SGZH;D;20240129;000000;4.052;4.246;4.037;4.244;401469400;0
SGZH;D;20240130;000000;4.255;4.267;4.111;4.136;431716200;0
SGZH;D;20240131;000000;4.145;4.21;4.121;4.178;170586300;0
SGZH;D;20240201;000000;4.189;4.197;4.118;4.134;108535900;0
SGZH;D;20240202;000000;4.136;4.17;4.102;4.133;97796400;0
SGZH;D;20240205;000000;4.124;4.19;4.111;4.148;56658100;0
SGZH;D;20240206;000000;4.143;4.228;4.143;4.205;208346200;0
SGZH;D;20240207;000000;4.224;4.26;4.136;4.17;178776900;0
SGZH;D;20240208;000000;4.17;4.184;4.065;4.119;127352500;0
SGZH;D;20240209;000000;4.124;4.154;4.081;4.111;56561300;0
SGZH;D;20240212;000000;4.119;4.129;4.022;4.053;98070700;0
SGZH;D;20240213;000000;4.049;4.085;4.021;4.073;52286100;0
SGZH;D;20240214;000000;4.097;4.106;4.041;4.057;49637100;0
SGZH;D;20240215;000000;4.054;4.077;4.041;4.047;45728400;0
SGZH;D;20240216;000000;4.047;4.097;3.962;3.998;130893800;0
SGZH;D;20240219;000000;3.998;4.049;3.845;3.884;220094600;0
SGZH;D;20240220;000000;3.873;3.947;3.82;3.875;167506100;0
SGZH;D;20240221;000000;3.875;3.925;3.8;3.864;110609000;0
SGZH;D;20240222;000000;3.863;3.908;3.825;3.855;61181900;0
SGZH;D;20240226;000000;3.87;3.945;3.85;3.937;59353200;0
SGZH;D;20240227;000000;3.947;3.947;3.853;3.892;57161500;0
SGZH;D;20240228;000000;3.892;3.939;3.89;3.927;43150600;0
SGZH;D;20240229;000000;3.94;3.996;3.924;3.941;76142200;0
SGZH;D;20240301;000000;3.949;3.976;3.922;3.938;45124400;0
SGZH;D;20240304;000000;3.945;3.984;3.939;3.963;55092800;0
SGZH;D;20240305;000000;3.97;3.972;3.934;3.94;29774400;0
SGZH;D;20240306;000000;3.94;3.947;3.901;3.933;24987100;0
SGZH;D;20240307;000000;3.921;3.968;3.921;3.962;49776300;0
SGZH;D;20240311;000000;3.965;4.102;3.965;4.079;163755400;0
SGZH;D;20240312;000000;4.096;4.097;4.012;4.045;79827300;0
SGZH;D;20240313;000000;4.05;4.093;4.02;4.024;55610800;0
SGZH;D;20240314;000000;4.036;4.051;3.927;3.935;71495100;0
SGZH;D;20240315;000000;3.935;4.03;3.935;3.995;71482900;0
SGZH;D;20240318;000000;4.022;4.05;3.975;3.993;59896400;0
SGZH;D;20240319;000000;3.993;4.015;3.902;3.939;85968600;0
SGZH;D;20240320;000000;3.94;3.949;3.83;3.851;156346200;0
SGZH;D;20240321;000000;3.863;4.001;3.854;3.912;263962300;0
SGZH;D;20240322;000000;3.662;3.888;3.66;3.823;706444900;0
SGZH;D;20240325;000000;3.8;3.829;3.688;3.744;251704500;0
SGZH;D;20240326;000000;3.745;3.745;3.7;3.714;70197800;0
SGZH;D;20240327;000000;3.725;3.725;3.672;3.713;85139700;0
SGZH;D;20240328;000000;3.713;3.83;3.693;3.761;104230600;0
SGZH;D;20240329;000000;3.749;3.779;3.729;3.732;84155100;0
SGZH;D;20240401;000000;3.735;3.833;3.735;3.805;97509500;0
SGZH;D;20240402;000000;3.805;3.82;3.77;3.779;72336300;0
SGZH;D;20240403;000000;3.78;3.854;3.771;3.844;91138200;0
SGZH;D;20240404;000000;3.844;3.894;3.787;3.798;141458700;0
SGZH;D;20240405;000000;3.801;3.816;3.76;3.771;55368400;0
SGZH;D;20240408;000000;3.772;3.827;3.751;3.798;66433500;0
SGZH;D;20240409;000000;3.786;3.822;3.778;3.808;54541300;0
SGZH;D;20240410;000000;3.807;3.863;3.789;3.809;83366100;0
SGZH;D;20240411;000000;3.802;3.826;3.78;3.794;44721800;0
SGZH;D;20240412;000000;3.807;3.817;3.786;3.792;32116900;0
SGZH;D;20240415;000000;3.788;3.814;3.757;3.776;48511300;0
SGZH;D;20240416;000000;3.782;3.85;3.76;3.837;54865800;0
SGZH;D;20240417;000000;3.848;3.848;3.792;3.812;52156400;0
SGZH;D;20240418;000000;3.824;3.89;3.812;3.88;119431600;0
SGZH;D;20240419;000000;3.89;3.918;3.847;3.868;52324300;0
SGZH;D;20240422;000000;3.865;3.882;3.813;3.83;52723200;0
SGZH;D;20240423;000000;3.83;3.844;3.8;3.814;44436200;0
SGZH;D;20240424;000000;3.814;3.985;3.791;3.845;416349900;0
SGZH;D;20240425;000000;3.843;3.91;3.782;3.815;237559900;0
SGZH;D;20240426;000000;3.816;3.818;3.771;3.802;74641900;0
SGZH;D;20240427;000000;3.806;3.832;3.78;3.81;54560200;0
SGZH;D;20240429;000000;3.802;3.83;3.796;3.829;32538000;0
SGZH;D;20240430;000000;3.833;3.87;3.82;3.84;37626100;0
SGZH;D;20240502;000000;3.837;3.846;3.777;3.786;39475900;0
SGZH;D;20240503;000000;3.795;3.795;3.713;3.73;65743000;0
SGZH;D;20240506;000000;3.75;3.762;3.7;3.705;51826300;0
SGZH;D;20240507;000000;3.705;3.748;3.694;3.726;43832600;0
SGZH;D;20240508;000000;3.733;3.756;3.72;3.721;32522200;0
SGZH;D;20240510;000000;3.726;3.732;3.712;3.717;14271100;0
SGZH;D;20240513;000000;3.717;3.728;3.684;3.707;54953400;0
SGZH;D;20240514;000000;3.714;3.783;3.681;3.708;164921400;0
SGZH;D;20240515;000000;3.72;3.743;3.7;3.708;50558400;0
SGZH;D;20240516;000000;3.707;3.724;3.663;3.719;69456800;0
SGZH;D;20240517;000000;3.725;3.725;3.665;3.704;43447900;0
SGZH;D;20240520;000000;3.7;3.72;3.605;3.629;82025100;0
SGZH;D;20240521;000000;3.63;3.683;3.438;3.67;205984400;0
SGZH;D;20240522;000000;3.667;3.711;3.56;3.579;73549700;0
SGZH;D;20240523;000000;3.579;3.579;3.457;3.467;145413700;0
SGZH;D;20240524;000000;3.46;3.524;3.263;3.288;340265000;0
SGZH;D;20240527;000000;3.308;3.308;3.05;3.115;425359500;0
SGZH;D;20240528;000000;3.115;3.182;3.04;3.158;156320500;0
SGZH;D;20240529;000000;3.173;3.178;3.111;3.158;75043800;0
SGZH;D;20240530;000000;3.15;3.167;2.982;3.001;226613300;0
SGZH;D;20240531;000000;2.99;3.014;2.771;2.791;378040400;0
SGZH;D;20240603;000000;2.781;2.888;2.531;2.692;674324800;0
SGZH;D;20240604;000000;2.693;3.012;2.569;2.951;1288861900;0
SGZH;D;20240605;000000;2.976;2.998;2.808;2.833;750185700;0
SGZH;D;20240606;000000;2.835;2.92;2.773;2.875;401215300;0
SGZH;D;20240607;000000;2.874;3.218;2.851;3.171;1375647500;0
SGZH;D;20240610;000000;3.171;3.311;3.015;3.129;812561700;0
SGZH;D;20240611;000000;3.12;3.168;3.041;3.095;347083900;0
SGZH;D;20240613;000000;2.9;3.192;2.852;3.156;367687000;0
SGZH;D;20240614;000000;3.156;3.178;3.106;3.16;150846600;0
SGZH;D;20240617;000000;3.163;3.176;3.055;3.067;197913200;0
SGZH;D;20240618;000000;3.067;3.084;2.905;2.909;242507800;0
SGZH;D;20240619;000000;2.913;2.951;2.805;2.886;328397900;0
SGZH;D;20240620;000000;2.861;3.038;2.841;3.036;392807400;0
SGZH;D;20240621;000000;3.036;3.038;2.972;3.004;116377800;0
SGZH;D;20240624;000000;3.004;3.018;2.921;2.94;139548100;0
SGZH;D;20240625;000000;2.93;2.953;2.886;2.952;122442500;0
SGZH;D;20240626;000000;2.951;2.985;2.921;2.937;128610300;0
SGZH;D;20240627;000000;2.914;2.947;2.848;2.89;120479900;0
SGZH;D;20240628;000000;2.888;2.92;2.881;2.908;89041400;0
SGZH;D;20240701;000000;2.91;2.957;2.893;2.924;95747300;0
SGZH;D;20240702;000000;2.939;3.027;2.915;2.974;171414900;0
SGZH;D;20240703;000000;2.994;2.994;2.901;2.911;105912400;0
SGZH;D;20240704;000000;2.905;2.919;2.79;2.791;201910800;0
SGZH;D;20240705;000000;2.775;2.797;2.688;2.741;307622500;0
SGZH;D;20240708;000000;2.74;2.755;2.622;2.638;237052100;0
SGZH;D;20240709;000000;2.631;2.636;2.513;2.544;422132800;0
SGZH;D;20240710;000000;2.544;2.578;2.429;2.481;453674800;0
SGZH;D;20240711;000000;2.485;2.595;2.481;2.581;248891800;0
SGZH;D;20240712;000000;2.582;2.647;2.464;2.544;250264000;0
SGZH;D;20240715;000000;2.521;2.55;2.446;2.472;199898900;0
SGZH;D;20240716;000000;2.45;2.498;2.39;2.484;314068600;0
SGZH;D;20240717;000000;2.46;2.49;2.392;2.392;296486700;0
SGZH;D;20240718;000000;2.394;2.41;2.339;2.396;273712200;0
SGZH;D;20240719;000000;2.405;2.423;2.368;2.375;256321700;0
SGZH;D;20240722;000000;2.398;2.416;2.36;2.397;155284600;0
SGZH;D;20240723;000000;2.396;2.525;2.389;2.525;883184100;0
SGZH;D;20240724;000000;2.535;2.539;2.475;2.501;305437200;0
SGZH;D;20240725;000000;2.5;2.502;2.462;2.484;141779000;0
SGZH;D;20240726;000000;2.483;2.585;2.342;2.359;973667700;0
SGZH;D;20240729;000000;2.339;2.34;2.176;2.187;544867100;0
SGZH;D;20240730;000000;2.185;2.227;2.145;2.211;341819300;0
SGZH;D;20240731;000000;2.22;2.314;2.191;2.308;760931600;0
SGZH;D;20240801;000000;2.305;2.329;2.223;2.237;355920600;0
SGZH;D;20240802;000000;2.237;2.261;2.211;2.244;209304200;0
SGZH;D;20240805;000000;2.225;2.235;2.17;2.194;325590800;0
SGZH;D;20240806;000000;2.225;2.236;2.196;2.206;131274400;0
SGZH;D;20240807;000000;2.207;2.314;2.183;2.264;281030000;0
SGZH;D;20240808;000000;2.27;2.276;2.225;2.245;157766900;0
SGZH;D;20240809;000000;2.23;2.25;2.222;2.231;111404500;0
SGZH;D;20240812;000000;2.212;2.225;2.175;2.224;212289500;0
SGZH;D;20240813;000000;2.22;2.265;2.211;2.248;203575700;0
SGZH;D;20240814;000000;2.249;2.264;2.15;2.175;322700100;0
SGZH;D;20240815;000000;2.184;2.21;2.162;2.185;195096900;0
SGZH;D;20240816;000000;2.185;2.189;2.1;2.102;269293000;0
SGZH;D;20240819;000000;2.109;2.135;2.017;2.056;466257300;0
SGZH;D;20240820;000000;2.068;2.088;2.017;2.052;391105700;0
SGZH;D;20240821;000000;2.047;2.055;2.002;2.021;212531700;0
SGZH;D;20240822;000000;2.029;2.029;1.85;1.88;683433500;0
SGZH;D;20240823;000000;1.896;1.897;1.757;1.808;1031487400;0
SGZH;D;20240826;000000;1.899;1.95;1.786;1.818;720062200;0
SGZH;D;20240827;000000;1.818;1.823;1.65;1.659;1232089600;0
SGZH;D;20240828;000000;1.641;1.75;1.17;1.283;8799986300;0
SGZH;D;20240829;000000;1.255;1.306;1.075;1.13;5140483000;0
SGZH;D;20240830;000000;1.114;1.177;1.063;1.138;2093430300;0
SGZH;D;20240902;000000;1.129;1.186;1.091;1.149;881659300;0
SGZH;D;20240903;000000;1.163;1.196;1.12;1.169;885345000;0
SGZH;D;20240904;000000;1.16;1.369;1.147;1.34;2925537700;0
SGZH;D;20240905;000000;1.378;1.694;1.34;1.69;5928560300;0
SGZH;D;20240906;000000;1.721;1.73;1.521;1.583;3330455500;0
SGZH;D;20240909;000000;1.61;1.614;1.502;1.548;908881000;0
SGZH;D;20240910;000000;1.529;1.58;1.51;1.564;569908100;0
SGZH;D;20240911;000000;1.555;1.566;1.436;1.464;504011800;0
SGZH;D;20240912;000000;1.45;1.459;1.365;1.4;1053328200;0
SGZH;D;20240913;000000;1.4;1.508;1.322;1.381;1727390200;0
SGZH;D;20240916;000000;1.388;1.445;1.372;1.402;486684100;0
SGZH;D;20240917;000000;1.408;1.419;1.36;1.401;379113100;0
SGZH;D;20240918;000000;1.401;1.406;1.384;1.393;196115400;0
SGZH;D;20240919;000000;1.393;1.513;1.381;1.448;768855400;0
SGZH;D;20240920;000000;1.498;1.542;1.453;1.53;565419000;0
SGZH;D;20240923;000000;1.53;1.617;1.53;1.595;591398400;0
SGZH;D;20240924;000000;1.6;1.608;1.512;1.575;422725000;0
SGZH;D;20240925;000000;1.58;1.58;1.444;1.484;457950000;0
SGZH;D;20240926;000000;1.477;1.503;1.425;1.474;308028400;0
SGZH;D;20240927;000000;1.489;1.547;1.456;1.532;291627000;0
SGZH;D;20240930;000000;1.543;1.633;1.51;1.535;598848500;0
SGZH;D;20241001;000000;1.525;1.559;1.485;1.513;284800600;0
SGZH;D;20241002;000000;1.513;1.527;1.46;1.479;263141900;0
SGZH;D;20241003;000000;1.477;1.511;1.43;1.494;339511800;0
SGZH;D;20241004;000000;1.495;1.524;1.461;1.487;198219400;0
SGZH;D;20241007;000000;1.494;1.494;1.455;1.487;107861700;0
SGZH;D;20241008;000000;1.484;1.492;1.467;1.48;75274300;0
SGZH;D;20241009;000000;1.482;1.595;1.47;1.565;877353500;0
SGZH;D;20241010;000000;1.556;1.56;1.518;1.538;209560100;0
SGZH;D;20241011;000000;1.532;1.665;1.532;1.625;961433300;0
SGZH;D;20241014;000000;1.62;1.725;1.565;1.7;760872800;0
SGZH;D;20241015;000000;1.68;1.985;1.68;1.949;3004741400;0
SGZH;D;20241016;000000;1.93;1.958;1.687;1.71;2992922000;0
SGZH;D;20241017;000000;1.715;1.743;1.652;1.682;1087724600;0
SGZH;D;20241018;000000;1.68;1.717;1.654;1.698;397887200;0
SGZH;D;20241021;000000;1.71;1.767;1.656;1.701;667287600;0
SGZH;D;20241022;000000;1.708;1.708;1.675;1.689;135916700;0
SGZH;D;20241023;000000;1.686;1.693;1.595;1.595;347108000;0
SGZH;D;20241024;000000;1.6;1.61;1.494;1.54;507116600;0
SGZH;D;20241025;000000;1.538;1.598;1.462;1.555;855437600;0
SGZH;D;20241028;000000;1.53;1.594;1.504;1.551;474526300;0
SGZH;D;20241029;000000;1.551;1.723;1.533;1.669;944067000;0
SGZH;D;20241030;000000;1.682;1.751;1.58;1.588;1014897700;0
SGZH;D;20241031;000000;1.572;1.649;1.563;1.616;569185900;0
SGZH;D;20241101;000000;1.627;1.748;1.621;1.702;764021400;0
SGZH;D;20241102;000000;1.705;1.777;1.666;1.731;564231800;0
SGZH;D;20241105;000000;1.73;1.77;1.691;1.718;312279200;0
SGZH;D;20241106;000000;1.77;1.787;1.708;1.729;307908200;0
SGZH;D;20241107;000000;1.729;1.795;1.701;1.779;159818800;0
SGZH;D;20241108;000000;1.787;1.808;1.745;1.78;226322700;0
SGZH;D;20241111;000000;1.799;1.807;1.703;1.706;254914200;0
SGZH;D;20241112;000000;1.706;1.708;1.631;1.647;298711200;0
SGZH;D;20241113;000000;1.659;1.682;1.606;1.631;259948000;0
SGZH;D;20241114;000000;1.633;1.739;1.617;1.699;405810400;0
SGZH;D;20241115;000000;1.695;1.731;1.67;1.712;177090100;0
SGZH;D;20241118;000000;1.7;1.844;1.68;1.82;674062400;0
SGZH;D;20241119;000000;1.81;1.839;1.74;1.789;428268900;0
SGZH;D;20241120;000000;1.788;1.878;1.526;1.619;2421680200;0
SGZH;D;20241121;000000;1.6;1.615;1.27;1.37;3214582900;0
SGZH;D;20241122;000000;1.37;1.419;1.285;1.354;1536793200;0
SGZH;D;20241125;000000;1.371;1.43;1.322;1.374;1090971600;0
SGZH;D;20241126;000000;1.376;1.41;1.305;1.332;589174700;0
SGZH;D;20241127;000000;1.332;1.41;1.295;1.409;480872100;0
SGZH;D;20241128;000000;1.412;1.66;1.343;1.597;4057062600;0
SGZH;D;20241129;000000;1.615;1.624;1.452;1.479;1180633500;0
SGZH;D;20241202;000000;1.548;1.569;1.392;1.425;1242946100;0
SGZH;D;20241203;000000;1.32;1.377;1.277;1.337;789168700;0
SGZH;D;20241204;000000;1.329;1.353;1.292;1.303;296389100;0
SGZH;D;20241205;000000;1.303;1.353;1.302;1.338;235366600;0
SGZH;D;20241206;000000;1.34;1.355;1.325;1.333;114454500;0
SGZH;D;20241209;000000;1.334;1.376;1.334;1.346;161206300;0
SGZH;D;20241210;000000;1.35;1.35;1.3;1.319;142090100;0
SGZH;D;20241211;000000;1.315;1.356;1.311;1.344;137206900;0
SGZH;D;20241212;000000;1.346;1.354;1.309;1.312;120741000;0
SGZH;D;20241213;000000;1.313;1.325;1.298;1.308;138882200;0
SGZH;D;20241216;000000;1.317;1.32;1.293;1.309;157478200;0
SGZH;D;20241217;000000;1.309;1.361;1.288;1.32;315753300;0
SGZH;D;20241218;000000;1.328;1.33;1.291;1.307;180749100;0
SGZH;D;20241219;000000;1.308;1.308;1.264;1.281;324158500;0
SGZH;D;20241220;000000;1.278;1.344;1.25;1.319;722805900;0
SGZH;D;20241223;000000;1.335;1.347;1.312;1.324;334721000;0
SGZH;D;20241224;000000;1.327;1.328;1.264;1.267;234251200;0
SGZH;D;20241225;000000;1.265;1.29;1.233;1.256;344303100;0
SGZH;D;20241226;000000;1.26;1.269;1.242;1.252;202014600;0
SGZH;D;20241227;000000;1.252;1.257;1.235;1.24;143611400;0
SGZH;D;20241228;000000;1.241;1.35;1.23;1.288;985410800;0
SGZH;D;20241230;000000;1.312;1.319;1.264;1.287;340756600;0
SGZH;D;20250103;000000;1.295;1.297;1.259;1.274;175291900;0
SGZH;D;20250106;000000;1.274;1.283;1.26;1.273;92637300;0
SGZH;D;20250108;000000;1.273;1.294;1.273;1.29;73974600;0
SGZH;D;20250109;000000;1.29;1.298;1.263;1.265;91407100;0
SGZH;D;20250110;000000;1.265;1.28;1.26;1.276;113701500;0
SGZH;D;20250113;000000;1.29;1.29;1.261;1.274;154376600;0
SGZH;D;20250114;000000;1.273;1.29;1.265;1.289;83793000;0
SGZH;D;20250115;000000;1.29;1.346;1.276;1.332;250075400;0
SGZH;D;20250116;000000;1.35;1.359;1.306;1.315;330907400;0
SGZH;D;20250117;000000;1.321;1.464;1.314;1.389;840427300;0
SGZH;D;20250120;000000;1.4;1.496;1.365;1.392;1038895200;0
SGZH;D;20250121;000000;1.399;1.424;1.345;1.41;337008700;0
SGZH;D;20250122;000000;1.419;1.44;1.37;1.388;303119000;0
SGZH;D;20250123;000000;1.381;1.414;1.363;1.4;123798600;0
SGZH;D;20250124;000000;1.4;1.438;1.385;1.409;274355500;0
SGZH;D;20250127;000000;1.415;1.427;1.37;1.382;144110400;0
SGZH;D;20250128;000000;1.385;1.465;1.365;1.434;370826700;0
SGZH;D;20250129;000000;1.434;1.459;1.401;1.409;385237200;0
SGZH;D;20250130;000000;1.409;1.424;1.38;1.407;197229600;0
SGZH;D;20250131;000000;1.407;1.42;1.355;1.377;319684700;0
SGZH;D;20250203;000000;1.38;1.392;1.361;1.381;153656900;0
SGZH;D;20250204;000000;1.381;1.401;1.363;1.374;142800800;0
SGZH;D;20250205;000000;1.374;1.392;1.356;1.38;261262500;0
SGZH;D;20250206;000000;1.384;1.399;1.369;1.373;118137500;0
SGZH;D;20250207;000000;1.373;1.38;1.356;1.36;75381000;0
SGZH;D;20250210;000000;1.365;1.382;1.275;1.331;226065000;0
SGZH;D;20250211;000000;1.34;1.397;1.315;1.364;489144900;0
SGZH;D;20250212;000000;1.365;1.48;1.346;1.438;1020244400;0
SGZH;D;20250213;000000;1.446;1.488;1.404;1.461;619945200;0
SGZH;D;20250214;000000;1.499;1.596;1.43;1.485;1337927300;0
SGZH;D;20250217;000000;1.559;1.953;1.533;1.944;3908893500;0
SGZH;D;20250218;000000;1.953;1.953;1.711;1.747;2893853400;0
SGZH;D;20250219;000000;1.76;2.005;1.76;1.936;3288418000;0
SGZH;D;20250220;000000;1.933;1.967;1.835;1.898;1476190400;0
SGZH;D;20250221;000000;1.898;1.92;1.81;1.883;687394400;0
SGZH;D;20250224;000000;1.87;1.913;1.839;1.897;639705700;0
SGZH;D;20250225;000000;1.897;2.133;1.864;2.062;2901173200;0
SGZH;D;20250226;000000;2.063;2.197;1.918;1.979;2355045400;0
SGZH;D;20250227;000000;1.981;1.99;1.84;1.896;1393439800;0
SGZH;D;20250228;000000;1.895;1.967;1.815;1.931;1378955100;0
SGZH;D;20250303;000000;1.937;1.937;1.85;1.9;606609700;0
SGZH;D;20250304;000000;1.915;1.965;1.887;1.937;565817400;0
SGZH;D;20250305;000000;1.933;1.936;1.812;1.876;443439000;0
SGZH;D;20250306;000000;1.88;1.902;1.835;1.86;252920400;0
SGZH;D;20250307;000000;1.86;1.915;1.837;1.865;337265100;0
SGZH;D;20250310;000000;1.865;1.892;1.845;1.867;169632400;0
SGZH;D;20250311;000000;1.867;1.879;1.777;1.818;290170800;0
SGZH;D;20250312;000000;1.818;1.84;1.738;1.771;460466900;0
SGZH;D;20250313;000000;1.771;1.83;1.687;1.777;682305800;0
SGZH;D;20250314;000000;1.76;1.826;1.73;1.804;392640300;0
SGZH;D;20250317;000000;1.808;1.97;1.802;1.934;810838200;0
SGZH;D;20250318;000000;1.94;1.946;1.8;1.869;667231300;0
SGZH;D;20250319;000000;1.869;1.958;1.836;1.896;639845000;0
SGZH;D;20250320;000000;1.897;1.917;1.874;1.9;158569200;0
SGZH;D;20250321;000000;1.894;1.922;1.846;1.87;289922000;0
SGZH;D;20250324;000000;1.87;1.873;1.783;1.805;225098500;0
SGZH;D;20250325;000000;1.805;1.86;1.754;1.845;253089400;0
SGZH;D;20250326;000000;1.845;1.89;1.78;1.79;207209500;0
SGZH;D;20250327;000000;1.778;1.792;1.696;1.705;243850500;0
SGZH;D;20250328;000000;1.7;1.715;1.58;1.607;637139300;0
SGZH;D;20250331;000000;1.602;1.665;1.531;1.664;439372800;0
SGZH;D;20250401;000000;1.659;1.719;1.545;1.56;601808600;0
SGZH;D;20250402;000000;1.56;1.629;1.551;1.615;317435000;0
SGZH;D;20250403;000000;1.625;1.646;1.512;1.58;334479100;0
SGZH;D;20250404;000000;1.592;1.613;1.48;1.49;362236700;0
SGZH;D;20250407;000000;1.476;1.529;1.355;1.445;714585800;0
SGZH;D;20250408;000000;1.448;1.495;1.365;1.379;397849500;0
SGZH;D;20250409;000000;1.378;1.465;1.33;1.46;573468400;0
SGZH;D;20250410;000000;1.46;1.488;1.41;1.436;268247600;0
SGZH;D;20250411;000000;1.437;1.49;1.43;1.462;391933100;0
SGZH;D;20250414;000000;1.468;1.697;1.459;1.616;2034352000;0
SGZH;D;20250415;000000;1.627;1.629;1.541;1.575;848482800;0
SGZH;D;20250416;000000;1.56;1.587;1.548;1.563;277328600;0
SGZH;D;20250417;000000;1.563;1.58;1.509;1.556;312677700;0
SGZH;D;20250418;000000;1.537;1.554;1.505;1.514;151970700;0
SGZH;D;20250421;000000;1.52;1.55;1.509;1.535;132315000;0
SGZH;D;20250422;000000;1.536;1.592;1.531;1.568;359948700;0
SGZH;D;20250423;000000;1.572;1.576;1.523;1.546;166075900;0
SGZH;D;20250424;000000;1.541;1.57;1.478;1.512;190842700;0
SGZH;D;20250425;000000;1.513;1.548;1.5;1.532;257055600;0
SGZH;D;20250428;000000;1.535;1.556;1.507;1.529;278320300;0
SGZH;D;20250429;000000;1.53;1.535;1.484;1.494;135684700;0
SGZH;D;20250430;000000;1.495;1.503;1.451;1.487;150702900;0
SGZH;D;20250502;000000;1.496;1.496;1.402;1.416;209963900;0
SGZH;D;20250505;000000;1.418;1.434;1.382;1.417;138304700;0
SGZH;D;20250506;000000;1.418;1.464;1.412;1.438;195193100;0
SGZH;D;20250507;000000;1.445;1.462;1.425;1.455;93713900;0
SGZH;D;20250508;000000;1.455;1.49;1.446;1.455;90460400;0
SGZH;D;20250512;000000;1.465;1.539;1.447;1.514;223267900;0
SGZH;D;20250513;000000;1.515;1.519;1.478;1.487;83942000;0
SGZH;D;20250514;000000;1.49;1.55;1.46;1.46;415075600;0
SGZH;D;20250515;000000;1.463;1.525;1.461;1.509;245375300;0
SGZH;D;20250516;000000;1.509;1.516;1.426;1.493;231073300;0
SGZH;D;20250519;000000;1.494;1.584;1.493;1.509;222261100;0
SGZH;D;20250520;000000;1.519;1.519;1.47;1.486;140008600;0
SGZH;D;20250521;000000;1.487;1.492;1.463;1.47;82003500;0
SGZH;D;20250522;000000;1.47;1.496;1.438;1.473;135383000;0
SGZH;D;20250523;000000;1.473;1.493;1.466;1.48;64067500;0
SGZH;D;20250526;000000;1.48;1.483;1.443;1.452;122266300;0
SGZH;D;20250527;000000;1.456;1.488;1.418;1.478;124332200;0
SGZH;D;20250528;000000;1.476;1.57;1.476;1.556;315949400;0
SGZH;D;20250529;000000;1.551;1.595;1.523;1.554;233451100;0
SGZH;D;20250530;000000;1.558;1.62;1.544;1.612;493650200;0
SGZH;D;20250602;000000;1.615;1.665;1.546;1.638;483419400;0
SGZH;D;20250603;000000;1.638;1.68;1.591;1.629;347153100;0
SGZH;D;20250604;000000;1.638;1.642;1.597;1.605;183990900;0
SGZH;D;20250605;000000;1.61;1.626;1.6;1.617;85109300;0
SGZH;D;20250606;000000;1.623;1.658;1.533;1.547;409302000;0
SGZH;D;20250609;000000;1.539;1.58;1.503;1.568;148560300;0
SGZH;D;20250610;000000;1.57;1.592;1.541;1.556;86455900;0
SGZH;D;20250611;000000;1.557;1.624;1.555;1.568;336043700;0
SGZH;D;20250613;000000;1.578;1.591;1.546;1.553;65289300;0
SGZH;D;20250616;000000;1.553;1.568;1.529;1.546;95501600;0
SGZH;D;20250617;000000;1.55;1.579;1.54;1.566;59712300;0
SGZH;D;20250618;000000;1.57;1.577;1.548;1.553;53033800;0
SGZH;D;20250619;000000;1.553;1.561;1.536;1.543;39986800;0
SGZH;D;20250620;000000;1.543;1.55;1.514;1.52;47601100;0
SGZH;D;20250623;000000;1.518;1.52;1.42;1.44;424753100;0
SGZH;D;20250624;000000;1.44;1.499;1.427;1.488;206470700;0
SGZH;D;20250625;000000;1.488;1.509;1.466;1.488;107294100;0
SGZH;D;20250626;000000;1.488;1.535;1.463;1.491;282256600;0
SGZH;D;20250627;000000;1.499;1.502;1.471;1.494;79948100;0
SGZH;D;20250630;000000;1.494;1.53;1.48;1.52;213518600;0
SGZH;D;20250701;000000;1.52;1.55;1.513;1.519;143949600;0
SGZH;D;20250702;000000;1.526;1.535;1.508;1.52;87452100;0
SGZH;D;20250703;000000;1.52;1.563;1.516;1.521;181872000;0
SGZH;D;20250704;000000;1.517;1.521;1.484;1.495;105355200;0
SGZH;D;20250707;000000;1.495;1.504;1.464;1.466;59387100;0
SGZH;D;20250708;000000;1.463;1.485;1.44;1.443;99894400;0
SGZH;D;20250709;000000;1.443;1.458;1.375;1.403;243492300;0
SGZH;D;20250710;000000;1.403;1.431;1.389;1.408;126283200;0
SGZH;D;20250711;000000;1.408;1.415;1.354;1.359;148588000;0
SGZH;D;20250714;000000;1.366;1.471;1.329;1.465;361647600;0
SGZH;D;20250715;000000;1.464;1.517;1.45;1.49;205973500;0
SGZH;D;20250716;000000;1.502;1.515;1.452;1.466;132916100;0
SGZH;D;20250717;000000;1.471;1.498;1.456;1.47;108788300;0
SGZH;D;20250718;000000;1.47;1.53;1.465;1.52;195473100;0
SGZH;D;20250721;000000;1.52;1.549;1.515;1.52;155878300;0
SGZH;D;20250722;000000;1.52;1.53;1.502;1.522;58636500;0
SGZH;D;20250723;000000;1.523;1.533;1.506;1.511;90329300;0
SGZH;D;20250724;000000;1.514;1.519;1.501;1.514;58677000;0
SGZH;D;20250725;000000;1.515;1.529;1.476;1.485;135235800;0
SGZH;D;20250728;000000;1.487;1.496;1.436;1.441;140639300;0
SGZH;D;20250729;000000;1.45;1.54;1.431;1.499;512525200;0
SGZH;D;20250730;000000;1.499;1.502;1.449;1.458;145615700;0
SGZH;D;20250731;000000;1.458;1.482;1.455;1.47;73272900;0
SGZH;D;20250801;000000;1.47;1.514;1.461;1.471;156142200;0
SGZH;D;20250804;000000;1.471;1.505;1.471;1.496;85060900;0
SGZH;D;20250805;000000;1.5;1.505;1.475;1.491;60047900;0
SGZH;D;20250806;000000;1.49;1.538;1.475;1.522;181883700;0
SGZH;D;20250807;000000;1.52;1.589;1.505;1.539;441799700;0
SGZH;D;20250808;000000;1.54;1.632;1.53;1.622;295352100;0
SGZH;D;20250811;000000;1.681;1.681;1.605;1.637;355100600;0
SGZH;D;20250812;000000;1.651;1.653;1.615;1.648;121735000;0
SGZH;D;20250813;000000;1.649;1.658;1.603;1.61;158661300;0
SGZH;D;20250814;000000;1.605;1.636;1.584;1.609;155167500;0
SGZH;D;20250815;000000;1.61;1.675;1.6;1.655;427698000;0
SGZH;D;20250818;000000;1.606;1.664;1.603;1.651;384271600;0
SGZH;D;20250819;000000;1.651;1.739;1.641;1.713;953387600;0
SGZH;D;20250820;000000;1.716;1.749;1.697;1.734;637121000;0
SGZH;D;20250821;000000;1.736;1.749;1.627;1.633;440233800;0
SGZH;D;20250822;000000;1.633;1.677;1.624;1.668;229978700;0
SGZH;D;20250825;000000;1.658;1.68;1.631;1.641;222385100;0
SGZH;D;20250826;000000;1.638;1.691;1.638;1.667;312084600;0
SGZH;D;20250827;000000;1.667;1.705;1.662;1.694;234889000;0
SGZH;D;20250828;000000;1.7;1.7;1.623;1.639;282624600;0
SGZH;D;20250829;000000;1.646;1.649;1.555;1.596;593067700;0
SGZH;D;20250901;000000;1.595;1.636;1.557;1.564;254823800;0
SGZH;D;20250902;000000;1.563;1.571;1.519;1.548;237741800;0
SGZH;D;20250903;000000;1.554;1.591;1.534;1.588;166539700;0
SGZH;D;20250904;000000;1.588;1.597;1.56;1.574;85342600;0
SGZH;D;20250905;000000;1.575;1.59;1.54;1.582;105701200;0
SGZH;D;20250908;000000;1.582;1.606;1.58;1.599;90512600;0
SGZH;D;20250909;000000;1.598;1.61;1.587;1.604;90174600;0
SGZH;D;20250910;000000;1.602;1.605;1.555;1.56;91940500;0
SGZH;D;20250911;000000;1.568;1.586;1.537;1.575;137104200;0
SGZH;D;20250912;000000;1.575;1.583;1.497;1.5;231573600;0
SGZH;D;20250915;000000;1.502;1.514;1.477;1.488;98831100;0
SGZH;D;20250916;000000;1.494;1.515;1.456;1.47;105649300;0
SGZH;D;20250917;000000;1.47;1.479;1.406;1.465;224590900;0
SGZH;D;20250918;000000;1.465;1.469;1.42;1.437;134154600;0
SGZH;D;20250919;000000;1.438;1.45;1.384;1.393;162670000;0
SGZH;D;20250922;000000;1.393;1.399;1.364;1.384;136392600;0
SGZH;D;20250923;000000;1.385;1.428;1.372;1.378;159322800;0
SGZH;D;20250924;000000;1.378;1.438;1.364;1.404;146360400;0
SGZH;D;20250925;000000;1.405;1.414;1.373;1.385;70418500;0
SGZH;D;20250926;000000;1.387;1.421;1.371;1.409;80948900;0
SGZH;D;20250929;000000;1.41;1.418;1.365;1.374;98670500;0
SGZH;D;20250930;000000;1.374;1.39;1.353;1.365;80033400;0
SGZH;D;20251001;000000;1.368;1.381;1.322;1.328;109961300;0
SGZH;D;20251002;000000;1.339;1.339;1.256;1.264;242928400;0
SGZH;D;20251003;000000;1.264;1.283;1.205;1.208;152581100;0
SGZH;D;20251006;000000;1.211;1.239;1.173;1.216;306299400;0
SGZH;D;20251007;000000;1.218;1.251;1.217;1.233;98558900;0
SGZH;D;20251008;000000;1.233;1.252;1.16;1.185;227249500;0
SGZH;D;20251009;000000;1.185;1.231;1.152;1.218;272188900;0
SGZH;D;20251010;000000;1.222;1.226;1.176;1.18;118765100;0
SGZH;D;20251013;000000;1.179;1.209;1.167;1.182;101446800;0
SGZH;D;20251014;000000;1.187;1.19;1.144;1.156;112633500;0
SGZH;D;20251015;000000;1.156;1.168;1.124;1.152;127319200;0
SGZH;D;20251016;000000;1.152;1.286;1.14;1.27;322301400;0
SGZH;D;20251017;000000;1.285;1.3;1.229;1.244;288501700;0
SGZH;D;20251020;000000;1.256;1.305;1.256;1.286;224732400;0
SGZH;D;20251021;000000;1.286;1.289;1.202;1.223;278462200;0
SGZH;D;20251022;000000;1.229;1.252;1.181;1.199;160921400;0
SGZH;D;20251023;000000;1.16;1.194;1.16;1.189;123071700;0
SGZH;D;20251024;000000;1.186;1.212;1.16;1.176;140666400;0
SGZH;D;20251027;000000;1.176;1.18;1.129;1.132;133371300;0
SGZH;D;20251028;000000;1.137;1.162;1.123;1.155;120601100;0
SGZH;D;20251029;000000;1.155;1.16;1.132;1.136;73716700;0
SGZH;D;20251030;000000;1.137;1.196;1.127;1.17;485371100;0
SGZH;D;20251031;000000;1.173;1.175;1.137;1.149;107090900;0
SGZH;D;20251101;000000;1.149;1.16;1.145;1.15;63391300;0
SGZH;D;20251103;000000;1.15;1.178;1.149;1.168;57151200;0
SGZH;D;20251105;000000;1.165;1.184;1.153;1.156;95683000;0
SGZH;D;20251106;000000;1.164;1.18;1.152;1.158;92208500;0
SGZH;D;20251107;000000;1.157;1.19;1.153;1.166;156523300;0
SGZH;D;20251110;000000;1.17;1.195;1.161;1.172;125072700;0
SGZH;D;20251111;000000;1.175;1.18;1.163;1.179;61894100;0
SGZH;D;20251112;000000;1.174;1.185;1.157;1.162;84088200;0
SGZH;D;20251113;000000;1.17;1.17;1.155;1.16;51241000;0
SGZH;D;20251114;000000;1.162;1.164;1.136;1.15;73950000;0
SGZH;D;20251117;000000;1.148;1.158;1.131;1.139;81626100;0
SGZH;D;20251118;000000;1.139;1.162;1.13;1.148;110589700;0
SGZH;D;20251119;000000;1.153;1.19;1.151;1.167;192659900;0
SGZH;D;20251120;000000;1.17;1.24;1.166;1.236;648082300;0
SGZH;D;20251121;000000;1.24;1.254;1.196;1.237;386246400;0
SGZH;D;20251124;000000;1.256;1.283;1.214;1.238;282467700;0
SGZH;D;20251125;000000;1.229;1.244;1.211;1.238;185102100;0
SGZH;D;20251126;000000;1.244;1.244;1.203;1.21;106443800;0
SGZH;D;20251127;000000;1.205;1.228;1.187;1.195;264694600;0
SGZH;D;20251128;000000;1.195;1.225;1.189;1.221;124046600;0
SGZH;D;20251201;000000;1.219;1.23;1.206;1.213;89472900;0
SGZH;D;20251202;000000;1.217;1.217;1.203;1.211;72745800;0
SGZH;D;20251203;000000;1.19;1.204;1.173;1.199;104048300;0
SGZH;D;20251204;000000;1.201;1.233;1.2;1.21;105973800;0
SGZH;D;20251205;000000;1.214;1.238;1.21;1.23;118452100;0
SGZH;D;20251208;000000;1.225;1.247;1.213;1.216;148727100;0
SGZH;D;20251209;000000;1.223;1.246;1.215;1.241;165893000;0
SGZH;D;20251210;000000;1.238;1.243;1.226;1.236;86198400;0
SGZH;D;20251211;000000;1.238;1.265;1.228;1.242;307046000;0
SGZH;D;20251212;000000;1.24;1.276;1.221;1.228;220394100;0
SGZH;D;20251215;000000;1.229;1.251;1.229;1.244;120406000;0
SGZH;D;20251216;000000;1.244;1.267;1.242;1.255;113218700;0
SGZH;D;20251217;000000;1.255;1.264;1.223;1.237;196572000;0
SGZH;D;20251218;000000;1.236;1.246;1.232;1.239;74949700;0
SGZH;D;20251219;000000;1.252;1.255;1.212;1.227;162542800;0
SGZH;D;20251222;000000;1.227;1.24;1.194;1.199;132664100;0
SGZH;D;20251223;000000;1.2;1.213;1.194;1.208;89237600;0
SGZH;D;20251224;000000;1.21;1.215;1.19;1.195;66440200;0
SGZH;D;20251225;000000;1.191;1.196;1.174;1.18;65470100;0
SGZH;D;20251226;000000;1.184;1.215;1.17;1.212;94329100;0
SGZH;D;20251229;000000;1.212;1.23;1.182;1.193;165027900;0
SGZH;D;20251230;000000;1.193;1.206;1.185;1.189;62168900;0
SGZH;D;20260105;000000;1.189;1.199;1.168;1.18;48158100;0
SGZH;D;20260106;000000;1.18;1.186;1.175;1.18;26581800;0
SGZH;D;20260108;000000;1.172;1.174;1.157;1.164;50310300;0
SGZH;D;20260109;000000;1.165;1.179;1.161;1.171;29709400;0
SGZH;D;20260112;000000;1.171;1.186;1.155;1.162;59898000;0
SGZH;D;20260113;000000;1.165;1.17;1.153;1.163;36231200;0
SGZH;D;20260114;000000;1.164;1.174;1.151;1.164;84234900;0
SGZH;D;20260115;000000;1.164;1.178;1.158;1.178;52900100;0
SGZH;D;20260116;000000;1.175;1.2;1.173;1.193;102674700;0
SGZH;D;20260119;000000;1.196;1.21;1.186;1.195;82084900;0
SGZH;D;20260120;000000;1.201;1.207;1.172;1.186;79951100;0
SGZH;D;20260121;000000;1.194;1.206;1.172;1.202;110467000;0
SGZH;D;20260122;000000;1.21;1.217;1.187;1.195;150830400;0
SGZH;D;20260123;000000;1.195;1.213;1.19;1.205;114886700;0
SGZH;D;20260126;000000;1.207;1.207;1.186;1.19;108307600;0
SGZH;D;20260127;000000;1.19;1.239;1.183;1.227;186133700;0
SGZH;D;20260128;000000;1.227;1.274;1.213;1.261;444083200;0
SGZH;D;20260129;000000;1.258;1.32;1.252;1.264;529820500;0
SGZH;D;20260130;000000;1.264;1.271;1.222;1.233;161043000;0
SGZH;D;20260202;000000;1.233;1.257;1.222;1.249;163920700;0
SGZH;D;20260203;000000;1.256;1.262;1.2405;1.252;80098000;0
SGZH;D;20260204;000000;1.251;1.299;1.247;1.2675;351591800;0
SGZH;D;20260205;000000;1.2665;1.2685;1.2305;1.2555;152448700;0
SGZH;D;20260206;000000;1.253;1.2645;1.246;1.2495;102743300;0
SGZH;D;20260209;000000;1.252;1.255;1.222;1.227;101417400;0
SGZH;D;20260210;000000;1.223;1.232;1.214;1.226;65632800;0
SGZH;D;20260211;000000;1.231;1.245;1.224;1.239;47691100;0
SGZH;D;20260212;000000;1.239;1.2545;1.2335;1.243;51829600;0
SGZH;D;20260213;000000;1.243;1.2995;1.234;1.299;383802300;0
SGZH;D;20260216;000000;1.295;1.306;1.2815;1.2915;179418000;0
SGZH;D;20260217;000000;1.293;1.355;1.2825;1.3465;1015449100;0
SGZH;D;20260218;000000;1.3435;1.3495;1.3125;1.3275;265000700;0
SGZH;D;20260219;000000;1.33;1.3575;1.32;1.328;179146700;0
SGZH;D;20260220;000000;1.328;1.346;1.3215;1.3285;107984600;0
SGZH;D;20260224;000000;1.328;1.3355;1.289;1.299;212708100;0
SGZH;D;20260225;000000;1.3035;1.3115;1.286;1.303;80500400;0
SGZH;D;20260226;000000;1.304;1.3155;1.293;1.2995;50773200;0
SGZH;D;20260227;000000;1.304;1.304;1.2905;1.295;39543500;0
SGZH;D;20260302;000000;1.2985;1.301;1.25;1.2565;163764800;0
SGZH;D;20260303;000000;1.261;1.265;1.243;1.246;65906300;0
SGZH;D;20260304;000000;1.2465;1.2705;1.243;1.2505;89051500;0
SGZH;D;20260305;000000;1.2505;1.2675;1.221;1.228;131528800;0
SGZH;D;20260306;000000;1.228;1.2325;1.215;1.2175;57987700;0
SGZH;D;20260309;000000;1.2175;1.25;1.198;1.249;120089000;0
SGZH;D;20260310;000000;1.2465;1.262;1.228;1.2375;95972100;0
SGZH;D;20260311;000000;1.2375;1.2455;1.227;1.2375;34717500;0
SGZH;D;20260312;000000;1.234;1.2405;1.228;1.238;26355000;0
SGZH;D;20260313;000000;1.233;1.2545;1.233;1.2475;39532400;0
SGZH;D;20260316;000000;1.2495;1.2795;1.2335;1.251;151535100;0
SGZH;D;20260317;000000;1.251;1.2525;1.218;1.228;86297800;0
SGZH;D;20260318;000000;1.225;1.2405;1.206;1.2065;106968000;0
SGZH;D;20260319;000000;1.2065;1.223;1.204;1.217;80219300;0
SGZH;D;20260320;000000;1.2185;1.2335;1.2045;1.2165;91909700;0
SGZH;D;20260323;000000;1.2165;1.2165;1.1825;1.1935;186017200;0
SGZH;D;20260324;000000;1.1935;1.2005;1.1875;1.1905;29922600;0
SGZH;D;20260325;000000;1.1905;1.2015;1.19;1.1975;38170700;0
SGZH;D;20260326;000000;1.1965;1.2015;1.174;1.18;68276300;0
SGZH;D;20260327;000000;1.182;1.182;1.1505;1.155;78604400;0
SGZH;D;20260330;000000;1.1535;1.174;1.1465;1.1615;90541500;0
SGZH;D;20260331;000000;1.165;1.1655;1.15;1.1565;40192500;0
SGZH;D;20260401;000000;1.155;1.19;1.1545;1.1865;80945500;0
SGZH;D;20260402;000000;1.184;1.2435;1.17;1.2195;425936000;0
SGZH;D;20260403;000000;1.22;1.223;1.1915;1.192;128944700;0
SGZH;D;20260406;000000;1.192;1.204;1.184;1.1935;71987000;0
SGZH;D;20260407;000000;1.1995;1.2095;1.185;1.187;73241400;0
SGZH;D;20260408;000000;1.19;1.2135;1.187;1.193;77476000;0
SGZH;D;20260409;000000;1.19;1.198;1.166;1.17;69365400;0
SGZH;D;20260410;000000;1.1685;1.1795;1.15;1.1675;62775200;0
SGZH;D;20260413;000000;1.169;1.1725;1.14;1.1485;97452200;0
SGZH;D;20260414;000000;1.158;1.1645;1.1435;1.151;65546500;0
SGZH;D;20260415;000000;1.157;1.182;1.1465;1.1755;99334600;0
SGZH;D;20260416;000000;1.1745;1.192;1.1225;1.1385;354150200;0
SGZH;D;20260417;000000;1.131;1.144;1.047;1.052;1023794400;0
SGZH;D;20260420;000000;1.0545;1.059;0.9855;0.9905;1000017600;0
SGZH;D;20260421;000000;0.987;1.019;0.9205;0.985;1295965900;0
SGZH;D;20260422;000000;0.985;1.04;0.9645;1.0345;570115400;0
SGZH;D;20260423;000000;1.036;1.0445;1.01;1.0225;259654900;0
SGZH;D;20260424;000000;1.0225;1.035;0.9655;0.9715;525571700;0
SGZH;D;20260427;000000;0.9705;0.99;0.9335;0.9365;337551200;0
SGZH;D;20260428;000000;0.936;0.947;0.883;0.8955;402514200;0
SGZH;D;20260429;000000;0.8955;0.908;0.8515;0.8795;776317900;0
SGZH;D;20260430;000000;0.883;0.894;0.856;0.89;283999900;0
SGZH;D;20260504;000000;0.8905;0.8915;0.8535;0.865;243524300;0
SGZH;D;20260505;000000;0.865;0.8815;0.838;0.8755;193930700;0
SGZH;D;20260506;000000;0.8735;0.887;0.857;0.87;202229300;0
SGZH;D;20260507;000000;0.873;0.8775;0.862;0.868;103292900;0
SGZH;D;20260508;000000;0.868;0.8705;0.8485;0.8635;167064500;0
SGZH;D;20260511;000000;0.88;0.8915;0.868;0.8895;109096700;0
SGZH;D;20260512;000000;0.8895;0.922;0.8805;0.905;283046200;0
SGZH;D;20260513;000000;0.905;0.913;0.891;0.897;112034900;0
SGZH;D;20260514;000000;0.897;0.9065;0.874;0.8785;134571800;0
