<TICKER>;<PER>;<DATE>;<TIME>;<OPEN>;<HIGH>;<LOW>;<CLOSE>;<VOL>;<OPENINT>
SVCB;D;20231215;000000;14.6;14.9;12.33;12.505;235374000;0
SVCB;D;20231218;000000;12.6;13.1;12.55;12.9;122471200;0
SVCB;D;20231219;000000;12.925;13.06;12.55;12.61;40704700;0
SVCB;D;20231220;000000;12.64;12.905;12.55;12.805;30497500;0
SVCB;D;20231221;000000;12.805;13.29;12.71;13.16;52074600;0
SVCB;D;20231222;000000;13.24;13.795;13.16;13.71;55191300;0
SVCB;D;20231225;000000;13.8;14.335;13.31;13.5;53860800;0
SVCB;D;20231226;000000;13.75;13.765;13.4;13.52;16156300;0
SVCB;D;20231227;000000;13.65;13.7;13.505;13.655;15586800;0
SVCB;D;20231228;000000;13.66;13.9;13.5;13.605;28859900;0
SVCB;D;20231229;000000;13.665;13.785;13.6;13.7;9784100;0
SVCB;D;20240103;000000;13.71;14.3;13.71;14.245;15686700;0
SVCB;D;20240104;000000;14.5;14.5;14.045;14.155;9865300;0
SVCB;D;20240105;000000;14.195;14.3;14.05;14.185;6228600;0
SVCB;D;20240108;000000;14.18;14.46;14.135;14.315;13652800;0
SVCB;D;20240109;000000;14.39;14.39;14.105;14.15;12704800;0
SVCB;D;20240110;000000;14.19;14.4;14.135;14.2;20891800;0
SVCB;D;20240111;000000;14.34;14.34;13.7;13.995;24124100;0
SVCB;D;20240112;000000;14;14.08;13.705;13.81;23023400;0
SVCB;D;20240115;000000;13.85;13.96;13.76;13.805;13083600;0
SVCB;D;20240116;000000;13.805;13.86;13.56;13.755;20835400;0
SVCB;D;20240117;000000;13.795;13.9;13.63;13.85;15155000;0
SVCB;D;20240118;000000;13.9;13.9;13.7;13.7;9904100;0
SVCB;D;20240119;000000;13.765;13.78;13.5;13.7;13604100;0
SVCB;D;20240122;000000;13.71;14.045;13.635;13.9;24588100;0
SVCB;D;20240123;000000;14.1;14.95;13.935;14.895;132442400;0
SVCB;D;20240124;000000;14.97;15.59;14.66;14.78;164047600;0
SVCB;D;20240125;000000;14.88;15.19;14.6;14.975;45665400;0
SVCB;D;20240126;000000;15.13;15.34;14.83;14.965;41773600;0
SVCB;D;20240129;000000;15;15.165;14.875;15.05;25012600;0
SVCB;D;20240130;000000;15.105;15.6;15.05;15.28;68644700;0
SVCB;D;20240131;000000;15.42;15.835;15.235;15.465;64351200;0
SVCB;D;20240201;000000;15.56;15.67;15.315;15.34;27503500;0
SVCB;D;20240202;000000;15.34;15.4;15.02;15.3;30495100;0
SVCB;D;20240205;000000;15.37;15.475;15.22;15.405;27669400;0
SVCB;D;20240206;000000;15.445;16.165;15.415;16.065;61259500;0
SVCB;D;20240207;000000;16.07;18.25;16.065;17.69;347733900;0
SVCB;D;20240208;000000;17.795;18.94;17.78;18.06;263518900;0
SVCB;D;20240209;000000;18.3;18.3;17.07;17.355;113769800;0
SVCB;D;20240212;000000;17.4;17.48;16.855;17.21;55526300;0
SVCB;D;20240213;000000;17.25;17.97;17.22;17.8;87905900;0
SVCB;D;20240214;000000;17.9;17.955;17.445;17.54;31862700;0
SVCB;D;20240215;000000;17.585;17.76;17.2;17.51;39025000;0
SVCB;D;20240216;000000;17.6;17.875;17.285;17.48;72599400;0
SVCB;D;20240219;000000;18.575;18.86;17.8;18.85;221001600;0
SVCB;D;20240220;000000;18.865;19.15;17.67;18.25;138571800;0
SVCB;D;20240221;000000;18.2;18.45;17.7;18.19;84738500;0
SVCB;D;20240222;000000;18.2;18.35;18.005;18.17;39798400;0
SVCB;D;20240226;000000;18.3;18.78;18.27;18.645;52137800;0
SVCB;D;20240227;000000;18.76;18.76;18.25;18.475;33259300;0
SVCB;D;20240228;000000;18.525;18.525;18.07;18.285;28203200;0
SVCB;D;20240229;000000;18.32;18.58;18.225;18.475;38746400;0
SVCB;D;20240301;000000;18.475;19.3;18.475;19.28;158723800;0
SVCB;D;20240304;000000;19.385;19.48;18.92;19.17;96795200;0
SVCB;D;20240305;000000;19.2;19.33;18.92;19.28;33942000;0
SVCB;D;20240306;000000;19.35;19.695;19.155;19.565;74222000;0
SVCB;D;20240307;000000;19.62;19.815;19.5;19.59;56524200;0
SVCB;D;20240311;000000;19.695;19.77;18.58;19.4;49216400;0
SVCB;D;20240312;000000;19.45;19.45;18.6;19.215;45409900;0
SVCB;D;20240313;000000;19.265;19.44;19.1;19.175;28328500;0
SVCB;D;20240314;000000;19.18;19.225;18.66;19.03;45681800;0
SVCB;D;20240315;000000;19.225;19.295;18.86;18.97;35708000;0
SVCB;D;20240318;000000;19.06;19.47;18.65;19.32;55892200;0
SVCB;D;20240319;000000;19.3;19.44;18.8;19.06;38955700;0
SVCB;D;20240320;000000;19.125;19.165;18.735;18.865;24715200;0
SVCB;D;20240321;000000;18.95;19.115;18.815;19.1;17555600;0
SVCB;D;20240322;000000;19.155;19.225;18.45;18.79;38661700;0
SVCB;D;20240325;000000;18.77;19;18.655;18.905;21496100;0
SVCB;D;20240326;000000;18.91;19.175;18.88;19.03;17292700;0
SVCB;D;20240327;000000;19.05;19.085;18.77;18.94;12169600;0
SVCB;D;20240328;000000;18.965;18.98;18.81;18.955;13051200;0
SVCB;D;20240329;000000;18.97;19.445;18.97;19.35;47889700;0
SVCB;D;20240401;000000;19.3;20;19.3;19.905;86280800;0
SVCB;D;20240402;000000;19.91;19.95;19.58;19.76;28718100;0
SVCB;D;20240403;000000;19.78;20.3;19.71;20.255;96927200;0
SVCB;D;20240404;000000;20.255;20.26;19.955;20.05;25923800;0
SVCB;D;20240405;000000;20.05;20.17;19.815;19.98;19276900;0
SVCB;D;20240408;000000;20;20.05;19.86;20.01;16881600;0
SVCB;D;20240409;000000;20.02;20.02;19.505;19.685;31837300;0
SVCB;D;20240410;000000;19.695;19.95;19.42;19.545;26101900;0
SVCB;D;20240411;000000;19.58;19.68;19.21;19.285;20254300;0
SVCB;D;20240412;000000;19.285;19.445;19.16;19.23;20158400;0
SVCB;D;20240415;000000;19.3;19.615;19.25;19.41;21926800;0
SVCB;D;20240416;000000;19.455;19.49;19.225;19.27;10446300;0
SVCB;D;20240417;000000;19.37;19.37;19.1;19.145;10991300;0
SVCB;D;20240418;000000;19.12;19.15;18.86;19.08;16485900;0
SVCB;D;20240419;000000;19.1;19.19;18.94;19.165;10629000;0
SVCB;D;20240422;000000;19.17;19.4;19.035;19.125;16949100;0
SVCB;D;20240423;000000;19.185;19.25;18.92;18.985;13243500;0
SVCB;D;20240424;000000;18.99;19.115;18.84;19.035;11485100;0
SVCB;D;20240425;000000;19.055;19.145;18.92;19.07;10165200;0
SVCB;D;20240426;000000;19.07;19.19;19;19.075;12909700;0
SVCB;D;20240427;000000;19.085;19.25;19.045;19.14;11597300;0
SVCB;D;20240429;000000;19.14;19.175;19.015;19.15;5671500;0
SVCB;D;20240430;000000;19.18;19.18;19.02;19.05;5303000;0
SVCB;D;20240502;000000;19.03;19.065;18.875;18.935;6828800;0
SVCB;D;20240503;000000;19;19;18.035;18.61;79383100;0
SVCB;D;20240506;000000;18.515;18.545;18.225;18.265;22266600;0
SVCB;D;20240507;000000;18.265;18.89;18.22;18.65;27636900;0
SVCB;D;20240508;000000;18.8;19.29;18.55;19.24;30784400;0
SVCB;D;20240510;000000;19.235;19.71;19.195;19.695;27182600;0
SVCB;D;20240513;000000;19.9;20.245;19.875;20.2;52600500;0
SVCB;D;20240514;000000;20.34;20.495;19.715;19.8;63717000;0
SVCB;D;20240515;000000;19.795;19.965;19.4;19.82;50192700;0
SVCB;D;20240516;000000;19.38;19.65;18.8;19.36;126112700;0
SVCB;D;20240517;000000;19.36;19.445;19.005;19.24;19859500;0
SVCB;D;20240520;000000;19.3;19.3;18.58;18.825;40621900;0
SVCB;D;20240521;000000;18.99;19.2;18.8;18.975;14972600;0
SVCB;D;20240522;000000;19.03;19.085;18.725;18.85;11257500;0
SVCB;D;20240523;000000;18.995;18.995;18.49;18.74;19598300;0
SVCB;D;20240524;000000;18.655;18.78;18.095;18.22;30363200;0
SVCB;D;20240527;000000;18.22;18.375;17.65;17.935;36127200;0
SVCB;D;20240528;000000;18.09;18.3;17.725;17.975;19116600;0
SVCB;D;20240529;000000;18.03;18.105;17.565;18.065;27444700;0
SVCB;D;20240530;000000;18.105;18.11;17.31;17.42;20742100;0
SVCB;D;20240531;000000;17.43;17.695;16.565;17.06;46494700;0
SVCB;D;20240603;000000;17.06;17.575;16.595;17.55;46890800;0
SVCB;D;20240604;000000;17.61;18.4;17.345;18.305;38365700;0
SVCB;D;20240605;000000;18.315;18.62;17.785;17.85;38290600;0
SVCB;D;20240606;000000;17.845;18.04;17.52;17.76;15151900;0
SVCB;D;20240607;000000;17.84;18.5;17.8;18.24;22270700;0
SVCB;D;20240610;000000;18.2;18.48;17.9;18.055;19900100;0
SVCB;D;20240611;000000;18.06;18.075;17.62;17.845;13646800;0
SVCB;D;20240613;000000;17;18.1;16.38;17.985;25486700;0
SVCB;D;20240614;000000;17.995;18.16;17.825;18.125;12050500;0
SVCB;D;20240617;000000;18.12;18.18;17.72;17.82;9767100;0
SVCB;D;20240618;000000;17.86;17.86;17.33;17.415;16836200;0
SVCB;D;20240619;000000;17.48;17.49;16.65;16.76;29135200;0
SVCB;D;20240620;000000;16.8;17.365;16.765;17.33;17881500;0
SVCB;D;20240621;000000;17.395;17.595;17.11;17.165;9245900;0
SVCB;D;20240624;000000;17;17.085;16.65;16.735;26557800;0
SVCB;D;20240625;000000;16.74;17.115;16.42;17.07;23875300;0
SVCB;D;20240626;000000;17.07;17.3;17.01;17.25;13614200;0
SVCB;D;20240627;000000;17.3;17.3;16.85;16.95;12942200;0
SVCB;D;20240628;000000;16.905;16.965;16.815;16.9;8847600;0
SVCB;D;20240701;000000;16.91;17.1;16.755;16.885;17955600;0
SVCB;D;20240702;000000;16.9;16.93;16.635;16.79;24393400;0
SVCB;D;20240703;000000;16.8;16.845;16.22;16.435;30806300;0
SVCB;D;20240704;000000;16.435;16.74;16.055;16.565;52401400;0
SVCB;D;20240705;000000;16.54;16.8;16.31;16.6;32186200;0
SVCB;D;20240708;000000;15.635;15.995;15.63;15.7;49756100;0
SVCB;D;20240709;000000;15.7;15.7;14.76;15;73776900;0
SVCB;D;20240710;000000;15;15.23;14.015;14.2;58592100;0
SVCB;D;20240711;000000;14.3;15.32;14.2;15.045;129039600;0
SVCB;D;20240712;000000;15.135;15.135;14.17;14.39;77553800;0
SVCB;D;20240715;000000;14.42;14.45;13.68;14.06;96074400;0
SVCB;D;20240716;000000;13.97;14.24;13.75;14.16;68351100;0
SVCB;D;20240717;000000;14.145;14.355;14;14.09;40439800;0
SVCB;D;20240718;000000;14.125;14.88;13.915;14.865;59999200;0
SVCB;D;20240719;000000;14.97;15.53;14.575;15.355;63539000;0
SVCB;D;20240722;000000;15.405;15.79;15.27;15.515;54406700;0
SVCB;D;20240723;000000;15.45;15.55;15.075;15.5;32628000;0
SVCB;D;20240724;000000;15.49;15.545;15.27;15.32;17558900;0
SVCB;D;20240725;000000;15.43;15.665;15.34;15.365;20525700;0
SVCB;D;20240726;000000;15.47;15.7;14.715;14.82;59258600;0
SVCB;D;20240729;000000;14.7;14.79;14.39;14.455;29606500;0
SVCB;D;20240730;000000;14.5;14.935;14.475;14.865;17387600;0
SVCB;D;20240731;000000;14.92;14.975;14.61;14.855;15559800;0
SVCB;D;20240801;000000;14.85;15.065;14.725;14.775;16773100;0
SVCB;D;20240802;000000;14.77;14.795;14.355;14.44;24575100;0
SVCB;D;20240805;000000;14.29;14.325;14;14.145;29967300;0
SVCB;D;20240806;000000;14.3;14.425;14.04;14.17;13021700;0
SVCB;D;20240807;000000;14.195;14.65;14.05;14.65;19829100;0
SVCB;D;20240808;000000;14.66;14.71;14.25;14.375;11095800;0
SVCB;D;20240809;000000;14.375;14.6;14.215;14.4;10120300;0
SVCB;D;20240812;000000;14.45;14.5;14.3;14.445;10572900;0
SVCB;D;20240813;000000;14.42;14.65;14.42;14.595;10882700;0
SVCB;D;20240814;000000;14.575;14.66;14.28;14.315;10960000;0
SVCB;D;20240815;000000;14.3;14.37;14.075;14.185;22333300;0
SVCB;D;20240816;000000;14.175;14.26;14.045;14.06;14828600;0
SVCB;D;20240819;000000;14.08;14.165;13.88;13.98;29555100;0
SVCB;D;20240820;000000;14.005;14.35;13.975;14.135;21621500;0
SVCB;D;20240821;000000;14.14;14.2;13.98;14.01;19780200;0
SVCB;D;20240822;000000;14.005;14.115;13.75;13.9;27553900;0
SVCB;D;20240823;000000;13.88;13.94;13.31;13.665;37411000;0
SVCB;D;20240826;000000;14;14.24;13.535;13.69;39480900;0
SVCB;D;20240827;000000;13.69;13.78;13.25;13.46;22283000;0
SVCB;D;20240828;000000;13.455;13.735;13.325;13.63;21240800;0
SVCB;D;20240829;000000;13.605;13.63;13.25;13.395;19037700;0
SVCB;D;20240830;000000;13.395;13.475;12.855;12.99;21284900;0
SVCB;D;20240902;000000;12.75;12.99;12.53;12.695;26348900;0
SVCB;D;20240903;000000;12.7;13.19;12.56;13.015;19097400;0
SVCB;D;20240904;000000;13.015;13.5;13.01;13.305;30716600;0
SVCB;D;20240905;000000;13.51;13.815;13.2;13.24;28567100;0
SVCB;D;20240906;000000;13.3;13.45;13.005;13.25;12569100;0
SVCB;D;20240909;000000;13.35;13.85;13.34;13.79;25420700;0
SVCB;D;20240910;000000;13.99;14.035;13.45;13.595;23840000;0
SVCB;D;20240911;000000;13.42;13.73;13.01;13.055;34727800;0
SVCB;D;20240912;000000;13.13;13.13;12.7;12.89;38023000;0
SVCB;D;20240913;000000;12.985;13.49;12.7;13.265;39994700;0
SVCB;D;20240916;000000;13.335;13.945;13.14;13.87;41741600;0
SVCB;D;20240917;000000;13.94;14.195;13.73;14.045;30928900;0
SVCB;D;20240918;000000;14.145;14.195;13.8;13.8;13088500;0
SVCB;D;20240919;000000;13.83;14.14;13.75;13.935;16293300;0
SVCB;D;20240920;000000;14;14.2;13.915;14.125;22687500;0
SVCB;D;20240923;000000;14.3;14.65;14.3;14.525;32890100;0
SVCB;D;20240924;000000;14.6;14.6;14.3;14.485;21196400;0
SVCB;D;20240925;000000;14.44;14.55;13.965;13.98;46942700;0
SVCB;D;20240926;000000;13.96;14.1;13.72;13.96;16128600;0
SVCB;D;20240927;000000;14.005;14.05;13.925;14.025;20800400;0
SVCB;D;20240930;000000;14.04;14.18;13.975;13.99;26845200;0
SVCB;D;20241001;000000;13.91;14.065;13.71;13.885;38924800;0
SVCB;D;20241002;000000;13.92;13.97;13.525;13.595;19353200;0
SVCB;D;20241003;000000;13.535;13.99;13.535;13.815;21302900;0
SVCB;D;20241004;000000;13.92;13.99;13.58;13.685;28765600;0
SVCB;D;20241007;000000;13.685;13.77;13.335;13.5;16253000;0
SVCB;D;20241008;000000;13.505;13.68;13.4;13.5;10568000;0
SVCB;D;20241009;000000;13.61;13.61;13.3;13.45;11376800;0
SVCB;D;20241010;000000;13.5;13.63;13.455;13.52;6628900;0
SVCB;D;20241011;000000;13.5;13.585;13.33;13.35;8605600;0
SVCB;D;20241014;000000;13.4;13.72;13.225;13.55;16798900;0
SVCB;D;20241015;000000;13.58;13.645;13.44;13.53;13453200;0
SVCB;D;20241016;000000;13.56;13.69;13.42;13.47;8157100;0
SVCB;D;20241017;000000;13.515;13.675;13.435;13.59;8709400;0
SVCB;D;20241018;000000;13.635;13.64;13.285;13.36;10839000;0
SVCB;D;20241021;000000;13.41;13.44;13.255;13.325;6159700;0
SVCB;D;20241022;000000;13.36;13.42;13.12;13.17;7698600;0
SVCB;D;20241023;000000;13.19;13.2;12.8;12.875;22826800;0
SVCB;D;20241024;000000;12.895;13.045;12.625;12.965;19534700;0
SVCB;D;20241025;000000;12.945;13.005;12.33;12.5;39706200;0
SVCB;D;20241028;000000;12.325;12.925;12.075;12.27;81856900;0
SVCB;D;20241029;000000;12.25;12.73;12.125;12.695;53876600;0
SVCB;D;20241030;000000;12.79;12.94;12.36;12.465;21602700;0
SVCB;D;20241031;000000;12.35;12.545;12.17;12.31;21624600;0
SVCB;D;20241101;000000;12.3;12.45;12.16;12.31;16004400;0
SVCB;D;20241102;000000;12.38;12.385;12.19;12.35;11188000;0
SVCB;D;20241105;000000;12.355;12.75;12.225;12.695;26441200;0
SVCB;D;20241106;000000;12.95;13.19;12.61;12.835;47625800;0
SVCB;D;20241107;000000;12.8;13.09;12.335;13.08;40777600;0
SVCB;D;20241108;000000;13.2;13.31;12.85;13.28;40518600;0
SVCB;D;20241111;000000;13.51;13.795;13.3;13.59;63135800;0
SVCB;D;20241112;000000;13.53;13.785;13.05;13.115;44341600;0
SVCB;D;20241113;000000;13.17;13.4;13.075;13.14;24670000;0
SVCB;D;20241114;000000;13.165;13.33;12.835;13.205;34291900;0
SVCB;D;20241115;000000;12.94;13.68;12.935;13.67;66897900;0
SVCB;D;20241118;000000;13.44;14.325;13.29;14.15;120047700;0
SVCB;D;20241119;000000;14.175;14.245;13.79;14.135;69897300;0
SVCB;D;20241120;000000;14.125;14.33;13.56;13.785;46117800;0
SVCB;D;20241121;000000;13.775;14.2;13.5;14.145;36703800;0
SVCB;D;20241122;000000;14.24;14.25;13.5;13.62;30775900;0
SVCB;D;20241125;000000;13.625;13.785;12.58;12.855;81651600;0
SVCB;D;20241126;000000;12.795;12.98;12.38;12.6;54922300;0
SVCB;D;20241127;000000;12.65;13.14;12.31;13.05;52039100;0
SVCB;D;20241128;000000;13.15;13.15;12.545;12.86;37134300;0
SVCB;D;20241129;000000;12.95;12.95;12.735;12.755;21684500;0
SVCB;D;20241202;000000;12.86;12.985;12.565;12.865;34310900;0
SVCB;D;20241203;000000;12.865;12.865;12.61;12.65;13293400;0
SVCB;D;20241204;000000;12.7;12.8;12.205;12.46;30082800;0
SVCB;D;20241205;000000;12.46;12.9;12.35;12.775;26173400;0
SVCB;D;20241206;000000;12.75;12.81;12.61;12.655;13523100;0
SVCB;D;20241209;000000;12.84;12.84;12.635;12.705;19178100;0
SVCB;D;20241210;000000;12.7;12.705;12.345;12.485;14416200;0
SVCB;D;20241211;000000;12.485;12.54;12.375;12.54;17526900;0
SVCB;D;20241212;000000;12.54;12.615;12.25;12.28;14856700;0
SVCB;D;20241213;000000;12.265;12.365;12.205;12.205;11572500;0
SVCB;D;20241216;000000;12.2;12.3;11.77;11.84;40966500;0
SVCB;D;20241217;000000;11.83;12.785;11.655;12.62;195582700;0
SVCB;D;20241218;000000;12.68;12.985;12.555;12.975;163442000;0
SVCB;D;20241219;000000;12.975;13.2;12.775;13.11;77101700;0
SVCB;D;20241220;000000;13.11;14.44;12.875;14.385;170708300;0
SVCB;D;20241223;000000;14.4;14.815;13.83;14.105;105098200;0
SVCB;D;20241224;000000;14.15;14.165;13.675;13.705;37380700;0
SVCB;D;20241225;000000;13.6;14.16;13.425;13.93;104920400;0
SVCB;D;20241226;000000;13.94;13.995;13.61;13.685;30072600;0
SVCB;D;20241227;000000;13.685;13.915;13.57;13.65;33450500;0
SVCB;D;20241228;000000;13.7;13.975;13.7;13.78;32446600;0
SVCB;D;20241230;000000;13.945;14.28;13.78;14.185;37009600;0
SVCB;D;20250103;000000;14.185;14.185;13.93;14.085;14079700;0
SVCB;D;20250106;000000;13.995;14.055;13.885;14;11269400;0
SVCB;D;20250108;000000;13.99;14.37;13.96;14.32;16476300;0
SVCB;D;20250109;000000;14.38;14.405;13.85;13.93;29588100;0
SVCB;D;20250110;000000;13.94;14.645;13.9;14.515;70402800;0
SVCB;D;20250113;000000;14.6;14.99;14.42;14.565;67421500;0
SVCB;D;20250114;000000;14.45;14.85;14.445;14.8;35427200;0
SVCB;D;20250115;000000;14.8;15.4;14.495;15.395;72681800;0
SVCB;D;20250116;000000;15.395;15.8;15.25;15.35;80566200;0
SVCB;D;20250117;000000;15.37;15.66;15.115;15.3;46046300;0
SVCB;D;20250120;000000;15.6;15.995;14.81;14.965;57003500;0
SVCB;D;20250121;000000;14.965;15.43;14.955;15.325;23780700;0
SVCB;D;20250122;000000;15.33;15.44;15.005;15.095;41724200;0
SVCB;D;20250123;000000;15.08;15.105;14.715;15;39508300;0
SVCB;D;20250124;000000;15;15.075;14.755;15.03;33781500;0
SVCB;D;20250127;000000;15.05;15.175;14.8;14.81;20835200;0
SVCB;D;20250128;000000;14.8;15.26;14.54;15.16;28224300;0
SVCB;D;20250129;000000;15.13;15.44;15.05;15.105;27369600;0
SVCB;D;20250130;000000;15.105;15.385;15.06;15.15;17530800;0
SVCB;D;20250131;000000;15.15;15.295;14.94;14.97;18482600;0
SVCB;D;20250203;000000;15.08;15.08;14.74;14.93;20966500;0
SVCB;D;20250204;000000;14.91;15.05;14.76;14.9;12699300;0
SVCB;D;20250205;000000;14.825;15.175;14.705;15.065;24185600;0
SVCB;D;20250206;000000;15.06;15.295;15.025;15.185;27695700;0
SVCB;D;20250207;000000;15.195;15.3;15.075;15.14;13950300;0
SVCB;D;20250210;000000;15.21;15.58;15.15;15.26;58957700;0
SVCB;D;20250211;000000;15.26;15.79;15.245;15.785;54545900;0
SVCB;D;20250212;000000;15.8;16.54;15.42;16.5;109984700;0
SVCB;D;20250213;000000;16.6;16.89;16.2;16.465;76433800;0
SVCB;D;20250214;000000;16.6;17.1;16;16.245;93239700;0
SVCB;D;20250217;000000;16.615;17.36;16.61;17.35;84978600;0
SVCB;D;20250218;000000;17.4;17.585;16.42;16.86;80458700;0
SVCB;D;20250219;000000;16.915;17.1;16.52;16.975;42116700;0
SVCB;D;20250220;000000;16.99;17.15;16.72;16.86;26262400;0
SVCB;D;20250221;000000;16.95;17.1;16.71;16.895;26313300;0
SVCB;D;20250224;000000;16.895;17.25;16.82;17.19;43475600;0
SVCB;D;20250225;000000;17.195;17.535;17.075;17.24;59042800;0
SVCB;D;20250226;000000;17.255;17.4;16.165;16.46;89236400;0
SVCB;D;20250227;000000;16.46;16.51;15.885;15.915;52710300;0
SVCB;D;20250228;000000;16.2;16.945;15.885;16.625;101673300;0
SVCB;D;20250303;000000;16.65;16.795;15.855;16.44;65756800;0
SVCB;D;20250304;000000;16.5;17.44;16.5;17.25;75596600;0
SVCB;D;20250305;000000;17.245;17.95;16.9;17.53;72289300;0
SVCB;D;20250306;000000;17.57;18.09;17.195;17.4;69170900;0
SVCB;D;20250307;000000;17.475;17.915;16.7;17.7;90780600;0
SVCB;D;20250310;000000;17.7;17.925;17.42;17.51;24032500;0
SVCB;D;20250311;000000;17.54;17.665;17.065;17.385;32347500;0
SVCB;D;20250312;000000;17.43;17.495;16.995;17.275;30298200;0
SVCB;D;20250313;000000;17.3;17.515;16.595;17.195;90506000;0
SVCB;D;20250314;000000;17.02;17.855;16.965;17.775;78176200;0
SVCB;D;20250317;000000;17.78;18.795;17.71;18.715;96402000;0
SVCB;D;20250318;000000;18.715;18.97;18.565;18.665;74447300;0
SVCB;D;20250319;000000;18.67;18.86;18.315;18.84;59020400;0
SVCB;D;20250320;000000;18.8;18.92;18.415;18.72;41046000;0
SVCB;D;20250321;000000;18.56;18.9;18.32;18.565;55477700;0
SVCB;D;20250324;000000;18.46;18.585;18.16;18.305;37850600;0
SVCB;D;20250325;000000;18.305;18.495;17.85;18.37;47401700;0
SVCB;D;20250326;000000;18.37;18.5;17.775;17.965;42035700;0
SVCB;D;20250327;000000;17.95;18.06;16.88;16.915;65791000;0
SVCB;D;20250328;000000;16.94;17.185;16.33;16.69;137342600;0
SVCB;D;20250331;000000;16.8;17.085;16.005;16.97;82406500;0
SVCB;D;20250401;000000;16.97;17.55;16.3;16.365;82900200;0
SVCB;D;20250402;000000;16.36;17.02;16.3;16.745;79325100;0
SVCB;D;20250403;000000;16.92;17;15.915;16.585;83608800;0
SVCB;D;20250404;000000;16.75;16.875;15.325;15.455;107356300;0
SVCB;D;20250407;000000;15.445;16.02;14.615;15.525;160369300;0
SVCB;D;20250408;000000;15.59;16.195;15.43;15.645;75117100;0
SVCB;D;20250409;000000;15.41;16.245;14.56;16.24;167491000;0
SVCB;D;20250410;000000;16.34;16.55;15.75;16.335;71923500;0
SVCB;D;20250411;000000;16.36;16.765;16.215;16.425;45415300;0
SVCB;D;20250414;000000;16.495;16.675;16.025;16.125;42967700;0
SVCB;D;20250415;000000;16.125;16.35;15.77;16.205;38003800;0
SVCB;D;20250416;000000;16.175;16.4;16.005;16.125;33411100;0
SVCB;D;20250417;000000;16.12;16.36;15.945;16.33;31880500;0
SVCB;D;20250418;000000;16.18;16.365;15.75;16.14;39450100;0
SVCB;D;20250421;000000;16.12;16.59;16.12;16.48;24565300;0
SVCB;D;20250422;000000;16.5;17.06;16.435;16.9;51119000;0
SVCB;D;20250423;000000;16.9;16.995;16.295;16.58;41923600;0
SVCB;D;20250424;000000;16.67;16.765;16.48;16.555;28117100;0
SVCB;D;20250425;000000;16.57;16.9;16.51;16.765;42504100;0
SVCB;D;20250428;000000;16.835;16.97;16.4;16.4;49380500;0
SVCB;D;20250429;000000;16.405;16.485;15.495;15.69;58887000;0
SVCB;D;20250430;000000;15.735;15.77;15.13;15.385;43838400;0
SVCB;D;20250502;000000;15.385;15.42;14.855;14.855;23324200;0
SVCB;D;20250505;000000;14.86;15.07;14.43;14.595;35008400;0
SVCB;D;20250506;000000;14.61;14.985;14.43;14.72;34032700;0
SVCB;D;20250507;000000;14.825;14.97;14.635;14.83;19835400;0
SVCB;D;20250508;000000;14.83;15.26;14.82;15.095;15572300;0
SVCB;D;20250512;000000;15.095;15.58;15.07;15.53;34041100;0
SVCB;D;20250513;000000;15.535;15.62;15.24;15.59;21688900;0
SVCB;D;20250514;000000;15.6;16.16;15.5;15.8;67366800;0
SVCB;D;20250515;000000;15.74;16.02;15.4;15.515;55449100;0
SVCB;D;20250516;000000;15.515;16.075;15.32;15.745;66098400;0
SVCB;D;20250519;000000;15.73;16.13;15.365;15.46;69386800;0
SVCB;D;20250520;000000;15.405;15.7;15.32;15.57;29603700;0
SVCB;D;20250521;000000;15.55;15.7;15.355;15.375;20038000;0
SVCB;D;20250522;000000;15.38;15.675;14.92;15.195;46719900;0
SVCB;D;20250523;000000;15.21;15.425;14.96;15.09;32072700;0
SVCB;D;20250526;000000;15.09;15.09;14.23;14.4;56667000;0
SVCB;D;20250527;000000;14.4;14.99;14.06;14.91;54904400;0
SVCB;D;20250528;000000;14.95;15.68;14.92;15.605;49747600;0
SVCB;D;20250529;000000;15.6;15.685;15.25;15.255;28279500;0
SVCB;D;20250530;000000;15.245;15.65;15.16;15.585;27707500;0
SVCB;D;20250602;000000;15.59;15.865;15.005;15.745;45966300;0
SVCB;D;20250603;000000;15.745;16.245;15.74;16.2;46400500;0
SVCB;D;20250604;000000;16.205;16.5;16.05;16.14;51220100;0
SVCB;D;20250605;000000;16.19;16.39;16.1;16.215;24393500;0
SVCB;D;20250606;000000;16.28;17.29;15.45;15.665;122059800;0
SVCB;D;20250609;000000;15.665;15.775;15.15;15.45;36036100;0
SVCB;D;20250610;000000;15.4;15.65;15.22;15.525;26549700;0
SVCB;D;20250611;000000;15.545;15.83;15.46;15.53;23144400;0
SVCB;D;20250613;000000;15.57;15.655;15.35;15.41;10923400;0
SVCB;D;20250616;000000;15.435;15.56;15.29;15.33;25838100;0
SVCB;D;20250617;000000;15.34;15.66;15.25;15.635;24145700;0
SVCB;D;20250618;000000;15.645;15.77;15.53;15.59;17692900;0
SVCB;D;20250619;000000;15.59;16.365;15.515;16.045;96559200;0
SVCB;D;20250620;000000;16.01;16.1;15.695;15.815;30682900;0
SVCB;D;20250623;000000;15.84;15.96;15.38;15.48;35546900;0
SVCB;D;20250624;000000;15.475;15.72;15.395;15.67;31710400;0
SVCB;D;20250625;000000;15.685;15.975;15.62;15.855;20788700;0
SVCB;D;20250626;000000;15.9;16.14;15.79;15.865;37753600;0
SVCB;D;20250627;000000;15.87;16.095;15.79;16.06;30742900;0
SVCB;D;20250630;000000;16.05;16.53;16.03;16.45;74641600;0
SVCB;D;20250701;000000;16.46;16.585;16.35;16.405;38252800;0
SVCB;D;20250702;000000;16.41;16.525;16.185;16.395;35827700;0
SVCB;D;20250703;000000;16.4;16.6;16.16;16.22;29167100;0
SVCB;D;20250704;000000;16.15;16.415;15.97;16.32;33804200;0
SVCB;D;20250707;000000;16.32;16.555;16.1;16.195;34374500;0
SVCB;D;20250708;000000;15.885;16.03;15.525;15.54;33512500;0
SVCB;D;20250709;000000;15.51;15.81;15.2;15.74;37584600;0
SVCB;D;20250710;000000;15.805;15.96;15.69;15.74;19469900;0
SVCB;D;20250711;000000;15.865;15.865;15.125;15.285;38872100;0
SVCB;D;20250714;000000;15.155;16.33;15.075;16.145;64208900;0
SVCB;D;20250715;000000;16.27;16.595;16.12;16.525;51631000;0
SVCB;D;20250716;000000;16.595;17.19;16.33;17.05;73395500;0
SVCB;D;20250717;000000;17.05;17.67;16.635;16.735;66967300;0
SVCB;D;20250718;000000;16.735;17.3;16.725;17.25;39710300;0
SVCB;D;20250721;000000;17.33;17.455;17.045;17.225;32935300;0
SVCB;D;20250722;000000;17.25;17.275;16.82;17.055;39939200;0
SVCB;D;20250723;000000;17.055;17.25;16.905;17.01;45310600;0
SVCB;D;20250724;000000;17.02;17.12;16.8;16.93;24770200;0
SVCB;D;20250725;000000;16.945;17.34;16.68;16.885;69724700;0
SVCB;D;20250728;000000;16.88;16.97;16.15;16.185;43999500;0
SVCB;D;20250729;000000;16.26;16.75;16.19;16.535;33582100;0
SVCB;D;20250730;000000;16.55;16.875;16.49;16.58;34528200;0
SVCB;D;20250731;000000;16.575;17.165;16.455;17.065;77822100;0
SVCB;D;20250801;000000;17.12;17.225;16.5;16.575;50771700;0
SVCB;D;20250804;000000;16.635;17.01;16.58;16.98;26709200;0
SVCB;D;20250805;000000;16.98;17.055;16.78;16.88;28034300;0
SVCB;D;20250806;000000;16.885;17.265;16.72;17.115;51118800;0
SVCB;D;20250807;000000;17.125;17.375;16.94;17.125;61627600;0
SVCB;D;20250808;000000;17.125;17.4;16.885;17.25;38586600;0
SVCB;D;20250811;000000;17.35;17.545;17.005;17.135;71183100;0
SVCB;D;20250812;000000;17.135;17.215;16.51;16.81;88517600;0
SVCB;D;20250813;000000;16.82;16.88;16.335;16.365;62600400;0
SVCB;D;20250814;000000;16.47;16.545;16.09;16.525;68085100;0
SVCB;D;20250815;000000;16.57;16.585;16.12;16.225;106322700;0
SVCB;D;20250818;000000;16.015;16.22;15.74;16.165;78279200;0
SVCB;D;20250819;000000;16.2;16.395;16;16.065;65897500;0
SVCB;D;20250820;000000;16.07;16.17;15.825;15.94;34499100;0
SVCB;D;20250821;000000;15.945;16.005;15.435;15.52;53622500;0
SVCB;D;20250822;000000;15.525;15.79;15.31;15.66;42802800;0
SVCB;D;20250825;000000;15.655;15.795;15.28;15.45;36091200;0
SVCB;D;20250826;000000;15.5;15.665;15.075;15.23;51351900;0
SVCB;D;20250827;000000;15.255;15.35;15.19;15.275;29518800;0
SVCB;D;20250828;000000;15.29;15.335;15.025;15.125;45798500;0
SVCB;D;20250829;000000;15.14;15.265;15.085;15.11;15008200;0
SVCB;D;20250901;000000;15.11;15.495;15.08;15.225;37176300;0
SVCB;D;20250902;000000;15.22;15.255;14.82;15.01;74656500;0
SVCB;D;20250903;000000;15.005;15.125;14.75;15.07;57407400;0
SVCB;D;20250904;000000;15.14;15.14;14.925;15.015;37721500;0
SVCB;D;20250905;000000;15.02;15.07;14.84;14.92;32575400;0
SVCB;D;20250908;000000;14.94;15.275;14.84;15.2;47771100;0
SVCB;D;20250909;000000;15.2;15.41;15.14;15.24;38037700;0
SVCB;D;20250910;000000;15.2;15.26;14.915;14.99;36593500;0
SVCB;D;20250911;000000;15.03;15.07;14.715;14.85;71829600;0
SVCB;D;20250912;000000;14.885;14.93;14.43;14.54;121576000;0
SVCB;D;20250915;000000;14.54;14.555;13.8;14.035;131042400;0
SVCB;D;20250916;000000;14.03;14.135;13.675;13.855;76437800;0
SVCB;D;20250917;000000;13.91;13.935;13.58;13.71;46375300;0
SVCB;D;20250918;000000;13.71;13.785;13.335;13.41;67275900;0
SVCB;D;20250919;000000;13.455;13.62;12.92;12.95;98431900;0
SVCB;D;20250922;000000;13.05;13.5;12.835;13.425;117022400;0
SVCB;D;20250923;000000;13.42;13.475;12.84;12.955;83980300;0
SVCB;D;20250924;000000;12.96;13.295;12.79;13.16;76930600;0
SVCB;D;20250925;000000;13.175;13.315;12.915;13.01;28584500;0
SVCB;D;20250926;000000;13.03;13.09;12.805;12.97;46638600;0
SVCB;D;20250929;000000;13.005;13.12;12.625;12.69;59212300;0
SVCB;D;20250930;000000;12.69;12.78;12.35;12.635;66594500;0
SVCB;D;20251001;000000;12.64;12.76;12.28;12.34;51348800;0
SVCB;D;20251002;000000;12.36;12.68;12.08;12.56;97731400;0
SVCB;D;20251003;000000;12.515;12.785;12.025;12.135;80911500;0
SVCB;D;20251006;000000;12.145;12.555;12.005;12.4;76776400;0
SVCB;D;20251007;000000;12.41;12.69;12.32;12.62;45558300;0
SVCB;D;20251008;000000;12.655;12.68;12.045;12.18;68041500;0
SVCB;D;20251009;000000;12.28;12.525;11.8;12.395;85836600;0
SVCB;D;20251010;000000;12.42;12.45;12.06;12.09;39047800;0
SVCB;D;20251013;000000;12.1;12.275;11.82;12;78301500;0
SVCB;D;20251014;000000;12.04;12.075;11.825;11.94;46443200;0
SVCB;D;20251015;000000;11.97;12.15;11.65;11.9;55993400;0
SVCB;D;20251016;000000;11.945;12.75;11.845;12.74;94168900;0
SVCB;D;20251017;000000;12.765;13.15;12.4;13;101859900;0
SVCB;D;20251020;000000;13.19;13.31;12.65;12.75;80620900;0
SVCB;D;20251021;000000;12.8;12.81;11.95;12.295;95970200;0
SVCB;D;20251022;000000;12.335;12.49;11.95;12.105;56670100;0
SVCB;D;20251023;000000;11.95;12.385;11.8;12.355;82810000;0
SVCB;D;20251024;000000;12.36;12.55;11.96;12.09;99799100;0
SVCB;D;20251027;000000;12.06;12.06;11.77;11.87;71163000;0
SVCB;D;20251028;000000;11.955;12.285;11.84;12.17;65014700;0
SVCB;D;20251029;000000;12.19;12.29;12.095;12.25;29761600;0
SVCB;D;20251030;000000;12.25;12.425;12.175;12.33;43491400;0
SVCB;D;20251031;000000;12.37;12.37;12.12;12.2;31492000;0
SVCB;D;20251101;000000;12.23;12.275;12.15;12.195;9294900;0
SVCB;D;20251103;000000;12.21;12.37;12.2;12.21;14272400;0
SVCB;D;20251105;000000;12.2;12.305;12.1;12.175;38606800;0
SVCB;D;20251106;000000;12.195;12.23;12.07;12.185;24514100;0
SVCB;D;20251107;000000;12.175;12.28;12.14;12.24;27684300;0
SVCB;D;20251110;000000;12.205;12.465;12.195;12.35;64153800;0
SVCB;D;20251111;000000;12.34;12.89;12.33;12.85;107879100;0
SVCB;D;20251112;000000;12.87;12.92;12.585;12.84;67103200;0
SVCB;D;20251113;000000;12.875;13.145;12.815;12.995;75448900;0
SVCB;D;20251114;000000;12.995;13.27;12.465;12.8;259267900;0
SVCB;D;20251117;000000;12.8;12.84;12.57;12.7;63913300;0
SVCB;D;20251118;000000;12.7;13.01;12.665;12.88;110042300;0
SVCB;D;20251119;000000;12.905;13.235;12.815;12.975;102469000;0
SVCB;D;20251120;000000;12.98;13.275;12.88;13.25;76597600;0
SVCB;D;20251121;000000;13.235;13.235;13.015;13.155;65622300;0
SVCB;D;20251124;000000;13.24;13.43;13.03;13.17;67968800;0
SVCB;D;20251125;000000;13.17;13.295;13.105;13.25;48682700;0
SVCB;D;20251126;000000;13.25;13.285;12.975;12.99;30535300;0
SVCB;D;20251127;000000;12.99;13.06;12.52;12.595;59540000;0
SVCB;D;20251128;000000;12.595;13.035;12.595;12.91;50224700;0
SVCB;D;20251201;000000;12.91;13.045;12.735;12.77;50449800;0
SVCB;D;20251202;000000;12.78;12.795;12.6;12.64;33431900;0
SVCB;D;20251203;000000;12.54;12.645;12.32;12.575;43485400;0
SVCB;D;20251204;000000;12.615;12.73;12.565;12.575;28620500;0
SVCB;D;20251205;000000;12.58;12.85;12.575;12.795;47297400;0
SVCB;D;20251208;000000;12.795;12.97;12.68;12.685;46665600;0
SVCB;D;20251209;000000;12.685;12.91;12.545;12.81;45802200;0
SVCB;D;20251210;000000;12.88;12.88;12.7;12.86;24877600;0
SVCB;D;20251211;000000;12.85;12.96;12.81;12.845;76429900;0
SVCB;D;20251212;000000;12.9;12.93;12.6;12.66;63967000;0
SVCB;D;20251215;000000;12.69;12.86;12.65;12.805;50519400;0
SVCB;D;20251216;000000;12.805;13.07;12.805;13.04;55457900;0
SVCB;D;20251217;000000;13.085;13.135;12.82;12.975;76637900;0
SVCB;D;20251218;000000;12.985;13.05;12.755;12.875;67777400;0
SVCB;D;20251219;000000;12.975;13.05;12.7;12.73;111732400;0
SVCB;D;20251222;000000;12.81;12.81;12.5;12.565;53643800;0
SVCB;D;20251223;000000;12.555;12.62;12.46;12.6;34082100;0
SVCB;D;20251224;000000;12.615;12.71;12.445;12.495;61030100;0
SVCB;D;20251225;000000;12.515;12.515;12.3;12.36;51708900;0
SVCB;D;20251226;000000;12.36;12.645;12.35;12.63;52364400;0
SVCB;D;20251229;000000;12.65;12.915;12.465;12.57;110263600;0
SVCB;D;20251230;000000;12.6;12.725;12.56;12.61;33794400;0
SVCB;D;20260105;000000;12.565;12.67;12.48;12.565;18379000;0
SVCB;D;20260106;000000;12.56;12.635;12.445;12.49;24024900;0
SVCB;D;20260108;000000;12.42;12.465;12.355;12.42;15225800;0
SVCB;D;20260109;000000;12.435;12.495;12.38;12.385;10601800;0
SVCB;D;20260112;000000;12.42;12.52;12.38;12.415;26082500;0
SVCB;D;20260113;000000;12.44;12.475;12.3;12.39;30389200;0
SVCB;D;20260114;000000;12.39;12.43;12;12.27;72523300;0
SVCB;D;20260115;000000;12.265;12.345;12.23;12.3;16239900;0
SVCB;D;20260116;000000;12.305;12.55;12.28;12.475;29883900;0
SVCB;D;20260119;000000;12.5;12.655;12.48;12.525;32283200;0
SVCB;D;20260120;000000;12.56;12.73;12.435;12.695;52901900;0
SVCB;D;20260121;000000;12.695;12.825;12.6;12.77;59082500;0
SVCB;D;20260122;000000;12.78;12.89;12.605;12.675;47397200;0
SVCB;D;20260123;000000;12.695;12.76;12.61;12.72;25278900;0
SVCB;D;20260126;000000;12.72;12.745;12.56;12.57;40900600;0
SVCB;D;20260127;000000;12.585;12.71;12.525;12.68;30876900;0
SVCB;D;20260128;000000;12.68;12.735;12.585;12.61;27617900;0
SVCB;D;20260129;000000;12.6;13;12.6;12.855;98634300;0
SVCB;D;20260130;000000;12.9;13.13;12.585;12.595;89055900;0
SVCB;D;20260202;000000;12.6;12.9;12.555;12.8;58519900;0
SVCB;D;20260203;000000;12.8;13.1;12.775;12.92;115299900;0
SVCB;D;20260204;000000;12.9;13.61;12.9;13.295;370935100;0
SVCB;D;20260205;000000;13.345;13.35;13.06;13.18;195950700;0
SVCB;D;20260206;000000;13.185;13.48;13.005;13.065;121033200;0
SVCB;D;20260209;000000;13.065;13.33;13.06;13.205;126056800;0
SVCB;D;20260210;000000;13.21;13.41;13.185;13.23;114397900;0
SVCB;D;20260211;000000;13.26;13.455;13.115;13.33;125472800;0
SVCB;D;20260212;000000;13.345;13.745;13.3;13.59;249968800;0
SVCB;D;20260213;000000;13.65;13.95;13.405;13.895;227395000;0
SVCB;D;20260216;000000;14;14.23;13.825;13.925;163344700;0
SVCB;D;20260217;000000;13.97;14.075;13.805;13.96;64508900;0
SVCB;D;20260218;000000;13.985;14.14;13.785;14.02;92200400;0
SVCB;D;20260219;000000;14.02;14.25;14.005;14.11;77185100;0
SVCB;D;20260220;000000;14.145;14.22;14.03;14.1;72769400;0
SVCB;D;20260224;000000;14.105;14.175;13.87;13.95;77342100;0
SVCB;D;20260225;000000;13.945;13.99;13.825;13.89;47795500;0
SVCB;D;20260226;000000;13.945;14.045;13.875;13.925;53839700;0
SVCB;D;20260227;000000;13.925;13.96;13.64;13.82;61494500;0
SVCB;D;20260302;000000;13.82;13.925;13.625;13.72;108501800;0
SVCB;D;20260303;000000;13.71;13.88;13.65;13.715;63514600;0
SVCB;D;20260304;000000;13.72;13.82;13.49;13.555;59474200;0
SVCB;D;20260305;000000;13.56;13.68;13.505;13.615;37540600;0
SVCB;D;20260306;000000;13.66;13.745;13.435;13.505;54349900;0
SVCB;D;20260309;000000;13.39;13.855;13.125;13.8;61106900;0
SVCB;D;20260310;000000;13.8;13.99;13.65;13.73;80500200;0
SVCB;D;20260311;000000;13.755;13.89;13.48;13.575;62127800;0
SVCB;D;20260312;000000;13.58;13.63;13.455;13.545;45073400;0
SVCB;D;20260313;000000;13.545;13.71;13.32;13.345;110544900;0
SVCB;D;20260316;000000;13.345;13.51;13.34;13.375;67126600;0
SVCB;D;20260317;000000;13.4;13.45;13.315;13.36;29148000;0
SVCB;D;20260318;000000;13.37;13.44;13.26;13.345;60485000;0
SVCB;D;20260319;000000;13.365;13.415;13.165;13.28;55792500;0
SVCB;D;20260320;000000;13.3;13.37;13.12;13.135;59276600;0
SVCB;D;20260323;000000;13.12;13.14;12.82;12.88;76015300;0
SVCB;D;20260324;000000;12.9;12.98;12.75;12.855;62792700;0
SVCB;D;20260325;000000;12.85;12.95;12.75;12.915;46893000;0
SVCB;D;20260326;000000;12.925;12.95;12.785;12.82;40787600;0
SVCB;D;20260327;000000;12.825;12.885;12.6;12.675;60818500;0
SVCB;D;20260330;000000;12.64;12.86;12.61;12.73;64382500;0
SVCB;D;20260331;000000;12.73;12.795;12.62;12.64;25971300;0
SVCB;D;20260401;000000;12.645;12.85;12.485;12.84;70035100;0
SVCB;D;20260402;000000;12.85;12.85;12.67;12.775;34652600;0
SVCB;D;20260403;000000;12.775;12.94;12.685;12.75;95755500;0
SVCB;D;20260406;000000;12.775;12.82;12.61;12.7;76563000;0
SVCB;D;20260407;000000;12.7;12.735;12.43;12.48;59738500;0
SVCB;D;20260408;000000;12.555;12.69;12.49;12.535;45094600;0
SVCB;D;20260409;000000;12.56;12.565;12.265;12.315;67767600;0
SVCB;D;20260410;000000;12.35;12.41;12.175;12.2;48574000;0
SVCB;D;20260413;000000;12.23;12.31;12.08;12.235;45902400;0
SVCB;D;20260414;000000;12.24;12.29;12.1;12.165;30237200;0
SVCB;D;20260415;000000;12.23;12.62;12.155;12.6;70720600;0
SVCB;D;20260416;000000;12.6;12.69;12.375;12.47;64831300;0
SVCB;D;20260417;000000;12.45;12.635;12.41;12.58;42618700;0
SVCB;D;20260420;000000;12.58;12.85;12.525;12.8;57478500;0
SVCB;D;20260421;000000;12.8;12.84;12.61;12.65;26674100;0
SVCB;D;20260422;000000;12.65;12.88;12.63;12.825;34802200;0
SVCB;D;20260423;000000;12.825;12.89;12.7;12.735;35921200;0
SVCB;D;20260424;000000;12.77;12.805;12.3;12.405;77282100;0
SVCB;D;20260427;000000;12.43;12.465;12.25;12.285;32801100;0
SVCB;D;20260428;000000;12.285;12.33;12.11;12.145;30330400;0
SVCB;D;20260429;000000;12.145;12.235;11.825;11.99;70826100;0
SVCB;D;20260430;000000;12;12.13;11.865;11.93;39187900;0
SVCB;D;20260504;000000;11.96;12.095;11.79;11.94;42584600;0
SVCB;D;20260505;000000;11.945;12.2;11.825;12.14;34783400;0
SVCB;D;20260506;000000;12.16;12.19;11.97;12.01;30102000;0
SVCB;D;20260507;000000;12;12.08;11.96;11.995;17654100;0
SVCB;D;20260508;000000;12;12.075;11.9;12.035;18998200;0
SVCB;D;20260511;000000;12.09;12.225;12.055;12.19;16419800;0
SVCB;D;20260512;000000;12.19;12.49;12.14;12.46;35575800;0
