<TICKER>;<PER>;<DATE>;<TIME>;<OPEN>;<HIGH>;<LOW>;<CLOSE>;<VOL>;<OPENINT>
ТКСХолд;D;20191028;0;1186.0;1212.0;1186.0;1206.0;204766;0
ТКСХолд;D;20191029;0;1202.0;1226.0;1200.2;1219.8;68382;0
ТКСХолд;D;20191030;0;1225.0;1227.0;1212.8;1217.0;36691;0
ТКСХолд;D;20191031;0;1221.4;1223.8;1210.2;1216.0;19326;0
ТКСХолд;D;20191101;0;1218.4;1219.0;1212.6;1214.0;16625;0
ТКСХолд;D;20191105;0;1217.8;1220.0;1197.4;1198.0;61347;0
ТКСХолд;D;20191106;0;1209.8;1214.0;1190.0;1208.6;21717;0
ТКСХолд;D;20191107;0;1220.0;1225.8;1201.2;1225.8;38222;0
ТКСХолд;D;20191108;0;1226.2;1251.2;1216.0;1222.8;20250;0
ТКСХолд;D;20191111;0;1229.8;1230.0;1216.2;1222.0;7094;0
ТКСХолд;D;20191112;0;1228.0;1242.0;1223.4;1235.6;27393;0
ТКСХолд;D;20191113;0;1248.6;1248.6;1231.6;1239.4;33644;0
ТКСХолд;D;20191114;0;1248.6;1276.4;1235.2;1261.2;84600;0
ТКСХолд;D;20191115;0;1276.0;1312.4;1249.2;1250.0;33713;0
ТКСХолд;D;20191118;0;1274.8;1275.8;1250.2;1255.0;43925;0
ТКСХолд;D;20191119;0;1274.0;1274.0;1235.6;1241.0;128523;0
ТКСХолд;D;20191120;0;1250.0;1252.0;1215.0;1215.8;126020;0
ТКСХолд;D;20191121;0;1219.8;1221.4;1206.0;1210.8;63452;0
ТКСХолд;D;20191122;0;1219.4;1219.6;1196.4;1202.0;80217;0
ТКСХолд;D;20191125;0;1209.2;1220.2;1200.8;1206.0;52066;0
ТКСХолд;D;20191126;0;1207.2;1212.0;1197.0;1199.4;128226;0
ТКСХолд;D;20191127;0;1208.0;1208.2;1199.8;1203.0;70640;0
ТКСХолд;D;20191128;0;1207.6;1207.6;1191.0;1194.2;117215;0
ТКСХолд;D;20191129;0;1204.6;1205.0;1174.6;1185.8;87847;0
ТКСХолд;D;20191202;0;1177.0;1199.6;1174.8;1176.4;62359;0
ТКСХолд;D;20191203;0;1161.0;1179.8;1130.0;1133.0;127204;0
ТКСХолд;D;20191204;0;1135.0;1140.0;1126.6;1140.0;34008;0
ТКСХолд;D;20191205;0;1144.6;1174.2;1137.2;1167.8;72013;0
ТКСХолд;D;20191206;0;1169.8;1192.0;1167.0;1186.2;125107;0
ТКСХолд;D;20191209;0;1207.8;1230.0;1180.4;1228.4;89712;0
ТКСХолд;D;20191210;0;1230.0;1248.0;1221.0;1238.8;158239;0
ТКСХолд;D;20191211;0;1243.0;1264.8;1219.0;1234.8;102807;0
ТКСХолд;D;20191212;0;1244.0;1245.0;1224.2;1235.0;176037;0
ТКСХолд;D;20191213;0;1249.0;1257.8;1204.4;1257.2;92558;0
ТКСХолд;D;20191216;0;1266.0;1305.0;1251.0;1300.0;244473;0
ТКСХолд;D;20191217;0;1304.8;1314.0;1290.8;1299.6;90448;0
ТКСХолд;D;20191218;0;1308.8;1327.6;1301.4;1322.4;117307;0
ТКСХолд;D;20191219;0;1325.8;1340.0;1317.4;1340.0;200152;0
ТКСХолд;D;20191220;0;1333.8;1333.8;1285.0;1285.6;183508;0
ТКСХолд;D;20191223;0;1285.6;1309.6;1285.6;1304.6;56853;0
ТКСХолд;D;20191224;0;1302.0;1310.0;1300.0;1310.0;42682;0
ТКСХолд;D;20191225;0;1313.0;1346.0;1300.0;1313.8;36177;0
ТКСХолд;D;20191226;0;1301.0;1310.0;1281.0;1305.0;25835;0
ТКСХолд;D;20191227;0;1319.8;1339.0;1295.2;1308.6;65864;0
ТКСХолд;D;20191230;0;1317.0;1335.8;1301.4;1311.2;38121;0
ТКСХолд;D;20200103;0;1317.2;1353.0;1317.2;1332.4;86037;0
ТКСХолд;D;20200106;0;1340.0;1349.4;1312.0;1322.8;54394;0
ТКСХолд;D;20200108;0;1315.2;1350.2;1312.4;1350.2;69111;0
ТКСХолд;D;20200109;0;1350.2;1368.0;1333.8;1366.8;65027;0
ТКСХолд;D;20200110;0;1355.2;1401.0;1355.0;1398.4;73345;0
ТКСХолд;D;20200113;0;1384.6;1434.4;1384.4;1426.4;309449;0
ТКСХолд;D;20200114;0;1440.8;1450.0;1405.2;1426.4;405080;0
ТКСХолд;D;20200115;0;1437.4;1473.2;1414.8;1453.8;439150;0
ТКСХолд;D;20200116;0;1470.0;1490.2;1441.2;1452.0;696392;0
ТКСХолд;D;20200117;0;1451.0;1467.0;1444.4;1465.2;173432;0
ТКСХолд;D;20200120;0;1490.0;1490.0;1451.8;1473.2;171556;0
ТКСХолд;D;20200121;0;1472.0;1472.6;1437.2;1448.0;290698;0
ТКСХолд;D;20200122;0;1460.6;1467.6;1442.8;1444.8;346407;0
ТКСХолд;D;20200123;0;1440.0;1458.4;1420.2;1436.4;335086;0
ТКСХолд;D;20200124;0;1438.4;1467.8;1426.2;1437.4;247016;0
ТКСХолд;D;20200127;0;1427.6;1439.2;1386.0;1399.2;249092;0
ТКСХолд;D;20200128;0;1391.2;1456.6;1391.2;1450.0;185645;0
ТКСХолд;D;20200129;0;1473.2;1476.8;1428.4;1468.0;230034;0
ТКСХолд;D;20200130;0;1477.6;1487.2;1444.0;1486.2;50912;0
ТКСХолд;D;20200131;0;1490.0;1527.8;1470.0;1515.0;91160;0
ТКСХолд;D;20200203;0;1520.4;1565.0;1484.2;1545.0;198887;0
ТКСХолд;D;20200204;0;1567.0;1616.8;1545.4;1590.4;215604;0
ТКСХолд;D;20200205;0;1609.6;1656.6;1592.6;1635.2;356181;0
ТКСХолд;D;20200206;0;1660.0;1676.8;1632.4;1645.2;218745;0
ТКСХолд;D;20200207;0;1650.0;1670.0;1638.8;1662.0;139804;0
ТКСХолд;D;20200210;0;1673.6;1699.8;1661.0;1670.6;176483;0
ТКСХолд;D;20200211;0;1690.0;1698.0;1654.2;1684.8;182803;0
ТКСХолд;D;20200212;0;1699.6;1699.6;1648.0;1671.6;95963;0
ТКСХолд;D;20200213;0;1671.0;1680.0;1652.2;1657.8;72840;0
ТКСХолд;D;20200214;0;1665.8;1673.6;1615.2;1650.0;89670;0
ТКСХолд;D;20200217;0;1638.8;1639.4;1600.0;1610.2;128859;0
ТКСХолд;D;20200218;0;1601.0;1636.0;1590.2;1604.0;89952;0
ТКСХолд;D;20200219;0;1615.8;1624.8;1600.2;1624.8;54883;0
ТКСХолд;D;20200220;0;1628.0;1663.8;1619.2;1644.4;89189;0
ТКСХолд;D;20200221;0;1641.8;1659.0;1611.2;1631.6;72203;0
ТКСХолд;D;20200225;0;1580.0;1614.8;1551.0;1590.6;151916;0
ТКСХолд;D;20200226;0;1567.0;1602.0;1511.2;1595.2;343060;0
ТКСХолд;D;20200227;0;1573.0;1615.8;1530.0;1551.0;190779;0
ТКСХолд;D;20200228;0;1500.0;1530.0;1361.0;1474.2;416136;0
ТКСХолд;D;20200302;0;1448.6;1514.2;1371.0;1437.4;459641;0
ТКСХолд;D;20200303;0;1420.0;1441.6;1375.0;1419.6;244012;0
ТКСХолд;D;20200304;0;1401.4;1462.4;1345.8;1454.4;203070;0
ТКСХолд;D;20200305;0;1524.0;1524.0;1432.2;1482.0;197018;0
ТКСХолд;D;20200306;0;1400.4;1427.2;1053.4;1116.6;899771;0
ТКСХолд;D;20200310;0;1005.0;1220.2;952.0;1131.0;626347;0
ТКСХолд;D;20200311;0;1157.8;1250.0;1125.0;1167.2;846021;0
ТКСХолд;D;20200312;0;1083.0;1145.4;960.6;960.6;593342;0
ТКСХолд;D;20200313;0;989.0;1088.0;910.4;1045.0;458034;0
ТКСХолд;D;20200316;0;1017.2;1057.0;956.0;1010.8;428438;0
ТКСХолд;D;20200317;0;1000.2;1029.0;920.0;934.6;307974;0
ТКСХолд;D;20200318;0;939.8;939.8;851.4;873.8;469827;0
ТКСХолд;D;20200319;0;894.0;945.0;810.0;934.0;426633;0
ТКСХолд;D;20200320;0;980.4;1021.6;958.0;987.0;333010;0
ТКСХолд;D;20200323;0;945.0;966.0;890.4;924.2;432353;0
ТКСХолд;D;20200324;0;972.0;1010.0;934.6;951.6;302922;0
ТКСХолд;D;20200325;0;996.0;1030.0;936.2;960.4;406139;0
ТКСХолд;D;20200326;0;955.0;975.0;913.6;940.0;343304;0
ТКСХолд;D;20200327;0;939.0;970.0;882.0;882.0;202418;0
ТКСХолд;D;20200330;0;882.0;882.0;824.4;831.8;597948;0
ТКСХолд;D;20200331;0;855.0;918.0;835.0;900.0;767225;0
ТКСХолд;D;20200401;0;878.0;898.8;860.0;860.8;364092;0
ТКСХолд;D;20200402;0;879.0;886.0;818.0;835.0;912607;0
ТКСХолд;D;20200403;0;840.0;868.6;830.2;862.0;593020;0
ТКСХолд;D;20200406;0;870.2;958.6;864.6;950.0;845462;0
ТКСХолд;D;20200407;0;969.0;1038.0;938.6;956.2;1516143;0
ТКСХолд;D;20200408;0;940.4;967.0;915.0;959.0;862195;0
ТКСХолд;D;20200409;0;980.0;1002.0;920.0;931.0;1026030;0
ТКСХолд;D;20200410;0;939.0;941.8;916.0;940.6;230704;0
ТКСХолд;D;20200413;0;936.0;945.6;909.8;912.4;354295;0
ТКСХолд;D;20200414;0;925.0;955.0;919.2;940.0;606793;0
ТКСХолд;D;20200415;0;941.4;948.8;908.2;913.2;483466;0
ТКСХолд;D;20200416;0;930.0;930.0;891.0;891.0;576379;0
ТКСХолд;D;20200417;0;915.0;922.8;877.8;895.0;504347;0
ТКСХолд;D;20200420;0;904.0;905.0;865.0;875.0;373138;0
ТКСХолд;D;20200421;0;861.0;867.0;830.0;843.0;828529;0
ТКСХолд;D;20200422;0;836.2;860.6;833.2;858.0;491983;0
ТКСХолд;D;20200423;0;869.0;882.2;851.2;875.0;778283;0
ТКСХолд;D;20200424;0;856.2;927.4;854.6;904.0;712358;0
ТКСХолд;D;20200427;0;930.8;946.0;874.2;940.0;689191;0
ТКСХолд;D;20200428;0;940.0;1004.6;936.0;999.0;1033898;0
ТКСХолд;D;20200429;0;1000.2;1031.8;989.6;1025.0;672313;0
ТКСХолд;D;20200430;0;1034.8;1037.8;987.0;1025.0;659980;0
ТКСХолд;D;20200504;0;1006.0;1025.4;994.8;1020.0;287281;0
ТКСХолд;D;20200505;0;1030.0;1037.8;1013.4;1024.0;160671;0
ТКСХолд;D;20200506;0;1029.6;1038.8;1011.2;1014.8;204169;0
ТКСХолд;D;20200507;0;1017.6;1048.8;1013.2;1036.6;333710;0
ТКСХолд;D;20200508;0;1049.6;1049.6;1027.0;1038.4;146973;0
ТКСХолд;D;20200512;0;1044.6;1048.6;1025.4;1043.0;234467;0
ТКСХолд;D;20200513;0;1043.2;1071.8;1009.0;1040.8;664417;0
ТКСХолд;D;20200514;0;1047.8;1064.2;1030.0;1049.6;406746;0
ТКСХолд;D;20200515;0;1084.0;1084.6;1050.2;1070.0;407596;0
ТКСХолд;D;20200518;0;1080.0;1092.4;1073.0;1082.0;447591;0
ТКСХолд;D;20200519;0;1090.0;1102.8;1065.6;1102.8;396642;0
ТКСХолд;D;20200520;0;1108.4;1150.6;1092.0;1144.2;472120;0
ТКСХолд;D;20200521;0;1147.6;1178.6;1133.2;1167.2;588043;0
ТКСХолд;D;20200522;0;1154.2;1186.4;1137.0;1184.6;356580;0
ТКСХолд;D;20200525;0;1199.0;1232.2;1184.8;1213.4;281298;0
ТКСХолд;D;20200526;0;1226.0;1231.0;1201.0;1221.2;422163;0
ТКСХолд;D;20200527;0;1222.0;1277.8;1211.0;1245.8;493563;0
ТКСХолд;D;20200528;0;1249.8;1293.8;1249.8;1273.2;600488;0
ТКСХолд;D;20200529;0;1273.0;1279.8;1202.2;1253.0;2331135;0
ТКСХолд;D;20200601;0;1259.8;1268.6;1186.0;1203.8;434552;0
ТКСХолд;D;20200602;0;1212.0;1261.2;1176.0;1258.6;469751;0
ТКСХолд;D;20200603;0;1259.0;1276.8;1231.0;1235.6;343385;0
ТКСХолд;D;20200604;0;1242.8;1250.0;1209.0;1215.0;278034;0
ТКСХолд;D;20200605;0;1217.0;1229.0;1206.0;1222.4;158484;0
ТКСХолд;D;20200608;0;1230.0;1262.4;1216.4;1246.8;268503;0
ТКСХолд;D;20200609;0;1256.0;1259.4;1180.0;1214.0;336128;0
ТКСХолд;D;20200610;0;1205.2;1224.0;1191.0;1211.2;156397;0
ТКСХолд;D;20200611;0;1197.6;1212.8;1172.2;1205.0;237636;0
ТКСХолд;D;20200615;0;1180.2;1278.8;1139.8;1250.0;347982;0
ТКСХолд;D;20200616;0;1239.2;1330.0;1235.4;1312.8;737100;0
ТКСХолд;D;20200617;0;1319.6;1328.0;1296.4;1309.6;205312;0
ТКСХолд;D;20200618;0;1308.2;1336.8;1306.0;1335.0;201518;0
ТКСХолд;D;20200619;0;1344.0;1355.2;1329.6;1335.4;106126;0
ТКСХолд;D;20200622;0;1336.0;1378.4;1250.0;1371.8;263697;0
ТКСХолд;D;20200623;0;1380.0;1456.8;1374.0;1436.2;394282;0
ТКСХолд;D;20200625;0;1420.0;1476.4;1410.4;1457.4;328283;0
ТКСХолд;D;20200626;0;1457.6;1507.8;1453.0;1462.2;249767;0
ТКСХолд;D;20200629;0;1450.0;1479.0;1413.6;1458.0;285584;0
ТКСХолд;D;20200630;0;1469.8;1488.8;1407.6;1437.6;270579;0
ТКСХолд;D;20200702;0;1440.2;1447.2;1402.0;1447.0;163773;0
ТКСХолд;D;20200703;0;1426.2;1472.6;1426.2;1456.0;74890;0
ТКСХолд;D;20200706;0;1481.0;1515.0;1456.0;1503.8;171618;0
ТКСХолд;D;20200707;0;1480.4;1516.8;1480.4;1490.0;121231;0
ТКСХолд;D;20200708;0;1472.0;1496.4;1436.0;1460.0;74077;0
ТКСХолд;D;20200709;0;1463.0;1489.0;1452.2;1470.2;68821;0
ТКСХолд;D;20200710;0;1460.2;1507.8;1445.0;1504.4;116213;0
ТКСХолд;D;20200713;0;1509.8;1551.2;1500.0;1540.6;128373;0
ТКСХолд;D;20200714;0;1522.6;1554.8;1508.0;1531.6;154324;0
ТКСХолд;D;20200715;0;1543.0;1585.0;1536.2;1583.0;108763;0
ТКСХолд;D;20200716;0;1583.0;1617.0;1570.4;1615.8;105260;0
ТКСХолд;D;20200717;0;1625.0;1682.6;1605.2;1655.8;219808;0
ТКСХолд;D;20200720;0;1664.8;1672.0;1632.2;1661.2;131531;0
ТКСХолд;D;20200721;0;1650.2;1750.0;1640.0;1722.6;186237;0
ТКСХолд;D;20200722;0;1729.8;1785.0;1724.4;1770.0;181469;0
ТКСХолд;D;20200723;0;1793.6;1794.0;1706.8;1756.0;233967;0
ТКСХолд;D;20200724;0;1721.2;1782.0;1711.8;1775.8;100444;0
ТКСХолд;D;20200727;0;1787.6;1845.4;1752.2;1832.0;200883;0
ТКСХолд;D;20200728;0;1832.0;1909.6;1800.8;1804.6;330977;0
ТКСХолд;D;20200729;0;1808.0;1844.0;1794.0;1818.0;187618;0
ТКСХолд;D;20200730;0;1820.0;1828.4;1725.0;1778.2;186550;0
ТКСХолд;D;20200731;0;1779.8;1875.0;1770.4;1870.0;188415;0
ТКСХолд;D;20200803;0;1897.0;1904.2;1840.2;1879.2;250541;0
ТКСХолд;D;20200804;0;1889.6;1893.8;1875.0;1884.0;81895;0
ТКСХолд;D;20200805;0;1876.8;1952.8;1867.2;1951.4;162774;0
ТКСХолд;D;20200806;0;1952.0;1996.2;1904.6;1943.2;282191;0
ТКСХолд;D;20200807;0;1964.0;1964.0;1905.2;1919.0;126159;0
ТКСХолд;D;20200810;0;1937.0;1944.2;1801.0;1856.2;377351;0
ТКСХолд;D;20200811;0;1878.0;1888.0;1790.0;1800.0;278374;0
ТКСХолд;D;20200812;0;1804.0;1848.8;1757.0;1824.0;227309;0
ТКСХолд;D;20200813;0;1818.0;1818.0;1751.0;1770.0;268708;0
ТКСХолд;D;20200814;0;1751.4;1762.2;1690.8;1720.6;316806;0
ТКСХолд;D;20200817;0;1703.2;1799.0;1702.4;1788.4;419867;0
ТКСХолд;D;20200818;0;1828.6;1834.6;1750.0;1771.2;151717;0
ТКСХолд;D;20200819;0;1770.2;1855.0;1751.6;1804.0;338530;0
ТКСХолд;D;20200820;0;1819.0;1845.0;1776.6;1824.0;268414;0
ТКСХолд;D;20200821;0;1827.6;1900.0;1824.6;1892.0;264750;0
ТКСХолд;D;20200824;0;1895.2;1930.0;1883.4;1922.8;122726;0
ТКСХолд;D;20200825;0;1923.2;2000.0;1923.2;2000.0;212775;0
ТКСХолд;D;20200826;0;2040.0;2050.0;1960.8;1981.2;200738;0
ТКСХолд;D;20200827;0;1984.8;1989.2;1870.0;1895.0;256446;0
ТКСХолд;D;20200828;0;1930.0;1930.0;1821.0;1876.0;194643;0
ТКСХолд;D;20200831;0;1884.4;1950.4;1851.6;1893.4;266457;0
ТКСХолд;D;20200901;0;1878.0;1878.0;1795.6;1815.2;335861;0
ТКСХолд;D;20200902;0;1807.4;1869.6;1773.0;1835.8;237293;0
ТКСХолд;D;20200903;0;1848.8;1866.0;1781.0;1788.0;233134;0
ТКСХолд;D;20200904;0;1770.2;1820.0;1721.4;1800.0;181159;0
ТКСХолд;D;20200907;0;1793.2;1905.4;1774.0;1888.2;246357;0
ТКСХолд;D;20200908;0;1900.0;1919.8;1804.0;1845.0;292786;0
ТКСХолд;D;20200909;0;1830.0;1858.4;1800.0;1821.6;212699;0
ТКСХолд;D;20200910;0;1827.2;1859.6;1812.4;1839.4;93633;0
ТКСХолд;D;20200911;0;1840.2;1859.8;1803.6;1821.0;140816;0
ТКСХолд;D;20200914;0;1840.0;1857.0;1792.4;1830.6;127884;0
ТКСХолд;D;20200915;0;1841.0;1925.0;1831.4;1916.8;272940;0
ТКСХолд;D;20200916;0;1946.8;1988.0;1907.8;1968.0;266106;0
ТКСХолд;D;20200917;0;1967.8;1997.6;1818.0;1963.2;329483;0
ТКСХолд;D;20200918;0;1974.4;2014.0;1922.0;1962.2;237495;0
ТКСХолд;D;20200921;0;1938.0;1995.0;1910.0;1954.2;278395;0
ТКСХолд;D;20200922;0;1937.4;2195.0;1937.4;2165.0;850641;0
ТКСХолд;D;20200923;0;2163.4;2165.0;2058.4;2083.2;1375588;0
ТКСХолд;D;20200924;0;2105.0;2117.4;2014.4;2026.0;425486;0
ТКСХолд;D;20200925;0;2049.0;2055.0;1965.6;2028.4;463631;0
ТКСХолд;D;20200928;0;2028.4;2085.0;2015.8;2070.0;307087;0
ТКСХолд;D;20200929;0;2083.8;2088.2;2036.0;2074.2;130266;0
ТКСХолд;D;20200930;0;2068.0;2068.0;2023.2;2045.2;171049;0
ТКСХолд;D;20201001;0;2078.8;2078.8;1985.4;2006.0;247031;0
ТКСХолд;D;20201002;0;1999.8;2030.0;1986.8;2011.0;97384;0
ТКСХолд;D;20201005;0;2002.2;2099.6;1981.2;2004.8;98484;0
ТКСХолд;D;20201006;0;2010.0;2041.0;1980.0;1985.0;171074;0
ТКСХолд;D;20201007;0;2004.0;2005.0;1945.0;1955.8;135644;0
ТКСХолд;D;20201008;0;1950.2;1959.0;1924.8;1929.0;206243;0
ТКСХолд;D;20201009;0;1926.0;2002.0;1910.0;1985.8;236690;0
ТКСХолд;D;20201012;0;1980.2;2019.0;1871.8;1898.0;698847;0
ТКСХолд;D;20201013;0;1881.2;1909.4;1840.6;1856.4;407629;0
ТКСХолд;D;20201014;0;1860.2;1957.0;1830.2;1905.4;498797;0
ТКСХолд;D;20201015;0;1931.0;1931.0;1850.2;1888.6;198501;0
ТКСХолд;D;20201016;0;1874.0;1878.2;1754.8;1827.6;691202;0
ТКСХолд;D;20201019;0;1800.0;1839.4;1750.0;1766.6;261575;0
ТКСХолд;D;20201020;0;1750.8;1835.2;1653.0;1702.0;609793;0
ТКСХолд;D;20201021;0;1686.0;1757.0;1680.4;1739.8;373033;0
ТКСХолд;D;20201022;0;1739.8;1812.0;1710.4;1805.4;332212;0
ТКСХолд;D;20201023;0;1800.0;1838.2;1791.2;1821.8;136990;0
ТКСХолд;D;20201026;0;1821.8;1898.0;1796.2;1877.8;491179;0
ТКСХолд;D;20201027;0;1858.2;2000.0;1839.2;1965.0;584308;0
ТКСХолд;D;20201028;0;1954.0;2050.0;1859.0;1937.0;1022618;0
ТКСХолд;D;20201029;0;1929.2;1984.8;1851.0;1891.0;234705;0
ТКСХолд;D;20201030;0;1874.6;1899.8;1807.0;1872.2;165713;0
ТКСХолд;D;20201102;0;1872.2;1980.0;1834.2;1946.6;236386;0
ТКСХолд;D;20201103;0;1948.2;2021.0;1935.0;1989.2;209593;0
ТКСХолд;D;20201105;0;2020.0;2125.6;2010.0;2088.2;493261;0
ТКСХолд;D;20201106;0;2080.0;2174.8;2050.8;2144.8;268027;0
ТКСХолд;D;20201109;0;2165.0;2220.2;2111.0;2136.0;356031;0
ТКСХолд;D;20201110;0;2100.4;2172.4;2100.4;2158.4;271356;0
ТКСХолд;D;20201111;0;2082.4;2297.6;2070.0;2279.0;430707;0
ТКСХолд;D;20201112;0;2290.0;2366.0;2210.0;2246.8;320277;0
ТКСХолд;D;20201113;0;2256.0;2338.0;2252.6;2337.6;248073;0
ТКСХолд;D;20201116;0;2350.0;2462.2;2273.8;2299.8;308317;0
ТКСХолд;D;20201117;0;2300.0;2363.0;2252.0;2284.4;213569;0
ТКСХолд;D;20201118;0;2293.8;2331.8;2265.0;2300.0;233019;0
ТКСХолд;D;20201119;0;2323.0;2330.0;2260.0;2261.0;136974;0
ТКСХолд;D;20201120;0;2260.0;2285.0;2226.2;2263.0;99041;0
ТКСХолд;D;20201123;0;2257.0;2291.6;2165.0;2219.4;292737;0
ТКСХолд;D;20201124;0;2185.0;2215.0;2170.0;2201.2;156178;0
ТКСХолд;D;20201125;0;2212.6;2344.6;2174.0;2304.6;3141133;0
ТКСХолд;D;20201126;0;2300.0;2304.4;2202.8;2244.0;197585;0
ТКСХолд;D;20201127;0;2227.4;2319.6;2227.4;2289.8;208555;0
ТКСХолд;D;20201130;0;2289.8;2361.2;2270.0;2360.0;326697;0
ТКСХолд;D;20201201;0;2376.0;2395.2;2321.6;2373.0;164095;0
ТКСХолд;D;20201202;0;2390.0;2489.0;2360.2;2445.8;218231;0
ТКСХолд;D;20201203;0;2465.0;2473.2;2351.0;2368.2;329055;0
ТКСХолд;D;20201204;0;2360.0;2447.6;2325.0;2440.0;152337;0
ТКСХолд;D;20201207;0;2414.0;2451.0;2370.8;2387.0;185701;0
ТКСХолд;D;20201208;0;2410.0;2410.0;2311.4;2357.0;167946;0
ТКСХолд;D;20201209;0;2360.0;2503.6;2339.2;2456.6;282901;0
ТКСХолд;D;20201210;0;2441.0;2493.8;2244.0;2271.6;457351;0
ТКСХолд;D;20201211;0;2297.0;2359.2;2235.4;2268.0;990735;0
ТКСХолд;D;20201214;0;2297.8;2330.0;2273.8;2308.4;303828;0
ТКСХолд;D;20201215;0;2300.2;2398.6;2270.0;2383.8;248323;0
ТКСХолд;D;20201216;0;2380.0;2448.4;2351.4;2423.0;280476;0
ТКСХолд;D;20201217;0;2430.0;2479.0;2401.0;2446.0;346309;0
ТКСХолд;D;20201218;0;2469.8;2469.8;2370.2;2430.0;223748;0
ТКСХолд;D;20201221;0;2444.6;2451.8;2310.0;2382.2;296825;0
ТКСХолд;D;20201222;0;2359.6;2420.0;2334.2;2376.4;180415;0
ТКСХолд;D;20201223;0;2398.4;2398.4;2343.2;2366.4;73359;0
ТКСХолд;D;20201224;0;2396.8;2396.8;2345.0;2355.0;65552;0
ТКСХолд;D;20201225;0;2354.0;2362.6;2325.2;2343.2;61527;0
ТКСХолд;D;20201228;0;2335.4;2370.0;2330.4;2365.2;90226;0
ТКСХолд;D;20201229;0;2373.2;2399.0;2332.6;2360.2;136640;0
ТКСХолд;D;20201230;0;2357.6;2406.0;2342.0;2360.4;150439;0
ТКСХолд;D;20210104;0;2395.2;2515.8;2376.2;2473.0;301689;0
ТКСХолд;D;20210105;0;2461.4;2514.0;2420.4;2454.0;229716;0
ТКСХолд;D;20210106;0;2429.0;2499.0;2425.0;2469.8;213360;0
ТКСХолд;D;20210108;0;2598.8;2954.8;2566.0;2925.0;796303;0
ТКСХолд;D;20210111;0;2900.0;3112.0;2855.2;2970.0;757138;0
ТКСХолд;D;20210112;0;3025.0;3025.0;2808.0;2912.2;426580;0
ТКСХолд;D;20210113;0;2919.8;2955.4;2844.8;2882.0;168401;0
ТКСХолд;D;20210114;0;2880.0;3048.0;2858.4;3008.2;331592;0
ТКСХолд;D;20210115;0;3005.0;3384.8;2980.6;3250.0;682276;0
ТКСХолд;D;20210118;0;3290.0;3564.0;3165.8;3449.8;912013;0
ТКСХолд;D;20210119;0;3456.6;3511.6;3203.0;3256.2;740127;0
ТКСХолд;D;20210120;0;3278.8;3367.0;3106.0;3171.4;952170;0
ТКСХолд;D;20210121;0;3170.0;3170.0;2935.0;3000.0;803687;0
ТКСХолд;D;20210122;0;2999.4;3105.0;2942.0;3065.0;543634;0
ТКСХолд;D;20210125;0;3088.4;3189.6;3012.0;3112.0;605314;0
ТКСХолд;D;20210126;0;3124.6;3140.0;3013.8;3049.8;573143;0
ТКСХолд;D;20210127;0;3051.0;3074.4;2952.0;3023.4;333554;0
ТКСХолд;D;20210128;0;2990.2;3085.2;2884.6;3053.2;329560;0
ТКСХолд;D;20210129;0;3031.0;3145.0;3014.0;3090.8;438635;0
ТКСХолд;D;20210201;0;3090.6;3255.0;3060.2;3243.0;401945;0
ТКСХолд;D;20210202;0;3275.0;3304.6;3170.0;3223.6;297594;0
ТКСХолд;D;20210203;0;3225.0;3248.4;3194.6;3223.4;167584;0
ТКСХолд;D;20210204;0;3230.0;3250.0;3137.0;3199.2;256409;0
ТКСХолд;D;20210205;0;3208.0;3278.6;3174.0;3254.8;252349;0
ТКСХолд;D;20210208;0;3260.2;3409.6;3260.0;3400.0;394465;0
ТКСХолд;D;20210209;0;3429.6;3495.0;3300.2;3474.6;671002;0
ТКСХолд;D;20210210;0;3576.2;3691.0;3511.0;3594.6;1678973;0
ТКСХолд;D;20210211;0;3626.0;3628.0;3503.8;3530.6;495260;0
ТКСХолд;D;20210212;0;3492.8;3560.0;3458.8;3559.0;453712;0
ТКСХолд;D;20210215;0;3618.0;3674.8;3495.0;3598.0;638080;0
ТКСХолд;D;20210216;0;3599.8;3776.0;3543.2;3758.4;603436;0
ТКСХолд;D;20210217;0;3784.0;3973.0;3740.0;3900.0;1074578;0
ТКСХолд;D;20210218;0;3875.2;3995.0;3794.0;3841.0;1044965;0
ТКСХолд;D;20210219;0;3850.0;4094.8;3776.0;4060.0;1045897;0
ТКСХолд;D;20210220;0;4106.6;4256.8;4060.0;4249.0;236176;0
ТКСХолд;D;20210222;0;4274.0;4433.2;4063.8;4192.0;1596665;0
ТКСХолд;D;20210224;0;4095.0;4095.0;3722.2;3825.0;1692143;0
ТКСХолд;D;20210225;0;3824.8;3970.2;3766.0;3899.8;1231953;0
ТКСХолд;D;20210226;0;3860.0;4030.0;3742.4;3857.0;6949597;0
ТКСХолд;D;20210301;0;3900.0;3930.0;3800.0;3888.0;341812;0
ТКСХолд;D;20210302;0;3888.0;3949.0;3800.2;3828.0;424858;0
ТКСХолд;D;20210303;0;3830.0;3876.0;3801.2;3820.8;452717;0
ТКСХолд;D;20210304;0;3821.0;3846.2;3636.0;3710.0;527189;0
ТКСХолд;D;20210305;0;3741.2;3911.8;3682.8;3805.0;443575;0
ТКСХолд;D;20210309;0;3760.0;3857.8;3676.4;3747.8;460268;0
ТКСХолд;D;20210310;0;3773.8;3879.2;3710.2;3755.4;426092;0
ТКСХолд;D;20210311;0;3780.0;3945.0;3615.8;3908.2;565411;0
ТКСХолд;D;20210312;0;3920.0;4342.2;3860.0;4309.8;845970;0
ТКСХолд;D;20210315;0;4415.0;4444.8;4251.0;4317.4;569061;0
ТКСХолд;D;20210316;0;4339.0;4625.0;4275.2;4513.6;809960;0
ТКСХолд;D;20210317;0;4553.0;4595.4;4380.4;4494.0;447204;0
ТКСХолд;D;20210318;0;4493.8;4559.4;4252.8;4280.2;449118;0
ТКСХолд;D;20210319;0;4299.8;4342.2;4201.0;4312.0;283645;0
ТКСХолд;D;20210322;0;4328.8;4460.0;4250.0;4425.0;178035;0
ТКСХолд;D;20210323;0;4448.0;4448.0;4241.4;4269.4;200455;0
ТКСХолд;D;20210324;0;4260.0;4360.0;4240.0;4289.6;197677;0
ТКСХолд;D;20210325;0;4265.0;4360.6;4262.6;4339.8;109604;0
ТКСХолд;D;20210326;0;4333.8;4456.8;4260.2;4337.8;228286;0
ТКСХолд;D;20210329;0;4324.0;4366.4;4258.0;4329.2;93310;0
ТКСХолд;D;20210330;0;4328.2;4589.0;4322.6;4475.2;350347;0
ТКСХолд;D;20210331;0;4515.0;4538.0;4382.0;4436.0;258126;0
ТКСХолд;D;20210401;0;4448.0;4615.0;4425.2;4568.8;372184;0
ТКСХолд;D;20210402;0;4596.0;4788.0;4521.2;4696.2;195689;0
ТКСХолд;D;20210405;0;4737.6;4798.0;4654.2;4733.6;175280;0
ТКСХолд;D;20210406;0;4730.0;4764.4;4629.2;4700.4;326965;0
ТКСХолд;D;20210407;0;4719.2;4721.0;4514.0;4590.8;401029;0
ТКСХолд;D;20210408;0;4591.0;4617.4;4516.2;4545.0;295408;0
ТКСХолд;D;20210409;0;4523.6;4675.4;4518.0;4558.8;236500;0
ТКСХолд;D;20210412;0;4550.2;4595.0;4470.0;4560.0;218543;0
ТКСХолд;D;20210413;0;4560.0;4600.0;4363.6;4450.0;423960;0
ТКСХолд;D;20210414;0;4448.0;4448.0;4320.0;4375.2;314684;0
ТКСХолд;D;20210415;0;4388.0;4422.6;4301.2;4354.8;220624;0
ТКСХолд;D;20210416;0;4379.0;4643.0;4312.4;4588.8;339829;0
ТКСХолд;D;20210419;0;4611.2;4648.0;4509.6;4560.6;179507;0
ТКСХолд;D;20210420;0;4560.0;4648.2;4350.0;4425.4;467516;0
ТКСХолд;D;20210421;0;4424.6;4425.0;4248.2;4354.8;516389;0
ТКСХолд;D;20210422;0;4354.0;4474.0;4277.0;4379.0;347007;0
ТКСХолд;D;20210423;0;4378.0;4521.8;4363.0;4463.2;260612;0
ТКСХолд;D;20210426;0;4485.6;4555.4;4380.0;4523.8;204014;0
ТКСХолд;D;20210427;0;4506.2;4584.6;4461.0;4477.0;264182;0
ТКСХолд;D;20210428;0;4475.4;4504.2;4345.0;4420.0;286951;0
ТКСХолд;D;20210429;0;4420.0;4480.0;4254.0;4319.0;310042;0
ТКСХолд;D;20210430;0;4327.8;4440.0;4260.0;4361.4;304558;0
ТКСХолд;D;20210504;0;4391.0;4446.0;4310.0;4444.0;236378;0
ТКСХолд;D;20210505;0;4450.2;4470.0;4405.0;4454.8;149750;0
ТКСХолд;D;20210506;0;4465.2;4520.0;4392.2;4512.0;205102;0
ТКСХолд;D;20210507;0;4537.2;4548.0;4454.2;4523.8;152949;0
ТКСХолд;D;20210510;0;4500.0;4930.0;4500.0;4827.4;509746;0
ТКСХолд;D;20210511;0;4807.2;4878.0;4685.8;4845.6;294904;0
ТКСХолд;D;20210512;0;4846.0;4871.8;4635.2;4657.4;365541;0
ТКСХолд;D;20210513;0;4670.0;4767.4;4584.6;4727.6;201290;0
ТКСХолд;D;20210514;0;4727.6;4756.8;4580.0;4610.0;131248;0
ТКСХолд;D;20210517;0;4601.0;4626.4;4500.6;4593.2;171310;0
ТКСХолд;D;20210518;0;4593.2;4675.8;4565.4;4636.8;175719;0
ТКСХолд;D;20210519;0;4669.2;4692.6;4515.6;4575.8;216115;0
ТКСХолд;D;20210520;0;4543.4;4683.0;4481.0;4645.0;236994;0
ТКСХолд;D;20210521;0;4678.0;4769.8;4654.4;4730.2;189660;0
ТКСХолд;D;20210524;0;4738.0;4779.8;4730.0;4756.0;114163;0
ТКСХолд;D;20210525;0;4742.0;4820.0;4742.0;4809.2;141906;0
ТКСХолд;D;20210526;0;4796.0;5137.0;4795.0;5097.8;359780;0
ТКСХолд;D;20210527;0;5108.4;5669.8;5084.4;5512.0;1161638;0
ТКСХолд;D;20210528;0;5540.0;5574.0;5422.2;5491.0;523518;0
ТКСХолд;D;20210531;0;5539.8;5672.2;5439.2;5512.6;161762;0
ТКСХолд;D;20210601;0;5549.8;5605.4;5432.4;5472.2;335803;0
ТКСХолд;D;20210602;0;5436.0;5505.0;5123.0;5315.0;708304;0
ТКСХолд;D;20210603;0;5350.0;5374.8;5110.0;5183.0;381394;0
ТКСХолд;D;20210604;0;5200.0;5328.0;4986.2;5308.4;584244;0
ТКСХолд;D;20210607;0;5316.8;5365.0;5162.4;5230.0;233027;0
ТКСХолд;D;20210608;0;5194.2;5273.6;5115.0;5160.0;152553;0
ТКСХолд;D;20210609;0;5180.0;5300.0;5164.4;5300.0;194875;0
ТКСХолд;D;20210610;0;5298.0;5375.0;5234.6;5329.0;201007;0
ТКСХолд;D;20210611;0;5349.0;5806.2;5313.4;5723.0;515488;0
ТКСХолд;D;20210614;0;5700.0;5846.4;5625.0;5732.2;301860;0
ТКСХолд;D;20210615;0;5736.4;5769.2;5501.2;5532.2;289084;0
ТКСХолд;D;20210616;0;5532.2;5566.2;5402.0;5458.2;243286;0
ТКСХолд;D;20210617;0;5470.0;5480.0;5354.0;5440.0;294156;0
ТКСХолд;D;20210618;0;5476.0;5766.0;5446.0;5716.8;618247;0
ТКСХолд;D;20210621;0;5745.0;5773.4;5672.2;5728.6;192577;0
ТКСХолд;D;20210622;0;5726.2;5857.0;5641.6;5808.0;208287;0
ТКСХолд;D;20210623;0;5844.0;5971.6;5703.0;5889.0;263798;0
ТКСХолд;D;20210624;0;5911.0;6250.0;5877.0;6135.4;440143;0
ТКСХолд;D;20210625;0;6096.2;6163.8;6013.6;6124.4;246728;0
ТКСХолд;D;20210628;0;6136.0;6317.8;6075.4;6174.8;359981;0
ТКСХолд;D;20210629;0;6175.0;6265.0;6161.0;6210.0;185896;0
ТКСХолд;D;20210630;0;6170.0;6479.0;6170.0;6421.0;350046;0
ТКСХолд;D;20210701;0;6439.4;6439.4;6271.0;6347.0;249459;0
ТКСХолд;D;20210702;0;6302.0;6443.2;6300.8;6383.2;234661;0
ТКСХолд;D;20210705;0;6383.2;6644.0;6383.2;6630.0;226117;0
ТКСХолд;D;20210706;0;6640.0;6991.0;6567.2;6762.2;659016;0
ТКСХолд;D;20210707;0;6753.0;6891.0;6621.0;6680.6;315656;0
ТКСХолд;D;20210708;0;6719.4;6719.4;6551.2;6673.0;237212;0
ТКСХолд;D;20210709;0;6694.8;6720.6;6568.2;6625.0;178080;0
ТКСХолд;D;20210712;0;6657.4;6802.6;6626.8;6796.6;250574;0
ТКСХолд;D;20210713;0;6810.0;6828.0;6455.0;6527.4;392331;0
ТКСХолд;D;20210714;0;6519.4;6539.8;6112.4;6306.0;551866;0
ТКСХолд;D;20210715;0;6306.0;6460.0;6187.0;6393.0;212702;0
ТКСХолд;D;20210716;0;6397.2;6591.0;6330.2;6412.0;342804;0
ТКСХолд;D;20210719;0;6400.0;6495.0;6250.0;6379.0;211254;0
ТКСХолд;D;20210720;0;6414.8;6467.0;6325.0;6410.2;159746;0
ТКСХолд;D;20210721;0;6430.4;6565.0;6410.4;6480.0;195945;0
ТКСХолд;D;20210722;0;6518.0;6570.0;6406.8;6519.0;173779;0
ТКСХолд;D;20210723;0;6525.0;6557.8;6461.4;6523.2;129989;0
ТКСХолд;D;20210726;0;6519.0;6666.0;6420.0;6660.0;185216;0
ТКСХолд;D;20210727;0;6660.0;6768.0;6356.0;6474.8;255084;0
ТКСХолд;D;20210728;0;6455.0;6492.0;6218.4;6314.0;207578;0
ТКСХолд;D;20210729;0;6314.0;6400.0;6250.0;6357.0;345230;0
ТКСХолд;D;20210730;0;6364.4;6368.0;5970.0;6113.8;367428;0
ТКСХолд;D;20210802;0;6100.0;6255.0;6025.0;6169.8;228192;0
ТКСХолд;D;20210803;0;6150.0;6449.2;6127.0;6416.6;273241;0
ТКСХолд;D;20210804;0;6420.0;6577.0;6382.0;6544.2;255807;0
ТКСХолд;D;20210805;0;6569.0;6761.8;6524.6;6747.2;338000;0
ТКСХолд;D;20210806;0;6760.0;6875.0;6674.0;6749.0;306071;0
ТКСХолд;D;20210809;0;6750.0;6983.2;6702.0;6925.0;305597;0
ТКСХолд;D;20210810;0;6940.0;7104.6;6923.4;7062.2;306836;0
ТКСХолд;D;20210811;0;7050.0;7095.8;6951.4;7027.0;212385;0
ТКСХолд;D;20210812;0;7032.0;7084.0;6961.4;7025.2;186610;0
ТКСХолд;D;20210813;0;7016.0;7059.8;6988.8;7047.0;85186;0
ТКСХолд;D;20210816;0;7069.0;7249.0;7029.0;7213.6;266022;0
ТКСХолд;D;20210817;0;7223.0;7436.0;7188.0;7433.8;339416;0
ТКСХолд;D;20210818;0;7468.8;7499.0;7120.0;7213.0;382802;0
ТКСХолд;D;20210819;0;7186.2;7329.6;6843.4;6983.4;436465;0
ТКСХолд;D;20210820;0;7023.2;7080.0;6771.8;6844.4;288381;0
ТКСХолд;D;20210823;0;6897.0;7056.0;6874.4;7003.2;207031;0
ТКСХолд;D;20210824;0;7043.2;7083.4;6906.2;7029.0;216198;0
ТКСХолд;D;20210825;0;7001.8;7130.0;6964.2;7005.4;156162;0
ТКСХолд;D;20210826;0;7034.4;7065.0;6666.0;6807.0;385875;0
ТКСХолд;D;20210827;0;6830.4;6830.4;6475.6;6633.0;532547;0
ТКСХолд;D;20210830;0;6667.6;6725.0;6564.6;6600.8;238844;0
ТКСХолд;D;20210831;0;6580.0;6631.4;6416.0;6452.2;481353;0
ТКСХолд;D;20210901;0;6453.0;6926.8;6453.0;6889.4;537291;0
ТКСХолд;D;20210902;0;6890.0;7021.2;6716.0;6986.0;503352;0
ТКСХолд;D;20210903;0;6980.0;7072.2;6890.6;6999.4;500939;0
ТКСХолд;D;20210906;0;7039.6;7083.4;6863.6;6961.2;276962;0
ТКСХолд;D;20210907;0;6999.6;7037.0;6863.2;6897.0;235811;0
ТКСХолд;D;20210908;0;6940.0;6940.0;6660.4;6702.8;336071;0
ТКСХолд;D;20210909;0;6696.0;6854.0;6578.4;6752.2;320668;0
ТКСХолд;D;20210910;0;6792.6;6880.6;6739.4;6803.2;199298;0
ТКСХолд;D;20210913;0;6850.0;6856.0;6642.4;6794.0;268196;0
ТКСХолд;D;20210914;0;6800.0;6830.0;6530.0;6637.2;271043;0
ТКСХолд;D;20210915;0;6666.8;6679.8;6412.0;6486.8;379944;0
ТКСХолд;D;20210916;0;6497.0;6634.0;6369.0;6553.0;484402;0
ТКСХолд;D;20210917;0;6550.2;6800.0;6550.0;6740.0;381207;0
ТКСХолд;D;20210920;0;6750.0;6827.2;6560.2;6725.0;281910;0
ТКСХолд;D;20210921;0;6747.6;6750.0;6590.2;6687.0;225805;0
ТКСХолд;D;20210922;0;6680.0;6778.4;6631.0;6681.0;206867;0
ТКСХолд;D;20210923;0;6733.4;6737.8;6643.4;6693.0;91514;0
ТКСХолд;D;20210924;0;6715.2;6721.4;6505.8;6565.0;176677;0
ТКСХолд;D;20210927;0;6599.0;6614.2;6402.8;6449.4;242396;0
ТКСХолд;D;20210928;0;6468.0;6471.0;6170.0;6197.2;363340;0
ТКСХолд;D;20210929;0;6173.0;6423.8;6173.0;6402.0;256951;0
ТКСХолд;D;20210930;0;6404.0;6689.0;6332.0;6628.4;435227;0
ТКСХолд;D;20211001;0;6654.0;6822.0;6572.2;6778.6;390888;0
ТКСХолд;D;20211004;0;6788.0;6943.0;6650.0;6667.2;425388;0
ТКСХолд;D;20211005;0;6690.0;6884.8;6660.0;6835.0;295811;0
ТКСХолд;D;20211006;0;6890.0;7011.2;6783.8;6986.2;509511;0
ТКСХолд;D;20211007;0;7000.0;7236.0;6996.0;7140.0;410182;0
ТКСХолд;D;20211008;0;7158.0;7244.4;7063.2;7155.0;272129;0
ТКСХолд;D;20211011;0;7170.0;7225.0;7051.0;7206.0;226788;0
ТКСХолд;D;20211012;0;7197.8;7361.0;7132.8;7331.4;332119;0
ТКСХолд;D;20211013;0;7360.0;7677.6;7290.0;7610.4;720126;0
ТКСХолд;D;20211014;0;7644.0;7924.6;7542.2;7767.6;550164;0
ТКСХолд;D;20211015;0;7820.0;7893.8;7678.6;7820.2;248436;0
ТКСХолд;D;20211018;0;7849.8;7945.2;7700.2;7724.0;293825;0
ТКСХолд;D;20211019;0;7728.0;7836.6;7485.2;7805.0;281265;0
ТКСХолд;D;20211020;0;7847.8;7944.0;7770.0;7824.4;322987;0
ТКСХолд;D;20211021;0;7858.2;7924.2;7815.2;7853.0;194664;0
ТКСХолд;D;20211022;0;7860.6;7909.8;7642.4;7660.0;180086;0
ТКСХолд;D;20211025;0;7660.0;7754.0;7500.0;7600.0;201947;0
ТКСХолд;D;20211026;0;7648.8;7648.8;7300.0;7310.2;272759;0
ТКСХолд;D;20211027;0;7347.8;7449.2;7067.0;7268.0;400781;0
ТКСХолд;D;20211028;0;7268.0;7420.0;7208.0;7396.8;301508;0
ТКСХолд;D;20211029;0;7469.0;7469.0;7185.4;7310.0;216205;0
ТКСХолд;D;20211101;0;7324.8;7816.0;7304.2;7790.8;413397;0
ТКСХолд;D;20211102;0;7824.8;7970.0;7700.0;7867.0;318535;0
ТКСХолд;D;20211103;0;7899.0;7944.0;7702.0;7852.8;211376;0
ТКСХолд;D;20211105;0;7900.0;8040.2;7760.0;8025.0;281551;0
ТКСХолд;D;20211108;0;8005.0;8518.4;8005.0;8345.0;508184;0
ТКСХолд;D;20211109;0;8400.0;8474.2;7876.6;7983.6;398134;0
ТКСХолд;D;20211110;0;7983.6;8180.0;7605.0;7654.2;538750;0
ТКСХолд;D;20211111;0;7670.0;7780.0;7312.0;7508.0;760772;0
ТКСХолд;D;20211112;0;7559.0;7559.0;7230.0;7334.0;421715;0
ТКСХолд;D;20211115;0;7335.0;7681.8;7335.0;7422.6;660268;0
ТКСХолд;D;20211116;0;7465.0;7541.8;7142.4;7395.6;533297;0
ТКСХолд;D;20211117;0;7450.0;7450.0;7217.0;7242.2;447986;0
ТКСХолд;D;20211118;0;7225.0;7460.0;7150.0;7382.0;370294;0
ТКСХолд;D;20211119;0;7420.0;7480.0;7032.2;7094.4;517134;0
ТКСХолд;D;20211122;0;7075.0;7150.0;6537.6;6615.8;869728;0
ТКСХолд;D;20211123;0;6600.0;7050.0;6308.2;7048.0;1189752;0
ТКСХолд;D;20211124;0;7071.0;7355.8;6827.0;6888.0;864511;0
ТКСХолд;D;20211125;0;6935.2;7324.6;6903.6;7262.0;573417;0
ТКСХолд;D;20211126;0;7000.0;7150.0;6780.2;6811.0;556612;0
ТКСХолд;D;20211129;0;6950.0;7098.8;6814.2;6938.2;437626;0
ТКСХолд;D;20211130;0;6741.0;7245.0;6529.0;7114.0;976949;0
ТКСХолд;D;20211201;0;7255.4;7542.2;7175.0;7358.0;789456;0
ТКСХолд;D;20211202;0;7477.0;7519.6;7175.4;7222.0;366240;0
ТКСХолд;D;20211203;0;7271.0;7405.0;7220.0;7307.6;341407;0
ТКСХолд;D;20211206;0;7351.8;7407.6;6629.4;6679.0;612947;0
ТКСХолд;D;20211207;0;6659.0;6913.0;6315.0;6563.0;992197;0
ТКСХолд;D;20211208;0;6599.8;6750.0;6141.0;6245.4;829891;0
ТКСХолд;D;20211209;0;6212.0;6523.0;6020.0;6322.4;671399;0
ТКСХолд;D;20211210;0;6360.0;6392.0;6113.2;6310.2;432562;0
ТКСХолд;D;20211213;0;6330.0;6444.8;5870.0;5919.8;730857;0
ТКСХолд;D;20211214;0;5890.0;6047.8;5400.6;5970.0;663534;0
ТКСХолд;D;20211215;0;5982.4;6186.0;5866.0;6140.2;349957;0
ТКСХолд;D;20211216;0;6170.0;6300.0;5980.0;6112.6;768513;0
ТКСХолд;D;20211217;0;6149.4;6186.2;6020.0;6119.0;355210;0
ТКСХолд;D;20211220;0;6097.8;6138.8;5830.0;6006.2;277105;0
ТКСХолд;D;20211221;0;6014.0;6274.0;5985.0;6105.0;430628;0
ТКСХолд;D;20211222;0;6129.8;6159.8;5960.0;5960.0;365017;0
ТКСХолд;D;20211223;0;5965.0;6035.0;5870.0;5972.8;241220;0
ТКСХолд;D;20211224;0;5989.4;6030.0;5855.0;5991.8;164133;0
ТКСХолд;D;20211227;0;5991.6;6095.8;5926.4;6013.2;190714;0
ТКСХолд;D;20211228;0;6013.2;6209.8;5953.0;6099.0;286365;0
ТКСХолд;D;20211229;0;6099.8;6146.0;5880.0;5960.8;345231;0
ТКСХолд;D;20211230;0;5940.0;6162.6;5902.6;6118.0;406761;0
ТКСХолд;D;20220103;0;6148.0;6382.4;6112.4;6364.4;249579;0
ТКСХолд;D;20220104;0;6400.0;6480.8;6202.0;6264.6;407072;0
ТКСХолд;D;20220105;0;6279.6;6280.0;5805.0;5805.0;392145;0
ТКСХолд;D;20220106;0;5810.0;5984.8;5712.4;5801.6;535256;0
ТКСХолд;D;20220110;0;5760.0;5902.0;5737.0;5830.0;315683;0
ТКСХолд;D;20220111;0;5839.0;6027.4;5794.6;5945.0;358097;0
ТКСХолд;D;20220112;0;5960.0;6222.4;5893.0;6192.8;471800;0
ТКСХолд;D;20220113;0;6192.0;6240.0;5666.0;5832.8;911428;0
ТКСХолд;D;20220114;0;5832.6;5926.2;5299.6;5509.8;1474537;0
ТКСХолд;D;20220117;0;5520.0;5625.0;5045.4;5295.0;1151079;0
ТКСХолд;D;20220118;0;5307.0;5307.8;4636.8;4720.0;1501990;0
ТКСХолд;D;20220119;0;4733.0;4952.0;4403.6;4650.0;2267661;0
ТКСХолд;D;20220120;0;4650.0;5016.0;4511.8;4822.8;1177128;0
ТКСХолд;D;20220121;0;4819.0;4989.6;4720.0;4828.0;724572;0
ТКСХолд;D;20220124;0;4826.0;4960.0;4390.0;4600.0;1050611;0
ТКСХолд;D;20220125;0;4615.0;5013.0;4486.0;4952.0;1229372;0
ТКСХолд;D;20220126;0;4980.0;5247.0;4773.0;5089.8;1168547;0
ТКСХолд;D;20220127;0;5080.0;5524.8;4962.4;5400.0;1296311;0
ТКСХолд;D;20220128;0;5440.0;5749.6;5329.0;5421.2;1209488;0
ТКСХолд;D;20220131;0;5477.0;5649.8;5465.0;5587.0;631402;0
ТКСХолд;D;20220201;0;5590.0;5718.0;5525.0;5665.0;702711;0
ТКСХолд;D;20220202;0;5680.0;5717.5;5470.5;5554.0;555374;0
ТКСХолд;D;20220203;0;5503.5;5565.0;5117.5;5235.0;663005;0
ТКСХолд;D;20220204;0;5271.5;5396.5;5082.5;5184.5;548835;0
ТКСХолд;D;20220207;0;5209.5;5262.0;4973.0;5005.0;389571;0
ТКСХолд;D;20220208;0;5035.0;5095.0;4879.5;5067.5;600682;0
ТКСХолд;D;20220209;0;5067.0;5741.0;5035.0;5698.0;1505127;0
ТКСХолд;D;20220210;0;5702.0;6058.0;5442.0;5846.5;1726909;0
ТКСХолд;D;20220211;0;5810.0;5958.0;5309.0;5314.5;1624033;0
ТКСХолд;D;20220214;0;5260.0;5498.0;4920.0;5223.0;1635481;0
ТКСХолд;D;20220215;0;5235.5;5645.0;5232.0;5519.5;1798498;0
ТКСХолд;D;20220216;0;5550.0;5690.0;5355.0;5488.5;1452047;0
ТКСХолд;D;20220217;0;5490.0;5497.5;5108.0;5147.0;1120506;0
ТКСХолд;D;20220218;0;5151.0;5294.0;4663.5;4821.5;1519233;0
ТКСХолд;D;20220221;0;4850.0;5110.0;4351.0;4475.0;2862648;0
ТКСХолд;D;20220222;0;4400.0;4615.5;4007.5;4488.5;2787301;0
ТКСХолд;D;20220224;0;4059.5;4059.5;1732.5;3039.5;2692930;0
ТКСХолд;D;20220225;0;2664.0;3852.5;2559.0;3054.5;2804947;0
ТКСХолд;D;20220329;0;3140.0;3649.5;2867.5;2990.0;771383;0
ТКСХолд;D;20220330;0;3100.0;3180.0;2900.5;2980.0;362139;0
ТКСХолд;D;20220331;0;3002.0;3393.5;2930.0;3318.5;742478;0
ТКСХолд;D;20220401;0;3350.0;3678.0;3331.5;3499.5;763964;0
ТКСХолд;D;20220404;0;3600.0;3812.0;3312.5;3664.0;661394;0
ТКСХолд;D;20220405;0;3748.5;3791.0;3360.0;3601.0;492910;0
ТКСХолд;D;20220406;0;3605.0;3623.0;3430.0;3500.0;243495;0
ТКСХолд;D;20220407;0;3505.0;3594.5;3450.0;3470.0;226810;0
ТКСХолд;D;20220408;0;3460.0;3548.0;3151.0;3274.5;322991;0
ТКСХолд;D;20220411;0;3280.0;3434.5;3215.0;3269.0;165822;0
ТКСХолд;D;20220412;0;3279.0;3309.0;3062.5;3217.0;178575;0
ТКСХолд;D;20220413;0;3260.0;3260.0;3139.0;3172.0;91974;0
ТКСХолд;D;20220414;0;3200.0;3200.0;2985.0;3010.0;199860;0
ТКСХолд;D;20220415;0;3009.0;3030.0;2901.0;2993.0;138519;0
ТКСХолд;D;20220418;0;3002.0;3069.0;2710.0;2722.0;250731;0
ТКСХолд;D;20220419;0;2731.0;2731.0;2350.5;2540.0;635173;0
ТКСХолд;D;20220420;0;2506.0;2775.0;2424.0;2590.0;442030;0
ТКСХолд;D;20220421;0;2595.0;2648.0;2455.5;2485.0;204087;0
ТКСХолд;D;20220422;0;2519.5;2560.0;2260.0;2270.0;320227;0
ТКСХолд;D;20220425;0;2185.0;2228.5;1908.0;1908.0;458348;0
ТКСХолд;D;20220426;0;1880.0;2138.0;1870.0;2073.0;424633;0
ТКСХолд;D;20220427;0;2092.5;2690.5;2030.0;2520.0;778716;0
ТКСХолд;D;20220428;0;2554.5;2950.0;2500.0;2700.0;1268080;0
ТКСХолд;D;20220429;0;2965.0;3030.0;2557.0;2608.0;628679;0
ТКСХолд;D;20220504;0;2558.0;2666.5;2391.0;2402.0;358736;0
ТКСХолд;D;20220505;0;2420.0;2533.0;2405.5;2453.0;258831;0
ТКСХолд;D;20220506;0;2497.5;2497.5;2257.5;2304.0;270586;0
ТКСХолд;D;20220511;0;2304.0;2349.0;2187.0;2245.5;221358;0
ТКСХолд;D;20220512;0;2249.5;2259.0;2013.5;2032.0;250238;0
ТКСХолд;D;20220513;0;2052.0;2183.0;2045.0;2130.0;254467;0
ТКСХолд;D;20220516;0;2147.0;2229.0;2133.0;2185.0;202575;0
ТКСХолд;D;20220517;0;2247.5;2380.0;2190.5;2380.0;246823;0
ТКСХолд;D;20220518;0;2432.0;2549.5;2360.0;2402.0;475508;0
ТКСХолд;D;20220519;0;2400.0;2400.0;2205.0;2236.5;325695;0
ТКСХолд;D;20220520;0;2238.0;2305.0;2142.0;2194.0;257861;0
ТКСХолд;D;20220523;0;2225.0;2240.0;2105.0;2129.0;153364;0
ТКСХолд;D;20220524;0;2110.0;2225.5;2041.0;2146.5;244100;0
ТКСХолд;D;20220525;0;2150.0;2180.0;2088.0;2155.5;203901;0
ТКСХолд;D;20220526;0;2160.0;2245.0;2160.0;2220.5;262885;0
ТКСХолд;D;20220527;0;2232.0;2247.5;2161.0;2201.0;182580;0
ТКСХолд;D;20220530;0;2212.0;2234.0;2148.0;2164.0;171992;0
ТКСХолд;D;20220531;0;2150.0;2162.0;2085.5;2111.5;121597;0
ТКСХолд;D;20220601;0;2112.0;2158.0;2075.0;2110.5;114220;0
ТКСХолд;D;20220602;0;2128.5;2128.5;2086.5;2105.0;73102;0
ТКСХолд;D;20220603;0;2112.0;2123.5;2000.0;2018.0;154741;0
ТКСХолд;D;20220606;0;2010.0;2010.0;1853.0;1900.0;259637;0
ТКСХолд;D;20220607;0;1900.0;1913.0;1800.0;1859.5;239290;0
ТКСХолд;D;20220608;0;1879.0;1944.5;1867.0;1886.0;178277;0
ТКСХолд;D;20220609;0;1888.5;1896.0;1747.5;1777.0;281908;0
ТКСХолд;D;20220610;0;1777.0;1780.0;1690.5;1701.0;242283;0
ТКСХолд;D;20220614;0;1690.0;1690.0;1593.0;1597.0;288914;0
ТКСХолд;D;20220615;0;1589.0;1669.5;1580.0;1651.5;193735;0
ТКСХолд;D;20220616;0;1678.0;1740.0;1661.0;1737.0;201374;0
ТКСХолд;D;20220617;0;1749.5;1794.5;1655.0;1676.0;232791;0
ТКСХолд;D;20220620;0;1676.5;1734.0;1671.0;1725.0;218670;0
ТКСХолд;D;20220621;0;1740.0;1765.0;1668.5;1673.0;169458;0
ТКСХолд;D;20220622;0;1680.0;1680.0;1621.0;1649.0;121267;0
ТКСХолд;D;20220623;0;1659.0;1690.5;1620.5;1654.5;166657;0
ТКСХолд;D;20220624;0;1655.5;1662.5;1621.0;1635.0;96328;0
ТКСХолд;D;20220627;0;1630.0;1674.0;1623.0;1672.0;121852;0
ТКСХолд;D;20220628;0;1695.0;1934.5;1661.0;1927.0;503868;0
ТКСХолд;D;20220629;0;1930.0;1949.0;1751.5;1810.0;477856;0
ТКСХолд;D;20220630;0;1805.5;1818.5;1675.0;1804.0;337016;0
ТКСХолд;D;20220701;0;1795.0;1877.0;1731.5;1861.0;148102;0
ТКСХолд;D;20220704;0;1870.0;2020.0;1867.0;2012.0;293749;0
ТКСХолд;D;20220705;0;1980.0;2095.0;1980.0;2039.0;321610;0
ТКСХолд;D;20220706;0;2073.0;2149.5;2052.5;2100.0;226331;0
ТКСХолд;D;20220707;0;2100.5;2135.0;2014.0;2031.0;121199;0
ТКСХолд;D;20220708;0;2053.0;2053.0;1957.0;2013.0;115447;0
ТКСХолд;D;20220711;0;2021.0;2090.5;1970.0;1980.0;159035;0
ТКСХолд;D;20220712;0;1975.0;1994.0;1892.0;1943.5;117867;0
ТКСХолд;D;20220713;0;1949.5;1987.0;1863.0;1895.0;150571;0
ТКСХолд;D;20220714;0;1902.0;1932.5;1865.0;1879.5;81359;0
ТКСХолд;D;20220715;0;1873.5;1909.0;1845.0;1901.5;117788;0
ТКСХолд;D;20220718;0;1935.0;1935.0;1850.0;1876.0;123745;0
ТКСХолд;D;20220719;0;1876.0;1876.0;1800.0;1813.5;85325;0
ТКСХолд;D;20220720;0;1815.5;1845.0;1756.0;1771.0;136217;0
ТКСХолд;D;20220721;0;1771.0;1786.5;1704.5;1759.0;107381;0
ТКСХолд;D;20220722;0;1761.0;1891.0;1760.0;1854.0;225556;0
ТКСХолд;D;20220725;0;1876.0;1969.5;1857.0;1969.5;206901;0
ТКСХолд;D;20220726;0;1990.0;2038.5;1930.0;1994.5;251050;0
ТКСХолд;D;20220727;0;2022.5;2022.5;1928.0;1963.0;157744;0
ТКСХолд;D;20220728;0;1985.0;1987.0;1930.5;1947.5;100804;0
ТКСХолд;D;20220729;0;1948.0;1993.0;1931.5;1950.0;98970;0
ТКСХолд;D;20220801;0;1959.0;1959.0;1865.0;1884.5;130864;0
ТКСХолд;D;20220802;0;1850.0;1906.5;1807.5;1810.0;134778;0
ТКСХолд;D;20220803;0;1813.0;1886.0;1813.0;1836.0;104562;0
ТКСХолд;D;20220804;0;1848.0;1878.0;1827.5;1869.5;82854;0
ТКСХолд;D;20220805;0;1874.0;1940.0;1840.0;1859.0;169459;0
ТКСХолд;D;20220808;0;1940.0;1940.0;1878.0;1891.5;99828;0
ТКСХолд;D;20220809;0;1919.5;1919.5;1883.5;1917.5;84269;0
ТКСХолд;D;20220810;0;1942.0;2050.0;1925.0;2045.0;296984;0
ТКСХолд;D;20220811;0;2065.0;2172.0;2061.5;2149.5;440828;0
ТКСХолд;D;20220812;0;2169.0;2280.0;2080.0;2230.0;364594;0
ТКСХолд;D;20220815;0;2250.0;2290.0;2180.0;2252.0;253736;0
ТКСХолд;D;20220816;0;2253.0;2440.0;2253.0;2415.5;360890;0
ТКСХолд;D;20220817;0;2420.0;2555.0;2411.5;2430.5;615232;0
ТКСХолд;D;20220818;0;2440.0;2504.0;2420.0;2480.0;258785;0
ТКСХолд;D;20220819;0;2480.5;2700.0;2454.5;2700.0;588102;0
ТКСХолд;D;20220822;0;2720.0;2895.5;2552.5;2720.0;1279967;0
ТКСХолд;D;20220823;0;2720.0;2800.0;2604.0;2717.0;459010;0
ТКСХолд;D;20220824;0;2750.0;2799.0;2555.0;2579.5;973007;0
ТКСХолд;D;20220825;0;2549.0;2677.0;2453.0;2626.0;424089;0
ТКСХолд;D;20220826;0;2650.0;2658.0;2590.0;2630.0;122484;0
ТКСХолд;D;20220829;0;2627.5;2723.0;2612.0;2715.0;238994;0
ТКСХолд;D;20220830;0;2730.0;2790.0;2684.0;2688.5;392641;0
ТКСХолд;D;20220831;0;2689.0;2750.0;2642.0;2712.5;202561;0
ТКСХолд;D;20220901;0;2730.0;2750.0;2705.5;2738.5;145096;0
ТКСХолд;D;20220902;0;2748.5;2810.0;2733.0;2766.5;185242;0
ТКСХолд;D;20220905;0;2770.0;2783.0;2710.5;2754.0;103410;0
ТКСХолд;D;20220906;0;2774.0;2774.0;2490.0;2670.0;325101;0
ТКСХолд;D;20220907;0;2690.0;2736.0;2594.0;2714.0;172725;0
ТКСХолд;D;20220908;0;2721.0;2876.5;2680.0;2768.5;615342;0
ТКСХолд;D;20220909;0;2765.0;2820.5;2722.5;2787.0;185922;0
ТКСХолд;D;20220912;0;2799.0;2965.0;2799.0;2950.0;548047;0
ТКСХолд;D;20220913;0;2980.0;3050.0;2954.5;3010.0;588777;0
ТКСХолд;D;20220914;0;3024.0;3024.5;2868.0;2994.0;369789;0
ТКСХолд;D;20220915;0;3015.0;3050.0;2979.5;3030.5;241095;0
ТКСХолд;D;20220916;0;3041.0;3150.0;2594.0;3106.0;538230;0
ТКСХолд;D;20220919;0;3110.0;3192.0;3110.0;3188.0;293267;0
ТКСХолд;D;20220920;0;3223.5;3240.5;2602.0;2781.0;1348550;0
ТКСХолд;D;20220921;0;2509.5;2755.0;2271.5;2662.5;672570;0
ТКСХолд;D;20220922;0;2662.0;2910.5;2662.0;2790.0;504814;0
ТКСХолд;D;20220923;0;2830.0;2838.0;2490.0;2552.0;484062;0
ТКСХолд;D;20220926;0;2500.0;2500.0;2105.0;2105.0;671776;0
ТКСХолд;D;20220927;0;2160.0;2466.0;2160.0;2413.0;625115;0
ТКСХолд;D;20220928;0;2418.0;2525.0;2331.5;2395.0;434421;0
ТКСХолд;D;20220929;0;2425.0;2465.5;2255.5;2291.0;391174;0
ТКСХолд;D;20220930;0;2309.0;2420.0;2117.0;2374.0;562307;0
ТКСХолд;D;20221003;0;2412.0;2637.5;2390.5;2636.0;515645;0
ТКСХолд;D;20221004;0;2666.0;2700.0;2536.0;2640.0;500778;0
ТКСХолд;D;20221005;0;2650.0;2650.0;2430.0;2557.0;425263;0
ТКСХолд;D;20221006;0;2569.5;2666.0;2454.0;2523.0;510763;0
ТКСХолд;D;20221007;0;2525.0;2525.0;2301.0;2372.5;373282;0
ТКСХолд;D;20221010;0;2192.0;2490.0;2192.0;2483.5;416118;0
ТКСХолд;D;20221011;0;2491.5;2526.5;2451.0;2496.0;229249;0
ТКСХолд;D;20221012;0;2527.5;2544.5;2466.0;2504.0;176581;0
ТКСХолд;D;20221013;0;2510.0;2630.0;2492.5;2604.5;397627;0
ТКСХолд;D;20221014;0;2620.0;2637.5;2506.0;2568.5;262072;0
ТКСХолд;D;20221017;0;2599.0;2709.0;2574.0;2702.0;364646;0
ТКСХолд;D;20221018;0;2710.0;2759.0;2600.5;2625.0;399106;0
ТКСХолд;D;20221019;0;2601.0;2635.0;2530.5;2609.0;300449;0
ТКСХолд;D;20221020;0;2619.0;2647.0;2466.5;2503.0;671123;0
ТКСХолд;D;20221021;0;2513.0;2513.0;2374.5;2459.0;749887;0
ТКСХолд;D;20221024;0;2473.5;2534.5;2414.5;2467.0;334080;0
ТКСХолд;D;20221025;0;2477.5;2550.0;2442.0;2520.0;421821;0
ТКСХолд;D;20221026;0;2520.0;2543.0;2460.0;2500.0;289755;0
ТКСХолд;D;20221027;0;2507.0;2520.0;2482.0;2497.0;262411;0
ТКСХолд;D;20221028;0;2497.0;2506.5;2468.0;2503.0;172662;0
ТКСХолд;D;20221031;0;2521.0;2630.0;2510.5;2620.0;506363;0
ТКСХолд;D;20221101;0;2633.0;2657.5;2531.0;2614.0;558182;0
ТКСХолд;D;20221102;0;2619.5;2628.0;2501.5;2536.0;283727;0
ТКСХолд;D;20221103;0;2538.0;2569.5;2490.0;2519.0;257326;0
ТКСХолд;D;20221107;0;2560.0;2608.0;2528.5;2600.0;249784;0
ТКСХолд;D;20221108;0;2603.0;2620.0;2551.0;2598.5;362911;0
ТКСХолд;D;20221109;0;2592.0;2615.5;2450.0;2520.5;355018;0
ТКСХолд;D;20221110;0;2540.0;2689.0;2530.0;2672.0;785682;0
ТКСХолд;D;20221111;0;2679.5;2708.0;2610.0;2676.0;486443;0
ТКСХолд;D;20221114;0;2691.0;2799.0;2682.0;2789.5;521172;0
ТКСХолд;D;20221115;0;2800.0;2800.0;2550.5;2668.5;869665;0
ТКСХолд;D;20221116;0;2702.0;2768.5;2680.0;2746.5;391005;0
ТКСХолд;D;20221117;0;2753.0;2785.0;2745.0;2783.0;303154;0
ТКСХолд;D;20221118;0;2791.0;2829.5;2775.0;2818.0;395977;0
ТКСХолд;D;20221121;0;2835.0;2855.5;2710.5;2798.0;583072;0
ТКСХолд;D;20221122;0;2805.0;2824.0;2770.5;2798.5;313141;0
ТКСХолд;D;20221123;0;2816.0;2818.0;2662.0;2728.5;669099;0
ТКСХолд;D;20221124;0;2735.0;2765.0;2714.5;2725.5;217897;0
ТКСХолд;D;20221125;0;2725.5;2731.5;2671.0;2691.5;217961;0
ТКСХолд;D;20221128;0;2672.0;2682.0;2631.0;2645.0;204507;0
ТКСХолд;D;20221129;0;2669.0;2699.5;2648.0;2692.0;109790;0
ТКСХолд;D;20221130;0;2699.0;2733.5;2670.0;2723.0;153187;0
ТКСХолд;D;20221201;0;2733.5;2736.0;2682.0;2705.0;109946;0
ТКСХолд;D;20221202;0;2705.0;2706.0;2665.5;2681.5;84084;0
ТКСХолд;D;20221205;0;2681.0;2750.0;2667.5;2719.0;235446;0
ТКСХолд;D;20221206;0;2733.5;2737.0;2609.5;2633.0;250492;0
ТКСХолд;D;20221207;0;2630.0;2632.5;2539.0;2585.0;255900;0
ТКСХолд;D;20221208;0;2599.5;2615.0;2493.0;2529.0;324339;0
ТКСХолд;D;20221209;0;2513.5;2530.0;2420.5;2473.0;273078;0
ТКСХолд;D;20221212;0;2485.0;2612.0;2471.0;2580.5;326039;0
ТКСХолд;D;20221213;0;2593.5;2626.0;2512.5;2553.5;313854;0
ТКСХолд;D;20221214;0;2556.5;2566.0;2484.0;2490.5;190776;0
ТКСХолд;D;20221215;0;2493.0;2549.5;2471.5;2496.5;226372;0
ТКСХолд;D;20221216;0;2483.5;2527.5;2480.0;2504.5;119856;0
ТКСХолд;D;20221219;0;2507.0;2509.5;2435.0;2461.0;194091;0
ТКСХолд;D;20221220;0;2440.0;2570.0;2440.0;2554.0;223157;0
ТКСХолд;D;20221221;0;2564.0;2594.0;2501.0;2522.0;181988;0
ТКСХолд;D;20221222;0;2523.0;2592.0;2516.0;2570.0;229757;0
ТКСХолд;D;20221223;0;2573.5;2577.0;2540.0;2549.5;117274;0
ТКСХолд;D;20221226;0;2555.0;2574.0;2545.5;2560.5;117692;0
ТКСХолд;D;20221227;0;2569.0;2638.0;2559.0;2614.5;244446;0
ТКСХолд;D;20221228;0;2618.0;2639.0;2550.5;2581.0;226350;0
ТКСХолд;D;20221229;0;2584.0;2586.5;2552.5;2564.5;110102;0
ТКСХолд;D;20221230;0;2551.0;2563.5;2521.0;2540.0;98526;0
ТКСХолд;D;20230104;0;2592.0;2615.0;2571.0;2587.0;104468;0
ТКСХолд;D;20230105;0;2589.0;2593.0;2562.0;2574.0;48766;0
ТКСХолд;D;20230106;0;2577.0;2583.0;2550.0;2555.0;59804;0
ТКСХолд;D;20230109;0;2559.5;2625.0;2559.5;2612.0;185997;0
ТКСХолд;D;20230110;0;2601.5;2674.0;2587.0;2657.0;254102;0
ТКСХолд;D;20230111;0;2658.0;2700.0;2658.0;2692.5;168189;0
ТКСХолд;D;20230112;0;2699.0;2700.0;2659.0;2685.5;166088;0
ТКСХолд;D;20230113;0;2688.0;2745.0;2675.0;2720.0;221021;0
ТКСХолд;D;20230116;0;2749.0;2760.0;2719.5;2737.5;156277;0
ТКСХолд;D;20230117;0;2738.0;2738.0;2671.5;2679.0;150215;0
ТКСХолд;D;20230118;0;2682.5;2704.5;2661.0;2677.5;98969;0
ТКСХолд;D;20230119;0;2666.0;2686.5;2635.0;2640.5;91628;0
ТКСХолд;D;20230120;0;2641.5;2697.5;2628.0;2677.0;100480;0
ТКСХолд;D;20230123;0;2684.0;2720.0;2683.5;2701.0;124842;0
ТКСХолд;D;20230124;0;2715.0;2734.0;2696.5;2698.5;146672;0
ТКСХолд;D;20230125;0;2698.5;2698.5;2653.0;2683.5;105215;0
ТКСХолд;D;20230126;0;2688.0;2688.0;2651.5;2664.5;111804;0
ТКСХолд;D;20230127;0;2656.5;2678.0;2650.0;2675.5;82147;0
ТКСХолд;D;20230130;0;2684.5;2695.0;2668.0;2693.5;111684;0
ТКСХолд;D;20230131;0;2698.0;2777.0;2688.0;2772.0;301105;0
ТКСХолд;D;20230201;0;2774.0;2798.0;2727.0;2752.5;265875;0
ТКСХолд;D;20230202;0;2755.0;2769.5;2715.0;2745.5;145201;0
ТКСХолд;D;20230203;0;2746.0;2759.0;2725.0;2751.5;119386;0
ТКСХолд;D;20230206;0;2755.0;2798.0;2752.0;2791.0;174502;0
ТКСХолд;D;20230207;0;2793.0;2809.5;2732.5;2742.0;224043;0
ТКСХолд;D;20230208;0;2749.5;2761.0;2705.5;2744.0;223738;0
ТКСХолд;D;20230209;0;2748.0;2769.0;2731.5;2746.0;119526;0
ТКСХолд;D;20230210;0;2740.0;2767.0;2736.0;2746.5;127336;0
ТКСХолд;D;20230213;0;2740.0;2761.0;2740.0;2746.5;95820;0
ТКСХолд;D;20230214;0;2747.0;2748.0;2637.0;2705.5;192360;0
ТКСХолд;D;20230215;0;2599.0;2629.5;2422.0;2456.0;648493;0
ТКСХолд;D;20230216;0;2500.0;2549.0;2471.5;2497.5;248936;0
ТКСХолд;D;20230217;0;2513.0;2513.5;2464.5;2483.0;129511;0
ТКСХолд;D;20230220;0;2483.0;2496.5;2410.0;2476.5;184212;0
ТКСХолд;D;20230221;0;2494.0;2549.5;2459.5;2517.0;270519;0
ТКСХолд;D;20230222;0;2527.0;2527.0;2451.5;2478.5;150513;0
ТКСХолд;D;20230224;0;2477.0;2655.0;2465.0;2642.5;565977;0
ТКСХолд;D;20230227;0;2384.5;2550.5;2305.0;2545.5;798001;0
ТКСХолд;D;20230228;0;2555.0;2589.5;2551.0;2567.5;183649;0
ТКСХолд;D;20230301;0;2570.0;2575.0;2534.0;2559.5;129991;0
ТКСХолд;D;20230302;0;2542.5;2552.0;2493.0;2511.0;245453;0
ТКСХолд;D;20230303;0;2510.0;2554.0;2507.5;2534.0;125440;0
ТКСХолд;D;20230306;0;2548.5;2569.5;2530.0;2538.5;135717;0
ТКСХолд;D;20230307;0;2538.5;2546.5;2528.0;2542.5;68960;0
ТКСХолд;D;20230309;0;2550.0;2555.0;2526.0;2532.0;73868;0
ТКСХолд;D;20230310;0;2528.0;2530.0;2502.0;2523.0;109391;0
ТКСХолд;D;20230313;0;2530.0;2550.0;2510.0;2524.5;148240;0
ТКСХолд;D;20230314;0;2535.5;2593.5;2514.0;2539.5;464149;0
ТКСХолд;D;20230315;0;2543.0;2567.0;2466.0;2492.0;363198;0
ТКСХолд;D;20230316;0;2497.0;2497.0;2390.5;2445.5;330267;0
ТКСХолд;D;20230317;0;2457.0;2535.0;2444.0;2505.0;308896;0
ТКСХолд;D;20230320;0;2510.0;2550.0;2479.5;2536.5;376130;0
ТКСХолд;D;20230321;0;2545.5;2553.0;2483.5;2493.0;265679;0
ТКСХолд;D;20230322;0;2493.0;2505.5;2475.0;2486.0;100251;0
ТКСХолд;D;20230323;0;2487.0;2496.0;2480.0;2482.0;65843;0
ТКСХолд;D;20230324;0;2484.5;2485.0;2452.5;2462.0;94402;0
ТКСХолд;D;20230327;0;2470.0;2506.0;2462.5;2500.0;170983;0
ТКСХолд;D;20230328;0;2510.0;2510.5;2470.0;2487.5;117160;0
ТКСХолд;D;20230329;0;2489.5;2533.5;2480.0;2509.5;199724;0
ТКСХолд;D;20230330;0;2501.0;2517.0;2492.5;2514.5;111553;0
ТКСХолд;D;20230331;0;2515.0;2521.0;2470.0;2486.5;162113;0
ТКСХолд;D;20230403;0;2499.5;2510.0;2483.0;2500.0;148977;0
ТКСХолд;D;20230404;0;2504.0;2543.5;2477.0;2504.5;314842;0
ТКСХолд;D;20230405;0;2505.5;2505.5;2481.5;2502.5;120030;0
ТКСХолд;D;20230406;0;2504.0;2514.5;2486.0;2499.0;144132;0
ТКСХолд;D;20230407;0;2499.0;2628.0;2491.0;2617.0;622102;0
ТКСХолд;D;20230410;0;2640.0;2750.0;2628.0;2744.0;665100;0
ТКСХолд;D;20230411;0;2769.0;2769.0;2603.0;2640.0;606006;0
ТКСХолд;D;20230412;0;2652.0;2697.0;2641.0;2658.5;238426;0
ТКСХолд;D;20230413;0;2658.0;2684.5;2615.0;2653.5;135957;0
ТКСХолд;D;20230414;0;2660.0;2690.0;2626.0;2675.0;166453;0
ТКСХолд;D;20230417;0;2700.0;2764.5;2685.0;2744.5;307107;0
ТКСХолд;D;20230418;0;2753.0;2760.0;2707.0;2734.5;203017;0
ТКСХолд;D;20230419;0;2740.0;2740.0;2670.5;2684.5;248319;0
ТКСХолд;D;20230420;0;2694.0;2714.5;2626.0;2690.0;240456;0
ТКСХолд;D;20230421;0;2696.5;2716.0;2675.0;2690.0;139735;0
ТКСХолд;D;20230424;0;2693.0;2734.0;2681.5;2710.0;184840;0
ТКСХолд;D;20230425;0;2718.5;2720.5;2677.0;2687.0;138465;0
ТКСХолд;D;20230426;0;2690.0;2709.0;2682.0;2693.5;134155;0
ТКСХолд;D;20230427;0;2701.0;2780.0;2690.0;2777.5;534662;0
ТКСХолд;D;20230428;0;2782.5;2839.0;2700.0;2754.0;586346;0
ТКСХолд;D;20230502;0;2760.0;2799.0;2592.5;2679.0;431221;0
ТКСХолд;D;20230503;0;2679.0;2723.0;2602.0;2629.0;368148;0
ТКСХолд;D;20230504;0;2639.5;2685.0;2622.0;2652.5;169664;0
ТКСХолд;D;20230505;0;2660.0;2665.5;2610.5;2615.5;126150;0
ТКСХолд;D;20230508;0;2618.0;2639.0;2593.5;2610.0;70247;0
ТКСХолд;D;20230510;0;2625.0;2720.0;2613.5;2718.0;204263;0
ТКСХолд;D;20230511;0;2732.0;2745.5;2600.5;2675.0;317181;0
ТКСХолд;D;20230512;0;2685.0;2705.0;2651.0;2670.0;111024;0
ТКСХолд;D;20230515;0;2680.0;2775.0;2680.0;2775.0;313171;0
ТКСХолд;D;20230516;0;2790.0;2914.0;2775.5;2892.0;455156;0
ТКСХолд;D;20230517;0;2899.0;2998.0;2863.0;2969.0;708060;0
ТКСХолд;D;20230518;0;2990.0;3075.0;2972.0;3026.0;662490;0
ТКСХолд;D;20230519;0;3000.0;3025.0;2910.5;2966.5;502672;0
ТКСХолд;D;20230522;0;3007.0;3199.0;2999.5;3199.0;824758;0
ТКСХолд;D;20230523;0;3200.0;3206.0;3067.0;3139.5;588345;0
ТКСХолд;D;20230524;0;3150.5;3305.0;3150.5;3227.0;961073;0
ТКСХолд;D;20230525;0;3240.0;3242.5;3130.0;3177.0;344509;0
ТКСХолд;D;20230526;0;3178.0;3261.0;3140.0;3217.0;340949;0
ТКСХолд;D;20230529;0;3229.5;3466.5;3229.0;3417.5;765012;0
ТКСХолд;D;20230530;0;3324.0;3426.5;3283.5;3328.5;535581;0
ТКСХолд;D;20230531;0;3325.0;3370.5;3207.0;3317.5;435975;0
ТКСХолд;D;20230601;0;3318.5;3387.5;3262.5;3287.0;289674;0
ТКСХолд;D;20230602;0;3287.0;3349.0;3271.5;3337.0;255974;0
ТКСХолд;D;20230605;0;3345.0;3370.0;3207.0;3224.0;352830;0
ТКСХолд;D;20230606;0;3210.0;3285.0;3108.5;3248.0;359612;0
ТКСХолд;D;20230607;0;3260.0;3309.5;3225.0;3281.0;244075;0
ТКСХолд;D;20230608;0;3277.0;3366.0;3266.0;3349.5;301658;0
ТКСХолд;D;20230609;0;3369.0;3464.0;3310.0;3337.5;532377;0
ТКСХолд;D;20230613;0;3359.0;3440.0;3348.5;3434.0;301686;0
ТКСХолд;D;20230614;0;3454.0;3579.5;3439.0;3553.0;516695;0
ТКСХолд;D;20230615;0;3576.0;3657.5;3482.5;3542.5;829171;0
ТКСХолд;D;20230616;0;3566.5;3566.5;3471.0;3518.0;267956;0
ТКСХолд;D;20230619;0;3520.0;3566.0;3410.5;3463.0;388731;0
ТКСХолд;D;20230620;0;3458.0;3488.0;3365.0;3404.5;325502;0
ТКСХолд;D;20230621;0;3411.0;3418.0;3356.5;3387.0;231636;0
ТКСХолд;D;20230622;0;3387.5;3390.5;3328.0;3354.0;161578;0
ТКСХолд;D;20230623;0;3340.0;3346.0;3171.0;3226.5;645014;0
ТКСХолд;D;20230626;0;3300.0;3406.5;3180.0;3293.5;908832;0
ТКСХолд;D;20230627;0;3314.0;3368.0;3272.5;3308.5;403637;0
ТКСХолд;D;20230628;0;3314.5;3339.0;3280.5;3296.0;187468;0
ТКСХолд;D;20230629;0;3300.0;3409.0;3236.5;3304.0;443071;0
ТКСХолд;D;20230630;0;3311.0;3325.0;3266.0;3280.0;145487;0
ТКСХолд;D;20230703;0;3285.0;3300.0;3211.0;3231.0;277485;0
ТКСХолд;D;20230704;0;3249.0;3267.5;3095.5;3210.0;431462;0
ТКСХолд;D;20230705;0;3231.0;3279.0;3221.5;3263.0;206860;0
ТКСХолд;D;20230706;0;3273.0;3287.0;3232.0;3251.0;199409;0
ТКСХолд;D;20230707;0;3258.5;3258.5;3205.0;3225.0;144494;0
ТКСХолд;D;20230710;0;3230.0;3369.0;3227.0;3362.0;521048;0
ТКСХолд;D;20230711;0;3369.5;3419.0;3336.5;3418.0;405325;0
ТКСХолд;D;20230712;0;3422.0;3445.0;3381.5;3400.0;307839;0
ТКСХолд;D;20230713;0;3410.5;3418.5;3333.0;3371.0;277423;0
ТКСХолд;D;20230714;0;3378.0;3400.0;3340.0;3397.0;178173;0
ТКСХолд;D;20230717;0;3352.5;3477.0;3350.0;3472.5;421573;0
ТКСХолд;D;20230718;0;3477.5;3496.0;3439.5;3482.0;301269;0
ТКСХолд;D;20230719;0;3482.0;3488.5;3440.0;3464.0;217676;0
ТКСХолд;D;20230720;0;3466.0;3466.0;3275.0;3310.0;859173;0
ТКСХолд;D;20230721;0;3309.0;3378.5;3286.0;3371.0;349129;0
ТКСХолд;D;20230724;0;3379.5;3404.5;3371.0;3399.0;238606;0
ТКСХолд;D;20230725;0;3400.0;3450.0;3390.5;3448.0;311921;0
ТКСХолд;D;20230726;0;3445.0;3459.5;3382.5;3424.0;383558;0
ТКСХолд;D;20230727;0;3430.0;3458.0;3370.0;3403.0;314907;0
ТКСХолд;D;20230728;0;3409.5;3410.0;3371.5;3399.0;166158;0
ТКСХолд;D;20230731;0;3403.0;3570.0;3396.0;3546.5;890788;0
ТКСХолд;D;20230801;0;3548.0;3567.5;3481.0;3520.5;507264;0
ТКСХолд;D;20230802;0;3520.0;3588.0;3497.0;3546.0;420815;0
ТКСХолд;D;20230803;0;3550.0;3668.0;3527.5;3639.0;712420;0
ТКСХолд;D;20230804;0;3648.0;3705.0;3411.0;3518.0;978592;0
ТКСХолд;D;20230807;0;3540.0;3600.0;3486.5;3524.5;366344;0
ТКСХолд;D;20230808;0;3525.0;3543.0;3430.0;3537.0;332970;0
ТКСХолд;D;20230809;0;3539.0;3574.0;3490.0;3533.5;257640;0
ТКСХолд;D;20230810;0;3540.5;3686.0;3520.5;3684.5;556826;0
ТКСХолд;D;20230811;0;3692.0;3779.5;3640.5;3729.5;765640;0
ТКСХолд;D;20230814;0;3762.5;3784.0;3575.0;3591.5;656297;0
ТКСХолд;D;20230815;0;3573.0;3665.0;3537.0;3575.0;472794;0
ТКСХолд;D;20230816;0;3576.0;3611.5;3397.0;3498.0;479945;0
ТКСХолд;D;20230817;0;3512.0;3565.0;3440.0;3549.0;324974;0
ТКСХолд;D;20230818;0;3560.0;3600.0;3506.5;3592.0;357423;0
ТКСХолд;D;20230821;0;3611.0;3650.0;3563.0;3616.5;555638;0
ТКСХолд;D;20230822;0;3624.5;3624.5;3541.0;3611.5;448200;0
ТКСХолд;D;20230823;0;3612.5;3636.0;3509.5;3558.0;703620;0
ТКСХолд;D;20230824;0;3558.0;3587.0;3495.0;3529.0;438875;0
ТКСХолд;D;20230825;0;3530.0;3545.5;3475.5;3509.0;443127;0
ТКСХолд;D;20230828;0;3535.0;3585.0;3521.0;3584.5;466336;0
ТКСХолд;D;20230829;0;3590.0;3631.0;3525.5;3568.5;698123;0
ТКСХолд;D;20230830;0;3577.5;3583.0;3522.5;3554.5;296713;0
ТКСХолд;D;20230831;0;3556.5;3677.0;3547.0;3670.5;855928;0
ТКСХолд;D;20230901;0;3672.0;3678.0;3612.5;3639.5;367887;0
ТКСХолд;D;20230904;0;3650.0;3780.0;3644.0;3762.0;807731;0
ТКСХолд;D;20230905;0;3758.5;3809.5;3705.0;3741.0;762947;0
ТКСХолд;D;20230906;0;3741.0;3741.0;3622.0;3644.5;648704;0
ТКСХолд;D;20230907;0;3652.5;3660.0;3503.0;3539.5;758586;0
ТКСХолд;D;20230908;0;3545.0;3566.5;3456.5;3493.0;420457;0
ТКСХолд;D;20230911;0;3504.0;3557.0;3441.0;3453.0;376663;0
ТКСХолд;D;20230912;0;3475.0;3613.5;3470.5;3594.5;427288;0
ТКСХолд;D;20230913;0;3596.0;3609.5;3502.5;3521.0;318410;0
ТКСХолд;D;20230914;0;3529.0;3532.5;3406.0;3462.5;447772;0
ТКСХолд;D;20230915;0;3468.0;3545.0;3463.0;3527.0;450748;0
ТКСХолд;D;20230918;0;3535.0;3576.0;3485.5;3494.0;334282;0
ТКСХолд;D;20230919;0;3505.0;3505.0;3337.0;3355.0;535331;0
ТКСХолд;D;20230920;0;3348.5;3380.0;3241.0;3364.0;550307;0
ТКСХолд;D;20230921;0;3364.0;3394.0;3251.0;3260.0;358592;0
ТКСХолд;D;20230922;0;3268.5;3323.5;3225.0;3312.5;301677;0
ТКСХолд;D;20230925;0;3310.0;3318.5;3234.5;3273.5;259612;0
ТКСХолд;D;20230926;0;3267.5;3316.5;3222.0;3267.5;278075;0
ТКСХолд;D;20230927;0;3289.0;3335.0;3261.5;3287.5;494512;0
ТКСХолд;D;20230928;0;3290.0;3327.0;3264.5;3297.5;391520;0
ТКСХолд;D;20230929;0;3306.0;3309.0;3231.5;3258.5;503519;0
ТКСХолд;D;20231002;0;3260.0;3280.0;3240.0;3255.0;313753;0
ТКСХолд;D;20231003;0;3255.0;3297.0;3201.0;3267.5;432942;0
ТКСХолд;D;20231004;0;3267.5;3311.5;3264.0;3278.0;475438;0
ТКСХолд;D;20231005;0;3291.0;3306.0;3269.5;3280.5;384731;0
ТКСХолд;D;20231006;0;3289.0;3345.0;3265.0;3323.5;443889;0
ТКСХолд;D;20231009;0;3348.0;3380.0;3327.0;3353.0;432756;0
ТКСХолд;D;20231010;0;3353.0;3408.0;3335.0;3390.0;322818;0
ТКСХолд;D;20231011;0;3395.0;3418.5;3307.0;3325.5;455779;0
ТКСХолд;D;20231012;0;3315.0;3431.5;3301.0;3391.0;328439;0
ТКСХолд;D;20231013;0;3408.0;3503.5;3395.0;3475.0;761006;0
ТКСХолд;D;20231016;0;3498.0;3520.0;3452.0;3509.5;508241;0
ТКСХолд;D;20231017;0;3510.0;3535.0;3486.0;3514.0;381485;0
ТКСХолд;D;20231018;0;3521.0;3527.5;3437.0;3472.0;413371;0
ТКСХолд;D;20231019;0;3472.0;3550.0;3462.0;3533.5;486923;0
ТКСХолд;D;20231020;0;3538.5;3541.5;3471.0;3495.5;359399;0
ТКСХолд;D;20231023;0;3505.0;3520.0;3462.0;3480.5;232165;0
ТКСХолд;D;20231024;0;3481.0;3505.0;3452.5;3483.0;243959;0
ТКСХолд;D;20231025;0;3490.0;3520.0;3471.5;3497.5;273385;0
ТКСХолд;D;20231026;0;3498.0;3509.0;3441.0;3449.0;264070;0
ТКСХолд;D;20231027;0;3450.0;3468.0;3401.0;3425.5;314290;0
ТКСХолд;D;20231030;0;3428.5;3460.0;3374.0;3391.0;200520;0
ТКСХолд;D;20231031;0;3392.0;3428.5;3352.0;3416.0;226519;0
ТКСХолд;D;20231101;0;3410.5;3498.5;3390.0;3445.5;286377;0
ТКСХолд;D;20231102;0;3468.5;3477.0;3420.0;3424.5;208873;0
ТКСХолд;D;20231103;0;3430.0;3444.5;3401.5;3417.0;160733;0
ТКСХолд;D;20231106;0;3416.0;3441.5;3415.5;3434.5;103145;0
ТКСХолд;D;20231107;0;3435.0;3529.0;3430.5;3518.5;396407;0
ТКСХолд;D;20231108;0;3525.0;3571.0;3513.5;3543.5;441676;0
ТКСХолд;D;20231109;0;3544.0;3555.0;3505.0;3518.5;272318;0
ТКСХолд;D;20231110;0;3530.0;3608.0;3476.0;3481.0;545500;0
ТКСХолд;D;20231113;0;3471.0;3495.0;3436.0;3482.0;311059;0
ТКСХолд;D;20231114;0;3490.0;3490.0;3407.0;3421.5;219156;0
ТКСХолд;D;20231115;0;3422.0;3448.0;3367.5;3417.5;230073;0
ТКСХолд;D;20231116;0;3420.5;3454.5;3390.0;3395.0;198215;0
ТКСХолд;D;20231117;0;3393.5;3444.0;3368.0;3407.0;365738;0
ТКСХолд;D;20231120;0;3425.0;3488.5;3408.0;3465.0;707662;0
ТКСХолд;D;20231121;0;3472.0;3539.0;3455.0;3504.0;814690;0
ТКСХолд;D;20231122;0;3511.0;3569.0;3503.0;3530.0;731603;0
ТКСХолд;D;20231123;0;3543.0;3546.0;3450.0;3464.5;312512;0
ТКСХолд;D;20231124;0;3464.5;3486.5;3434.0;3469.0;213941;0
ТКСХолд;D;20231127;0;3473.0;3497.5;3415.0;3432.5;246588;0
ТКСХолд;D;20231128;0;3440.0;3454.0;3390.5;3430.0;195389;0
ТКСХолд;D;20231129;0;3435.0;3470.0;3410.5;3416.0;164337;0
ТКСХолд;D;20231130;0;3417.0;3421.0;3305.5;3344.0;375483;0
ТКСХолд;D;20231201;0;3345.0;3367.5;3290.5;3299.0;200484;0
ТКСХолд;D;20231204;0;3298.0;3298.0;3227.5;3243.5;318160;0
ТКСХолд;D;20231205;0;3255.0;3275.0;3170.5;3222.5;380596;0
ТКСХолд;D;20231206;0;3234.0;3234.0;3055.0;3079.0;456027;0
ТКСХолд;D;20231207;0;3078.0;3128.5;3070.0;3108.5;273741;0
ТКСХолд;D;20231208;0;3110.0;3144.0;3083.5;3105.5;193380;0
ТКСХолд;D;20231211;0;3106.0;3111.5;2912.0;2936.0;453667;0
ТКСХолд;D;20231212;0;2932.0;3097.5;2900.5;3036.0;549857;0
ТКСХолд;D;20231213;0;3009.0;3085.5;2981.5;3016.5;228776;0
ТКСХолд;D;20231214;0;3040.0;3087.0;2974.0;2990.0;510381;0
ТКСХолд;D;20231215;0;2990.0;3026.0;2930.0;2999.0;508097;0
ТКСХолд;D;20231218;0;3009.5;3048.5;2977.0;3020.0;608198;0
ТКСХолд;D;20231219;0;3020.0;3114.5;3009.0;3073.5;355152;0
ТКСХолд;D;20231220;0;3073.5;3086.0;3033.0;3050.0;247968;0
ТКСХолд;D;20231221;0;3048.0;3053.5;2987.0;3006.0;244206;0
ТКСХолд;D;20231222;0;3007.0;3039.0;3007.0;3032.0;157656;0
ТКСХолд;D;20231225;0;3032.0;3096.0;3032.0;3084.5;513081;0
ТКСХолд;D;20231226;0;3099.0;3099.5;3062.0;3084.5;235851;0
ТКСХолд;D;20231227;0;3088.0;3187.5;3085.0;3183.0;464576;0
ТКСХолд;D;20231228;0;3195.5;3218.0;3115.0;3211.5;414227;0
ТКСХолд;D;20231229;0;3202.0;3237.0;3185.5;3210.5;201957;0
ТКСХолд;D;20240103;0;3230.0;3293.5;3210.5;3285.0;195123;0
ТКСХолд;D;20240104;0;3287.0;3292.0;3251.0;3261.0;149095;0
ТКСХолд;D;20240105;0;3270.0;3270.0;3206.5;3236.0;119787;0
ТКСХолд;D;20240108;0;3242.0;3289.0;3237.5;3250.0;175255;0
ТКСХолд;D;20240109;0;3262.0;3317.0;3221.5;3294.5;303494;0
ТКСХолд;D;20240110;0;3305.0;3329.5;3290.0;3293.5;181930;0
ТКСХолд;D;20240111;0;3301.0;3306.5;3221.5;3278.0;287078;0
ТКСХолд;D;20240112;0;3277.0;3363.0;3254.0;3355.5;404951;0
ТКСХолд;D;20240115;0;3373.0;3443.5;3340.5;3426.0;589988;0
ТКСХолд;D;20240116;0;3441.0;3441.0;3219.0;3271.0;1231048;0
ТКСХолд;D;20240117;0;3271.0;3273.0;3153.5;3184.0;868048;0
ТКСХолд;D;20240118;0;3180.0;3218.0;3139.0;3148.0;486459;0
ТКСХолд;D;20240119;0;3148.0;3157.0;3076.0;3108.5;545205;0
ТКСХолд;D;20240122;0;3108.5;3133.5;3062.5;3133.0;381978;0
ТКСХолд;D;20240123;0;3140.0;3142.0;3090.0;3107.5;365306;0
ТКСХолд;D;20240124;0;3110.0;3119.0;3065.0;3077.0;271310;0
ТКСХолд;D;20240125;0;3096.5;3099.0;3011.0;3069.5;575862;0
ТКСХолд;D;20240126;0;3076.5;3104.5;3060.0;3093.0;453108;0
ТКСХолд;D;20240129;0;3100.0;3164.0;3094.5;3162.0;486293;0
ТКСХолд;D;20240130;0;3170.5;3225.0;3133.0;3219.5;607687;0
ТКСХолд;D;20240131;0;3219.5;3248.0;3176.0;3183.0;438003;0
ТКСХолд;D;20240201;0;3180.0;3209.0;3170.0;3185.5;240198;0
ТКСХолд;D;20240202;0;3186.5;3192.0;3147.5;3157.5;160011;0
ТКСХолд;D;20240205;0;3157.5;3186.0;3131.0;3175.0;234931;0
ТКСХолд;D;20240206;0;3180.0;3207.0;3177.0;3195.0;181753;0
ТКСХолд;D;20240207;0;3199.5;3279.0;3186.0;3277.5;445065;0
ТКСХолд;D;20240208;0;3279.5;3298.0;3056.0;3145.0;1262759;0
ТКСХолд;D;20240209;0;3145.0;3145.5;3060.0;3066.0;472760;0
ТКСХолд;D;20240212;0;3070.0;3105.0;2980.0;3056.0;940555;0
ТКСХолд;D;20240213;0;3063.0;3124.0;3021.0;3109.5;407167;0
ТКСХолд;D;20240214;0;3109.5;3150.0;3075.0;3103.0;417472;0
ТКСХолд;D;20240215;0;3101.0;3117.5;3011.5;3057.0;428522;0
ТКСХолд;D;20240318;0;2997.0;3090.0;2872.5;3067.0;13382047;0
ТКСХолд;D;20240319;0;3050.0;3286.0;3030.0;3252.5;10500258;0
ТКСХолд;D;20240320;0;3250.0;3344.5;3035.0;3149.5;15400492;0
ТКСХолд;D;20240321;0;3152.0;3183.5;3050.0;3067.0;4473327;0
ТКСХолд;D;20240322;0;3075.0;3129.0;2978.0;3012.0;4020801;0
ТКСХолд;D;20240325;0;3030.0;3115.0;3013.0;3096.0;2676303;0
ТКСХолд;D;20240326;0;3102.0;3165.0;3102.0;3135.5;2666726;0
ТКСХолд;D;20240327;0;3140.5;3174.0;3127.5;3155.0;2267007;0
ТКСХолд;D;20240328;0;3163.0;3165.0;3100.5;3119.0;1113254;0
ТКСХолд;D;20240329;0;3125.0;3192.0;3123.5;3163.0;1679192;0
ТКСХолд;D;20240401;0;3166.0;3218.5;3166.0;3205.0;2342909;0
ТКСХолд;D;20240402;0;3210.0;3222.0;3165.0;3186.0;2185151;0
ТКСХолд;D;20240403;0;3194.0;3206.5;3133.5;3174.5;1943172;0
ТКСХолд;D;20240404;0;3169.5;3196.0;3125.0;3128.0;1783947;0
ТКСХолд;D;20240405;0;3140.0;3152.5;3126.0;3140.0;1153554;0
ТКСХолд;D;20240408;0;3148.0;3168.0;3142.0;3153.5;1317913;0
ТКСХолд;D;20240409;0;3156.0;3167.5;3109.0;3129.0;1252582;0
ТКСХолд;D;20240410;0;3132.0;3143.0;3066.5;3134.0;1965897;0
ТКСХолд;D;20240411;0;3136.0;3143.0;3093.5;3108.0;852258;0
ТКСХолд;D;20240412;0;3112.0;3114.0;3078.5;3086.5;727552;0
ТКСХолд;D;20240415;0;3088.0;3115.0;3086.5;3101.0;964057;0
ТКСХолд;D;20240416;0;3101.5;3108.0;3060.0;3069.0;952751;0
ТКСХолд;D;20240417;0;3072.0;3077.0;3022.5;3028.0;1888978;0
ТКСХолд;D;20240418;0;3032.0;3090.0;3029.0;3071.0;1793821;0
ТКСХолд;D;20240419;0;3080.0;3108.5;3070.0;3073.5;1236675;0
ТКСХолд;D;20240422;0;3085.0;3088.5;3054.0;3065.5;789949;0
ТКСХолд;D;20240423;0;3072.0;3149.0;3066.5;3103.5;2642338;0
ТКСХолд;D;20240424;0;3109.0;3120.0;3091.5;3098.0;525955;0
ТКСХолд;D;20240425;0;3104.0;3108.5;3077.0;3097.0;640974;0
ТКСХолд;D;20240426;0;3099.5;3104.5;3086.0;3090.5;582898;0
ТКСХолд;D;20240427;0;3097.0;3100.0;3073.0;3086.0;641493;0
ТКСХолд;D;20240429;0;3089.0;3105.0;3084.5;3090.5;315773;0
ТКСХолд;D;20240430;0;3092.0;3093.5;3081.5;3084.0;181451;0
ТКСХолд;D;20240502;0;3086.5;3096.5;3075.0;3079.0;429772;0
ТКСХолд;D;20240503;0;3081.0;3082.5;3054.0;3055.0;569110;0
ТКСХолд;D;20240506;0;3058.0;3165.0;3056.0;3153.5;2463155;0
ТКСХолд;D;20240507;0;3156.0;3189.0;3121.0;3136.5;1503299;0
ТКСХолд;D;20240508;0;3148.5;3183.0;3075.0;3086.0;1768531;0
ТКСХолд;D;20240510;0;3088.5;3128.0;3088.5;3100.0;506724;0
ТКСХолд;D;20240513;0;3125.0;3133.5;3054.5;3087.5;1606513;0
ТКСХолд;D;20240514;0;3090.0;3103.5;3077.0;3095.0;834621;0
ТКСХолд;D;20240515;0;3097.5;3103.5;3080.0;3100.0;648588;0
ТКСХолд;D;20240516;0;3105.0;3139.5;3083.5;3089.5;1755159;0
ТКСХолд;D;20240517;0;3093.0;3093.5;3057.0;3060.0;796166;0
ТКСХолд;D;20240520;0;3067.5;3078.0;2980.0;3022.5;2371054;0
ТКСХолд;D;20240521;0;3023.0;3023.0;2982.5;2999.5;814053;0
ТКСХолд;D;20240522;0;3003.0;3007.0;2951.5;2954.5;1122087;0
ТКСХолд;D;20240523;0;2954.5;2998.5;2904.0;2967.0;1973783;0
ТКСХолд;D;20240524;0;2975.0;2986.5;2909.5;2909.5;1001431;0
ТКСХолд;D;20240527;0;2912.0;2944.5;2817.5;2822.0;2334412;0
ТКСХолд;D;20240528;0;2833.0;2899.5;2811.5;2867.0;1263333;0
ТКСХолд;D;20240529;0;2877.0;2977.5;2813.5;2929.0;2305544;0
ТКСХолд;D;20240530;0;2942.0;2982.0;2868.0;2897.0;1612042;0
ТКСХолд;D;20240531;0;2899.0;2923.0;2767.0;2810.0;1610304;0
ТКСХолд;D;20240603;0;2829.0;2853.0;2675.0;2804.0;2063548;0
ТКСХолд;D;20240604;0;2805.0;2903.0;2785.0;2893.0;1439069;0
ТКСХолд;D;20240605;0;2905.0;2972.5;2896.5;2919.0;1837416;0
ТКСХолд;D;20240606;0;2917.0;2932.0;2875.0;2912.5;995118;0
ТКСХолд;D;20240607;0;2915.5;2994.5;2911.0;2957.0;1426024;0
ТКСХолд;D;20240610;0;2974.0;2999.0;2851.0;2886.5;1394940;0
ТКСХолд;D;20240611;0;2893.5;2909.0;2850.0;2890.5;1160771;0
ТКСХолд;D;20240613;0;2815.0;2905.0;2724.5;2886.0;1442269;0
ТКСХолд;D;20240614;0;2887.0;2949.0;2887.0;2906.0;989265;0
ТКСХолд;D;20240617;0;2917.0;2938.0;2877.0;2897.0;1000555;0
ТКСХолд;D;20240618;0;2896.0;2899.0;2803.5;2815.5;1035570;0
ТКСХолд;D;20240619;0;2820.0;2849.0;2752.0;2774.0;1265521;0
ТКСХолд;D;20240620;0;2780.0;2947.0;2780.0;2923.0;2520557;0
ТКСХолд;D;20240621;0;2931.0;2949.0;2877.5;2884.5;1278415;0
ТКСХолд;D;20240624;0;2890.0;2915.0;2841.0;2868.0;1229889;0
ТКСХолд;D;20240625;0;2876.0;2896.5;2851.0;2895.5;652885;0
ТКСХолд;D;20240626;0;2900.0;2968.5;2895.5;2959.5;1220853;0
ТКСХолд;D;20240627;0;2965.5;2998.0;2935.0;2958.0;1170551;0
ТКСХолд;D;20240628;0;2973.0;2989.5;2955.0;2968.5;757573;0
ТКСХолд;D;20240701;0;2984.5;3020.5;2980.0;2991.5;1011313;0
ТКСХолд;D;20240702;0;2991.5;2995.0;2935.0;2940.0;922777;0
ТКСХолд;D;20240703;0;2945.0;2954.0;2900.0;2903.5;858070;0
ТКСХолд;D;20240704;0;2903.0;2911.5;2827.0;2831.5;1136861;0
ТКСХолд;D;20240705;0;2832.0;2846.5;2791.5;2815.5;1253558;0
ТКСХолд;D;20240708;0;2821.5;2841.5;2792.5;2795.0;713434;0
ТКСХолд;D;20240709;0;2800.0;2809.0;2670.0;2674.5;1655029;0
ТКСХолд;D;20240710;0;2677.5;2738.5;2582.5;2605.5;2058462;0
ТКСХолд;D;20240711;0;2619.5;2746.0;2607.5;2741.0;1699848;0
ТКСХолд;D;20240712;0;2745.0;2757.5;2675.5;2692.5;1451775;0
ТКСХолд;D;20240715;0;2707.5;2710.0;2593.0;2614.5;1506338;0
ТКСХолд;D;20240716;0;2615.5;2679.0;2555.0;2652.0;2549096;0
ТКСХолд;D;20240717;0;2658.5;2691.5;2608.5;2627.5;1622790;0
ТКСХолд;D;20240718;0;2632.0;2736.0;2614.0;2736.0;1642677;0
ТКСХолд;D;20240719;0;2737.0;2796.0;2689.5;2746.0;2052128;0
ТКСХолд;D;20240722;0;2773.5;2814.5;2751.5;2772.5;1802140;0
ТКСХолд;D;20240723;0;2772.5;2785.5;2717.0;2729.0;1856879;0
ТКСХолд;D;20240724;0;2732.0;2742.0;2705.0;2710.0;1520316;0
ТКСХолд;D;20240725;0;2710.0;2715.0;2678.0;2685.0;1150313;0
ТКСХолд;D;20240726;0;2693.0;2717.5;2605.0;2613.5;2365698;0
ТКСХолд;D;20240729;0;2607.5;2610.0;2543.5;2570.5;1784693;0
ТКСХолд;D;20240730;0;2570.0;2669.0;2553.0;2655.5;1711905;0
ТКСХолд;D;20240731;0;2655.0;2681.0;2620.0;2635.0;968578;0
ТКСХолд;D;20240801;0;2639.0;2650.0;2601.0;2603.0;703078;0
ТКСХолд;D;20240802;0;2606.0;2614.0;2570.0;2574.0;916003;0
ТКСХолд;D;20240805;0;2543.5;2580.0;2501.0;2546.0;2137686;0
ТКСХолд;D;20240806;0;2574.0;2595.0;2524.0;2555.0;1404399;0
ТКСХолд;D;20240807;0;2562.0;2649.5;2530.0;2607.5;2145104;0
ТКСХолд;D;20240808;0;2625.5;2638.0;2557.5;2571.0;1563748;0
ТКСХолд;D;20240809;0;2575.0;2624.0;2564.0;2572.0;1171276;0
ТКСХолд;D;20240812;0;2572.0;2639.5;2560.0;2617.5;1624846;0
ТКСХолд;D;20240813;0;2635.0;2648.5;2621.5;2631.5;1235081;0
ТКСХолд;D;20240814;0;2640.5;2647.0;2588.5;2590.0;1047084;0
ТКСХолд;D;20240815;0;2597.0;2602.5;2564.0;2567.0;1167629;0
ТКСХолд;D;20240816;0;2575.0;2597.0;2553.5;2563.0;1219385;0
ТКСХолд;D;20240819;0;2585.0;2615.5;2571.0;2615.5;2292277;0
ТКСХолд;D;20240820;0;2621.0;2680.0;2591.5;2617.0;3157371;0
ТКСХолд;D;20240821;0;2622.0;2652.0;2596.0;2630.0;2002545;0
ТКСХолд;D;20240822;0;2633.0;2644.5;2555.0;2575.0;1664397;0
ТКСХолд;D;20240823;0;2580.0;2589.0;2481.5;2530.0;2634024;0
ТКСХолд;D;20240826;0;2589.0;2596.5;2553.5;2576.0;1645400;0
ТКСХолд;D;20240827;0;2581.0;2589.5;2532.0;2546.5;1270565;0
ТКСХолд;D;20240828;0;2546.5;2548.5;2502.0;2534.0;1203573;0
ТКСХолд;D;20240829;0;2534.0;2545.0;2490.0;2504.0;1415546;0
ТКСХолд;D;20240830;0;2513.5;2515.0;2393.0;2397.0;2286677;0
ТКСХолд;D;20240902;0;2377.0;2390.0;2233.0;2245.5;3618862;0
ТКСХолд;D;20240903;0;2259.0;2330.0;2210.0;2256.0;3494462;0
ТКСХолд;D;20240904;0;2265.0;2329.0;2246.5;2327.5;2213320;0
ТКСХолд;D;20240905;0;2350.0;2365.0;2284.5;2297.0;2056548;0
ТКСХолд;D;20240906;0;2298.5;2333.0;2287.5;2316.0;1115360;0
ТКСХолд;D;20240909;0;2332.5;2415.0;2327.0;2411.5;2143632;0
ТКСХолд;D;20240910;0;2444.0;2444.0;2361.0;2388.0;2128302;0
ТКСХолд;D;20240911;0;2385.5;2402.0;2313.0;2322.5;1708881;0
ТКСХолд;D;20240912;0;2320.0;2340.0;2297.0;2315.5;1566464;0
ТКСХолд;D;20240913;0;2320.0;2347.0;2262.0;2329.0;2705134;0
ТКСХолд;D;20240916;0;2350.5;2432.0;2343.5;2432.0;2164031;0
ТКСХолд;D;20240917;0;2435.5;2456.5;2402.0;2448.5;2109432;0
ТКСХолд;D;20240918;0;2448.5;2488.0;2432.5;2442.5;1938748;0
ТКСХолд;D;20240919;0;2450.0;2489.5;2440.5;2470.0;1723114;0
ТКСХолд;D;20240920;0;2475.5;2529.5;2475.0;2529.0;1872816;0
ТКСХолд;D;20240923;0;2554.5;2585.0;2538.0;2585.0;1565434;0
ТКСХолд;D;20240924;0;2627.0;2645.0;2583.5;2642.5;2538547;0
ТКСХолд;D;20240925;0;2638.0;2779.0;2618.0;2659.5;6879887;0
ТКСХолд;D;20240926;0;2649.0;2695.0;2602.0;2614.0;3651559;0
ТКСХолд;D;20240927;0;2616.5;2669.5;2611.5;2643.0;2809075;0
ТКСХолд;D;20240930;0;2659.0;2685.5;2618.0;2623.5;2650083;0
ТКСХолд;D;20241001;0;2627.5;2628.0;2541.0;2560.5;3901901;0
ТКСХолд;D;20241002;0;2563.5;2591.0;2468.5;2498.5;3716883;0
ТКСХолд;D;20241003;0;2503.0;2589.0;2487.5;2589.0;4110641;0
ТКСХолд;D;20241004;0;2596.5;2618.5;2545.5;2547.5;3247929;0
ТКСХолд;D;20241007;0;2557.0;2568.0;2518.0;2523.5;2613251;0
ТКСХолд;D;20241008;0;2536.0;2552.0;2509.0;2531.0;2030351;0
ТКСХолд;D;20241009;0;2535.0;2597.0;2524.0;2568.0;4250882;0
ТКСХолд;D;20241010;0;2575.0;2592.5;2553.5;2566.5;1862046;0
ТКСХолд;D;20241011;0;2569.5;2571.5;2544.0;2546.0;1440271;0
ТКСХолд;D;20241014;0;2555.5;2619.0;2536.0;2598.5;3137163;0
ТКСХолд;D;20241015;0;2598.0;2638.5;2590.5;2619.5;2842964;0
ТКСХолд;D;20241016;0;2629.5;2637.0;2594.0;2601.5;2276900;0
ТКСХолд;D;20241017;0;2607.5;2612.5;2573.0;2577.5;1882034;0
ТКСХолд;D;20241018;0;2576.5;2586.0;2557.5;2568.5;2070390;0
ТКСХолд;D;20241021;0;2574.5;2609.0;2574.0;2584.0;1972627;0
ТКСХолд;D;20241022;0;2593.5;2593.5;2552.5;2555.0;1956564;0
ТКСХолд;D;20241023;0;2554.0;2554.5;2462.0;2483.5;3271471;0
ТКСХолд;D;20241024;0;2476.0;2539.5;2476.0;2532.0;3866757;0
ТКСХолд;D;20241025;0;2533.5;2548.0;2395.5;2409.0;6895159;0
ТКСХолд;D;20241028;0;2375.0;2396.0;2304.5;2322.5;6429933;0
ТКСХолд;D;20241029;0;2330.5;2406.5;2311.5;2390.0;6183809;0
ТКСХолд;D;20241030;0;2398.5;2410.5;2334.5;2341.0;5236207;0
ТКСХолд;D;20241031;0;2329.0;2355.0;2307.0;2327.5;4488913;0
ТКСХолд;D;20241101;0;2328.0;2349.0;2317.6;2344.0;3976727;0
ТКСХолд;D;20241102;0;2346.6;2354.0;2293.8;2312.6;3887345;0
ТКСХолд;D;20241105;0;2326.0;2334.0;2310.4;2324.2;3163340;0
ТКСХолд;D;20241106;0;2402.0;2434.6;2348.4;2373.6;7943938;0
ТКСХолд;D;20241107;0;2374.0;2482.0;2350.6;2482.0;6940349;0
ТКСХолд;D;20241108;0;2517.0;2577.2;2486.0;2573.0;9908282;0
ТКСХолд;D;20241111;0;2629.0;2642.6;2596.4;2614.2;8420119;0
ТКСХолд;D;20241112;0;2608.2;2609.0;2543.6;2549.8;6717022;0
ТКСХолд;D;20241113;0;2543.8;2584.8;2513.2;2524.0;7647823;0
ТКСХолд;D;20241114;0;2526.0;2575.0;2526.0;2554.0;6830166;0
ТКСХолд;D;20241115;0;2565.8;2606.4;2550.0;2603.6;6473766;0
ТКСХолд;D;20241118;0;2540.2;2667.2;2530.0;2640.4;11502908;0
ТКСХолд;D;20241119;0;2655.4;2675.4;2566.0;2591.0;12502963;0
ТКСХолд;D;20241120;0;2605.6;2623.4;2530.0;2540.2;9962949;0
ТКСХолд;D;20241121;0;2550.4;2579.0;2473.2;2576.4;10618712;0
ТКСХолд;D;20241122;0;2582.0;2588.4;2412.2;2444.8;12281914;0
ТКСХолд;D;20241125;0;2386.4;2394.8;2326.0;2339.6;7803585;0
ТКСХолд;D;20241126;0;2340.2;2375.4;2251.2;2274.0;10453756;0
ТКСХолд;D;20241127;0;2280.0;2389.8;2207.4;2384.8;16169268;0
ТКСХолд;D;20241128;0;2390.0;2416.6;2330.4;2367.0;9862491;0
ТКСХолд;D;20241129;0;2362.0;2424.0;2351.2;2387.8;7774611;0
ТКСХолд;D;20241202;0;2404.0;2430.6;2388.4;2392.2;6214953;0
ТКСХолд;D;20241203;0;2397.8;2402.6;2340.0;2352.0;6196687;0
ТКСХолд;D;20241204;0;2354.0;2386.0;2272.0;2288.6;8309368;0
ТКСХолд;D;20241205;0;2295.0;2374.6;2283.0;2371.0;9736023;0
ТКСХолд;D;20241206;0;2376.0;2390.0;2336.0;2350.0;8375821;0
ТКСХолд;D;20241209;0;2382.8;2410.0;2365.0;2395.0;6292380;0
ТКСХолд;D;20241210;0;2397.4;2398.0;2342.0;2345.2;6593828;0
