<TICKER>;<PER>;<DATE>;<TIME>;<OPEN>;<HIGH>;<LOW>;<CLOSE>;<VOL>;<OPENINT>
TGLD ETF;D;20210825;000000;5.462;5.473;5.418;5.467;2051;0
TGLD ETF;D;20210826;000000;5.419;5.513;5.412;5.473;20229;0
TGLD ETF;D;20210827;000000;5.507;5.539;5.466;5.485;141711;0
TGLD ETF;D;20210830;000000;5.511;5.524;5.466;5.492;44257;0
TGLD ETF;D;20210831;000000;5.477;5.511;5.457;5.476;140818;0
TGLD ETF;D;20210901;000000;5.459;5.489;5.443;5.461;11777;0
TGLD ETF;D;20210902;000000;5.438;5.464;5.417;5.425;10234;0
TGLD ETF;D;20210903;000000;5.44;5.506;5.424;5.49;12337;0
TGLD ETF;D;20210906;000000;5.476;5.507;5.468;5.507;16488;0
TGLD ETF;D;20210907;000000;5.487;5.491;5.403;5.441;36871;0
TGLD ETF;D;20210908;000000;5.421;5.468;5.383;5.43;29425;0
TGLD ETF;D;20210909;000000;5.386;5.421;5.375;5.399;31846;0
TGLD ETF;D;20210910;000000;5.429;5.429;5.364;5.427;5895;0
TGLD ETF;D;20210913;000000;5.376;5.41;5.356;5.376;7201;0
TGLD ETF;D;20210914;000000;5.356;5.442;5.343;5.428;24384;0
TGLD ETF;D;20210915;000000;5.427;5.427;5.343;5.375;6993;0
TGLD ETF;D;20210916;000000;5.33;5.34;5.23;5.263;16882;0
TGLD ETF;D;20210917;000000;5.305;5.317;5.234;5.281;30523;0
TGLD ETF;D;20210920;000000;5.281;5.36;5.267;5.321;20013;0
TGLD ETF;D;20210921;000000;5.311;5.383;5.298;5.35;5016;0
TGLD ETF;D;20210922;000000;5.335;5.369;5.305;5.33;6597;0
TGLD ETF;D;20210923;000000;5.27;5.335;5.236;5.263;7758;0
TGLD ETF;D;20210924;000000;5.265;5.31;5.224;5.278;24287;0
TGLD ETF;D;20210927;000000;5.27;5.307;5.219;5.25;55169;0
TGLD ETF;D;20210928;000000;5.211;5.238;5.161;5.236;21458;0
TGLD ETF;D;20210929;000000;5.218;5.246;5.179;5.179;10108;0
TGLD ETF;D;20210930;000000;5.203;5.289;5.169;5.259;23121;0
TGLD ETF;D;20211001;000000;5.259;5.328;5.251;5.287;21512;0
TGLD ETF;D;20211004;000000;5.287;5.287;5.239;5.28;7179;0
TGLD ETF;D;20211005;000000;5.237;5.277;5.209;5.258;77029;0
TGLD ETF;D;20211006;000000;5.231;5.27;5.193;5.237;4246;0
TGLD ETF;D;20211007;000000;5.237;5.273;5.185;5.194;5689;0
TGLD ETF;D;20211008;000000;5.206;5.284;5.177;5.183;30107;0
TGLD ETF;D;20211011;000000;5.188;5.21;5.152;5.184;24747;0
TGLD ETF;D;20211012;000000;5.223;5.254;5.198;5.225;25000;0
TGLD ETF;D;20211013;000000;5.206;5.318;5.206;5.31;10452;0
TGLD ETF;D;20211014;000000;5.319;5.33;5.266;5.302;5230;0
TGLD ETF;D;20211015;000000;5.267;5.267;5.171;5.193;107477;0
TGLD ETF;D;20211018;000000;5.172;5.19;5.148;5.19;33437;0
TGLD ETF;D;20211019;000000;5.251;5.266;5.18;5.188;27645;0
TGLD ETF;D;20211020;000000;5.227;5.234;5.19;5.219;26727;0
TGLD ETF;D;20211021;000000;5.232;5.248;5.203;5.209;15069;0
TGLD ETF;D;20211022;000000;5.257;5.274;5.174;5.2;16791;0
TGLD ETF;D;20211025;000000;5.233;5.233;5.172;5.218;18092;0
TGLD ETF;D;20211026;000000;5.18;5.182;5.098;5.127;15834;0
TGLD ETF;D;20211027;000000;5.127;5.21;5.11;5.184;9135;0
TGLD ETF;D;20211028;000000;5.244;5.271;5.181;5.229;27317;0
TGLD ETF;D;20211029;000000;5.203;5.237;5.17;5.177;7304;0
TGLD ETF;D;20211101;000000;5.242;5.284;5.202;5.24;12280;0
TGLD ETF;D;20211102;000000;5.266;5.326;5.266;5.292;28911;0
TGLD ETF;D;20211103;000000;5.244;5.31;5.214;5.224;35535;0
TGLD ETF;D;20211105;000000;5.34;5.34;5.252;5.316;30476;0
TGLD ETF;D;20211108;000000;5.316;5.364;5.316;5.36;31789;0
TGLD ETF;D;20211109;000000;5.36;5.364;5.294;5.326;7634;0
TGLD ETF;D;20211110;000000;5.318;5.44;5.28;5.426;36865;0
TGLD ETF;D;20211111;000000;5.426;5.474;5.422;5.434;86565;0
TGLD ETF;D;20211112;000000;5.446;5.594;5.446;5.558;80078;0
TGLD ETF;D;20211115;000000;5.544;5.592;5.48;5.584;525948;0
TGLD ETF;D;20211116;000000;5.594;5.664;5.552;5.636;134619;0
TGLD ETF;D;20211117;000000;5.616;5.616;5.54;5.552;40638;0
TGLD ETF;D;20211118;000000;5.552;5.624;5.536;5.612;29376;0
TGLD ETF;D;20211119;000000;5.576;5.648;5.542;5.61;28322;0
TGLD ETF;D;20211122;000000;5.568;5.776;5.53;5.6;81402;0
TGLD ETF;D;20211123;000000;5.57;5.62;5.428;5.506;1056158;0
TGLD ETF;D;20211124;000000;5.506;5.542;5.468;5.518;17927;0
TGLD ETF;D;20211125;000000;5.542;5.546;5.488;5.508;6910;0
TGLD ETF;D;20211126;000000;5.61;5.698;5.576;5.612;154902;0
TGLD ETF;D;20211129;000000;5.576;5.6;5.466;5.474;123786;0
TGLD ETF;D;20211130;000000;5.58;5.582;5.472;5.506;17982;0
TGLD ETF;D;20211201;000000;5.504;5.504;5.414;5.442;7007;0
TGLD ETF;D;20211202;000000;5.428;5.434;5.34;5.356;20545;0
TGLD ETF;D;20211203;000000;5.386;5.402;5.356;5.364;6849;0
TGLD ETF;D;20211206;000000;5.43;5.436;5.364;5.436;125614;0
TGLD ETF;D;20211207;000000;5.45;5.478;5.422;5.462;18715;0
TGLD ETF;D;20211208;000000;5.474;5.474;5.394;5.416;10237;0
TGLD ETF;D;20211209;000000;5.394;5.422;5.37;5.378;12308;0
TGLD ETF;D;20211210;000000;5.378;5.392;5.328;5.39;127331;0
TGLD ETF;D;20211213;000000;5.408;5.428;5.38;5.4;29742;0
TGLD ETF;D;20211214;000000;5.4;5.424;5.352;5.352;37890;0
TGLD ETF;D;20211215;000000;5.394;5.4;5.35;5.364;25902;0
TGLD ETF;D;20211216;000000;5.448;5.462;5.382;5.426;12860;0
TGLD ETF;D;20211217;000000;5.524;5.532;5.45;5.532;85361;0
TGLD ETF;D;20211220;000000;5.528;5.528;5.466;5.48;15006;0
TGLD ETF;D;20211221;000000;5.466;5.498;5.43;5.47;36919;0
TGLD ETF;D;20211222;000000;5.464;5.464;5.404;5.438;29724;0
TGLD ETF;D;20211223;000000;5.47;5.488;5.432;5.452;29511;0
TGLD ETF;D;20211224;000000;5.438;5.502;5.434;5.502;31117;0
TGLD ETF;D;20211227;000000;5.482;5.498;5.448;5.488;153483;0
TGLD ETF;D;20211228;000000;5.47;5.528;5.466;5.5;40451;0
TGLD ETF;D;20211229;000000;5.498;5.52;5.436;5.516;121688;0
TGLD ETF;D;20211230;000000;5.496;5.582;5.462;5.578;16013;0
TGLD ETF;D;20220103;000000;5.628;5.628;5.504;5.54;30494;0
TGLD ETF;D;20220104;000000;5.54;5.622;5.53;5.62;6218;0
TGLD ETF;D;20220105;000000;5.636;5.722;5.602;5.7;185685;0
TGLD ETF;D;20220106;000000;5.696;5.696;5.4;5.618;48624;0
TGLD ETF;D;20220110;000000;5.566;5.568;5.52;5.566;78101;0
TGLD ETF;D;20220111;000000;5.568;5.596;5.53;5.596;23779;0
TGLD ETF;D;20220112;000000;5.588;5.624;5.544;5.62;16028;0
TGLD ETF;D;20220113;000000;5.608;5.724;5.566;5.7;56330;0
TGLD ETF;D;20220114;000000;5.682;5.77;5.66;5.708;95628;0
TGLD ETF;D;20220117;000000;5.69;5.742;5.642;5.696;75571;0
TGLD ETF;D;20220118;000000;5.688;5.75;5.654;5.718;164786;0
TGLD ETF;D;20220119;000000;5.722;5.792;5.652;5.74;156898;0
TGLD ETF;D;20220120;000000;5.758;5.82;5.738;5.8;32951;0
TGLD ETF;D;20220121;000000;5.816;5.842;5.74;5.794;484626;0
TGLD ETF;D;20220124;000000;5.83;6;5.802;5.94;775672;0
TGLD ETF;D;20220125;000000;5.94;6.034;5.906;5.916;405897;0
TGLD ETF;D;20220126;000000;5.998;6.056;5.932;5.952;806855;0
TGLD ETF;D;20220127;000000;5.902;5.922;5.706;5.758;87469;0
TGLD ETF;D;20220128;000000;5.752;5.754;5.664;5.708;236065;0
TGLD ETF;D;20220131;000000;5.678;5.734;5.668;5.73;78034;0
TGLD ETF;D;20220201;000000;5.73;5.732;5.66;5.686;184453;0
TGLD ETF;D;20220202;000000;5.68;5.696;5.616;5.662;68887;0
TGLD ETF;D;20220203;000000;5.658;5.702;5.62;5.666;208114;0
TGLD ETF;D;20220204;000000;5.666;5.682;5.616;5.636;38157;0
TGLD ETF;D;20220207;000000;5.646;5.668;5.6;5.63;13304;0
TGLD ETF;D;20220208;000000;5.64;5.652;5.59;5.614;69416;0
TGLD ETF;D;20220209;000000;5.61;5.634;5.586;5.616;26193;0
TGLD ETF;D;20220210;000000;5.642;5.66;5.592;5.646;20026;0
TGLD ETF;D;20220211;000000;5.636;5.958;5.62;5.866;226525;0
TGLD ETF;D;20220214;000000;5.86;5.952;5.782;5.9;268763;0
TGLD ETF;D;20220215;000000;5.896;5.926;5.71;5.756;492120;0
TGLD ETF;D;20220216;000000;5.752;5.79;5.694;5.78;51232;0
TGLD ETF;D;20220217;000000;5.842;6;5.804;5.964;472556;0
TGLD ETF;D;20220218;000000;5.9;6.042;5.856;6.008;261655;0
TGLD ETF;D;20220221;000000;5.94;6.27;5.896;6.256;1267846;0
TGLD ETF;D;20220222;000000;6.266;6.372;6.098;6.22;745458;0
TGLD ETF;D;20220224;000000;6.324;7.07;5.5;6.268;1251510;0
TGLD ETF;D;20220225;000000;6.802;6.802;5.97;6;629071;0
TGLD ETF;D;20220531;000000;5.27;5.27;4.1;4.442;375190;0
TGLD ETF;D;20220601;000000;4.48;4.522;4.332;4.418;63861;0
TGLD ETF;D;20220602;000000;4.414;4.52;4.35;4.454;79690;0
TGLD ETF;D;20220603;000000;4.392;4.54;4.342;4.37;713138;0
TGLD ETF;D;20220606;000000;4.896;4.896;4.338;4.462;223578;0
TGLD ETF;D;20220607;000000;4.85;4.85;4.348;4.372;79926;0
TGLD ETF;D;20220608;000000;4.374;4.5;4.246;4.312;208024;0
TGLD ETF;D;20220609;000000;4.312;4.314;4.032;4.164;450269;0
TGLD ETF;D;20220610;000000;4.438;4.438;4.066;4.314;97062;0
TGLD ETF;D;20220614;000000;4.252;4.314;4.052;4.1;914677;0
TGLD ETF;D;20220615;000000;4.1;4.314;4.08;4.314;66920;0
TGLD ETF;D;20220616;000000;4.492;4.492;4.174;4.29;153249;0
TGLD ETF;D;20220617;000000;4.19;4.488;4.1;4.254;106916;0
TGLD ETF;D;20220620;000000;4.246;4.302;4.076;4.202;104333;0
TGLD ETF;D;20220621;000000;4.202;4.238;3.998;4.192;268500;0
TGLD ETF;D;20220622;000000;4.192;4.192;4.01;4.176;455337;0
TGLD ETF;D;20220623;000000;4.232;4.276;4.02;4.088;139769;0
TGLD ETF;D;20220624;000000;4.14;4.144;3.85;4.002;428400;0
TGLD ETF;D;20220627;000000;4.042;4.11;3.8;3.976;225581;0
TGLD ETF;D;20220628;000000;4.05;4.114;3.902;3.96;2755180;0
TGLD ETF;D;20220629;000000;4.074;4.074;3.782;3.98;645054;0
TGLD ETF;D;20220630;000000;3.98;4.096;3.804;4.018;353949;0
TGLD ETF;D;20220701;000000;4.018;4.148;3.894;4.142;1854441;0
TGLD ETF;D;20220704;000000;4.142;4.3;4.078;4.242;517893;0
TGLD ETF;D;20220705;000000;4.354;4.624;4.196;4.6;458182;0
TGLD ETF;D;20220706;000000;4.78;4.78;4.452;4.638;160049;0
TGLD ETF;D;20220707;000000;4.448;4.7;4.408;4.528;87727;0
TGLD ETF;D;20220708;000000;4.528;4.53;4.21;4.378;334427;0
TGLD ETF;D;20220711;000000;4.556;4.556;4.094;4.228;107742;0
TGLD ETF;D;20220712;000000;4.346;4.346;4.012;4.174;262249;0
TGLD ETF;D;20220713;000000;4.174;4.198;4.054;4.086;55310;0
TGLD ETF;D;20220714;000000;4.086;4.268;4;4.02;474509;0
TGLD ETF;D;20220715;000000;4.15;4.182;3.896;4.05;345651;0
TGLD ETF;D;20220718;000000;4.3;4.3;3.884;3.982;119791;0
TGLD ETF;D;20220719;000000;4.086;4.086;3.852;3.952;69205;0
TGLD ETF;D;20220720;000000;4.102;4.102;3.86;3.968;73005;0
TGLD ETF;D;20220721;000000;3.968;4.15;3.86;4.012;235215;0
TGLD ETF;D;20220722;000000;3.9;4.148;3.878;4.032;388988;0
TGLD ETF;D;20220725;000000;4.152;4.34;4.012;4.124;2630045;0
TGLD ETF;D;20220726;000000;4.398;4.398;4;4.3;289099;0
TGLD ETF;D;20220727;000000;4.3;4.366;4.2;4.232;272770;0
TGLD ETF;D;20220728;000000;4.396;4.496;4.25;4.446;1228447;0
TGLD ETF;D;20220729;000000;4.446;4.59;4.4;4.59;808076;0
TGLD ETF;D;20220801;000000;4.326;4.698;4.324;4.546;14787879;0
TGLD ETF;D;20220802;000000;4.76;4.76;4.402;4.556;392998;0
TGLD ETF;D;20220803;000000;4.77;4.77;4.412;4.518;847691;0
TGLD ETF;D;20220804;000000;4.5;4.6;4.488;4.5;327767;0
TGLD ETF;D;20220805;000000;4.5;4.63;4.45;4.504;400163;0
TGLD ETF;D;20220808;000000;4.17;4.748;4.17;4.488;318878;0
TGLD ETF;D;20220809;000000;4.62;4.62;4.45;4.51;95720;0
TGLD ETF;D;20220810;000000;4.63;4.696;4.402;4.516;175066;0
TGLD ETF;D;20220811;000000;4.596;4.596;4.452;4.54;208383;0
TGLD ETF;D;20220812;000000;4.52;4.638;4.5;4.528;737672;0
TGLD ETF;D;20220815;000000;4.644;4.646;4.5;4.59;1305475;0
TGLD ETF;D;20220816;000000;4.65;4.65;4.51;4.51;2406306;0
TGLD ETF;D;20220817;000000;4.512;4.72;4.5;4.53;1605549;0
TGLD ETF;D;20220818;000000;4.53;4.676;4.402;4.436;3841988;0
TGLD ETF;D;20220819;000000;4.698;4.698;4.35;4.412;1591436;0
TGLD ETF;D;20220822;000000;4.412;4.568;4.3;4.362;1424271;0
TGLD ETF;D;20220823;000000;4.35;4.466;4.31;4.312;446419;0
TGLD ETF;D;20220824;000000;4.47;4.47;4.32;4.332;1166836;0
TGLD ETF;D;20220825;000000;4.47;4.47;4.332;4.354;1592288;0
TGLD ETF;D;20220826;000000;4.58;4.58;4.356;4.418;1722886;0
TGLD ETF;D;20220829;000000;4.398;4.418;4.35;4.398;1255969;0
TGLD ETF;D;20220830;000000;4.398;4.49;4.32;4.326;2259927;0
TGLD ETF;D;20220831;000000;4.49;4.49;4.226;4.28;3596835;0
TGLD ETF;D;20220901;000000;4.408;4.408;4.25;4.342;556643;0
TGLD ETF;D;20220902;000000;4.408;4.452;4.302;4.338;2203387;0
TGLD ETF;D;20220905;000000;4.34;4.462;4.28;4.324;2899841;0
TGLD ETF;D;20220906;000000;4.324;4.4;4.302;4.4;2016740;0
TGLD ETF;D;20220907;000000;4.4;4.414;4.3;4.3;3944735;0
TGLD ETF;D;20220908;000000;4.398;4.42;4.306;4.334;2111949;0
TGLD ETF;D;20220909;000000;4.316;4.43;4.31;4.312;2472850;0
TGLD ETF;D;20220912;000000;4.436;4.436;4.31;4.316;3947994;0
TGLD ETF;D;20220913;000000;4.402;4.406;4.3;4.332;553157;0
TGLD ETF;D;20220914;000000;4.332;4.36;4.254;4.284;3463840;0
TGLD ETF;D;20220915;000000;4.28;4.31;4.25;4.288;2435874;0
TGLD ETF;D;20220916;000000;4.38;4.388;4.25;4.264;2998480;0
TGLD ETF;D;20220919;000000;4.344;4.346;4.214;4.252;1834707;0
TGLD ETF;D;20220920;000000;4.23;4.27;4.208;4.25;1664246;0
TGLD ETF;D;20220921;000000;4.252;4.344;4.142;4.154;4044915;0
TGLD ETF;D;20220922;000000;4.208;4.208;4.072;4.128;4206637;0
TGLD ETF;D;20220923;000000;4.134;4.2;3.944;4.1;8528367;0
TGLD ETF;D;20220926;000000;4.1;4.146;3.948;4.072;4071460;0
TGLD ETF;D;20220927;000000;4.136;4.136;3.962;4.036;3820169;0
TGLD ETF;D;20220928;000000;4.02;4.098;4.004;4.042;8748733;0
TGLD ETF;D;20220929;000000;4.042;4.06;3.984;4.05;928902;0
TGLD ETF;D;20220930;000000;3.958;4.25;3.958;4.25;1273946;0
TGLD ETF;D;20221003;000000;4.25;4.27;4;4.27;4277090;0
TGLD ETF;D;20221004;000000;4.086;4.322;4.084;4.244;6651572;0
TGLD ETF;D;20221005;000000;4.398;4.398;4.238;4.288;6608497;0
TGLD ETF;D;20221006;000000;4.29;4.4;4.29;4.396;7590575;0
TGLD ETF;D;20221007;000000;4.396;4.5;4.302;4.36;4573545;0
TGLD ETF;D;20221010;000000;4.408;4.456;4.272;4.276;14590381;0
TGLD ETF;D;20221011;000000;4.372;4.498;4.278;4.432;15473206;0
TGLD ETF;D;20221012;000000;4.432;4.58;4.32;4.422;19048648;0
TGLD ETF;D;20221013;000000;4.5;4.564;4.312;4.38;14911362;0
TGLD ETF;D;20221014;000000;4.382;4.452;4.262;4.322;9438352;0
TGLD ETF;D;20221017;000000;4.348;4.538;4.24;4.278;20404538;0
TGLD ETF;D;20221018;000000;4.278;4.328;4.206;4.236;29281240;0
TGLD ETF;D;20221019;000000;4.26;4.296;4.204;4.204;29789759;0
TGLD ETF;D;20221020;000000;4.236;4.284;4.172;4.2;33578597;0
TGLD ETF;D;20221021;000000;4.2;4.25;4.174;4.21;38980948;0
TGLD ETF;D;20221024;000000;4.236;4.292;4.2;4.202;77060317;0
TGLD ETF;D;20221025;000000;4.226;4.36;4.2;4.242;63460785;0
TGLD ETF;D;20221026;000000;4.386;4.458;4.244;4.272;75665886;0
TGLD ETF;D;20221027;000000;4.272;4.348;4.252;4.292;61613569;0
TGLD ETF;D;20221028;000000;4.294;4.356;4.282;4.294;73435421;0
TGLD ETF;D;20221031;000000;4.31;4.398;4.262;4.272;109064670;0
TGLD ETF;D;20221101;000000;4.308;4.422;4.27;4.28;111448053;0
TGLD ETF;D;20221102;000000;4.298;4.326;4.28;4.292;111816237;0
TGLD ETF;D;20221103;000000;4.294;4.378;4.262;4.262;102783176;0
TGLD ETF;D;20221107;000000;4.266;4.34;4.252;4.272;171896354;0
TGLD ETF;D;20221108;000000;4.29;4.374;4.274;4.322;134049666;0
TGLD ETF;D;20221109;000000;4.324;4.526;4.324;4.514;41405306;0
TGLD ETF;D;20221110;000000;4.524;4.582;4.4;4.44;22664310;0
TGLD ETF;D;20221111;000000;4.49;4.49;4.25;4.33;135118782;0
TGLD ETF;D;20221114;000000;4.378;4.466;4.366;4.422;94503888;0
TGLD ETF;D;20221115;000000;4.424;4.46;4.398;4.42;74082376;0
TGLD ETF;D;20221116;000000;4.46;4.46;4.4;4.422;108737526;0
TGLD ETF;D;20221117;000000;4.422;4.46;4.408;4.428;80374243;0
TGLD ETF;D;20221118;000000;4.428;4.456;4.402;4.406;117557802;0
TGLD ETF;D;20221121;000000;4.424;4.472;4.4;4.424;114435603;0
TGLD ETF;D;20221122;000000;4.438;4.482;4.42;4.464;61835796;0
TGLD ETF;D;20221123;000000;4.468;4.59;4.434;4.492;43374887;0
TGLD ETF;D;20221124;000000;4.492;4.51;4.402;4.426;132972119;0
TGLD ETF;D;20221125;000000;4.456;4.456;4.412;4.42;90987163;0
TGLD ETF;D;20221128;000000;4.45;4.474;4.426;4.464;99264914;0
TGLD ETF;D;20221129;000000;4.468;4.49;4.426;4.45;123892397;0
TGLD ETF;D;20221130;000000;4.448;4.496;4.448;4.456;110279445;0
TGLD ETF;D;20221201;000000;4.476;4.536;4.462;4.528;108016464;0
TGLD ETF;D;20221202;000000;4.512;4.612;4.512;4.582;117390272;0
TGLD ETF;D;20221205;000000;4.606;4.666;4.606;4.626;152644490;0
TGLD ETF;D;20221206;000000;4.63;4.684;4.584;4.664;137990808;0
TGLD ETF;D;20221207;000000;4.67;4.706;4.594;4.644;174096647;0
TGLD ETF;D;20221208;000000;4.654;4.674;4.584;4.65;116869152;0
TGLD ETF;D;20221209;000000;4.66;4.67;4.624;4.648;132970659;0
TGLD ETF;D;20221212;000000;4.678;4.722;4.64;4.676;149907633;0
TGLD ETF;D;20221213;000000;4.73;4.748;4.688;4.702;151416612;0
TGLD ETF;D;20221214;000000;4.702;4.778;4.702;4.778;136701440;0
TGLD ETF;D;20221215;000000;4.778;4.878;4.732;4.794;147539300;0
TGLD ETF;D;20221216;000000;4.816;4.834;4.742;4.804;141336047;0
TGLD ETF;D;20221219;000000;4.866;4.994;4.812;4.97;178520453;0
TGLD ETF;D;20221220;000000;5.012;5.12;4.972;5.11;178511685;0
TGLD ETF;D;20221221;000000;5.136;5.268;5.136;5.25;168478832;0
TGLD ETF;D;20221222;000000;5.322;5.44;4.984;5.074;111040818;0
TGLD ETF;D;20221223;000000;5.21;5.248;4.992;5.198;45224344;0
TGLD ETF;D;20221226;000000;5.298;5.298;5.018;5.098;120411587;0
TGLD ETF;D;20221227;000000;5.082;5.27;5.01;5.242;65132670;0
TGLD ETF;D;20221228;000000;5.576;5.576;5.152;5.274;43281128;0
TGLD ETF;D;20221229;000000;5.292;5.398;5.222;5.362;22141665;0
TGLD ETF;D;20221230;000000;5.598;5.598;5.26;5.312;14233534;0
TGLD ETF;D;20230104;000000;5.49;5.524;5.47;5.522;10760199;0
TGLD ETF;D;20230105;000000;5.526;5.55;5.36;5.518;7883657;0
TGLD ETF;D;20230106;000000;5.53;5.562;5.38;5.45;53264555;0
TGLD ETF;D;20230109;000000;5.45;5.494;5.308;5.386;177794105;0
TGLD ETF;D;20230110;000000;5.39;5.418;5.236;5.35;142602175;0
TGLD ETF;D;20230111;000000;5.374;5.398;5.284;5.31;131490008;0
TGLD ETF;D;20230112;000000;5.32;5.32;5.222;5.296;67602991;0
TGLD ETF;D;20230113;000000;5.26;5.37;5.242;5.336;42527340;0
TGLD ETF;D;20230116;000000;5.336;5.368;5.24;5.312;153732117;0
TGLD ETF;D;20230117;000000;5.324;5.392;5.32;5.38;107898875;0
TGLD ETF;D;20230118;000000;5.38;5.402;5.348;5.394;127742304;0
TGLD ETF;D;20230119;000000;5.418;5.5;5.388;5.408;107997609;0
TGLD ETF;D;20230120;000000;5.408;5.448;5.392;5.426;116961649;0
TGLD ETF;D;20230123;000000;5.4;5.458;5.4;5.432;152320995;0
TGLD ETF;D;20230124;000000;5.448;5.524;5.442;5.5;146234047;0
TGLD ETF;D;20230125;000000;5.584;5.588;5.48;5.494;143782792;0
TGLD ETF;D;20230126;000000;5.558;5.558;5.494;5.512;121985753;0
TGLD ETF;D;20230127;000000;5.518;5.542;5.506;5.526;115172862;0
TGLD ETF;D;20230130;000000;5.538;5.602;5.524;5.584;162163054;0
TGLD ETF;D;20230131;000000;5.66;5.66;5.55;5.558;121420685;0
TGLD ETF;D;20230201;000000;5.598;5.616;5.484;5.584;180449194;0
TGLD ETF;D;20230202;000000;5.642;5.678;5.582;5.618;143508676;0
TGLD ETF;D;20230203;000000;5.62;5.62;5.528;5.534;131450861;0
TGLD ETF;D;20230206;000000;5.512;5.66;5.496;5.504;191891908;0
TGLD ETF;D;20230207;000000;5.504;5.552;5.484;5.498;192690828;0
TGLD ETF;D;20230208;000000;5.522;5.616;5.512;5.598;130936080;0
TGLD ETF;D;20230209;000000;5.64;5.66;5.62;5.642;112501841;0
TGLD ETF;D;20230210;000000;5.66;5.66;5.59;5.61;98532874;0
TGLD ETF;D;20230213;000000;5.64;5.67;5.6;5.642;156346930;0
TGLD ETF;D;20230214;000000;5.642;5.692;5.62;5.67;148877996;0
TGLD ETF;D;20230215;000000;5.602;5.658;5.602;5.626;150275333;0
TGLD ETF;D;20230216;000000;5.65;5.77;5.65;5.748;72803073;0
TGLD ETF;D;20230217;000000;5.778;5.796;5.67;5.712;63919512;0
TGLD ETF;D;20230220;000000;5.662;5.676;5.45;5.664;205788718;0
TGLD ETF;D;20230221;000000;5.778;5.778;5.646;5.73;32010230;0
TGLD ETF;D;20230222;000000;5.748;5.756;5.618;5.71;40114976;0
TGLD ETF;D;20230224;000000;5.788;5.788;5.61;5.686;71994114;0
TGLD ETF;D;20230321;000000;6.1;6.38;6.1;6.204;99996021;0
TGLD ETF;D;20230322;000000;6.144;6.2;6.122;6.176;25095822;0
TGLD ETF;D;20230323;000000;6.188;6.32;6.148;6.182;12052148;0
TGLD ETF;D;20230324;000000;6.166;6.264;6.162;6.248;17790754;0
TGLD ETF;D;20230327;000000;6.236;6.24;6.172;6.198;22110144;0
TGLD ETF;D;20230328;000000;6.2;6.248;6.18;6.248;19429945;0
TGLD ETF;D;20230329;000000;6.246;6.278;6.232;6.264;9058617;0
TGLD ETF;D;20230330;000000;6.264;6.3;6.254;6.294;11743446;0
TGLD ETF;D;20230331;000000;6.3;6.42;6.294;6.366;14979102;0
TGLD ETF;D;20230403;000000;6.36;6.44;6.2;6.438;16809353;0
TGLD ETF;D;20230404;000000;7.142;7.142;6.442;6.564;19440855;0
TGLD ETF;D;20230405;000000;6.568;6.666;6.568;6.61;13087359;0
TGLD ETF;D;20230406;000000;6.63;6.7;6.61;6.678;11853588;0
TGLD ETF;D;20230407;000000;6.704;6.88;6.666;6.69;21863164;0
TGLD ETF;D;20230410;000000;6.664;6.74;6.61;6.67;12065071;0
TGLD ETF;D;20230411;000000;6.694;6.822;6.682;6.782;20497862;0
TGLD ETF;D;20230412;000000;6.808;6.85;6.796;6.82;7965640;0
TGLD ETF;D;20230413;000000;6.84;6.86;6.828;6.852;9915427;0
TGLD ETF;D;20230414;000000;6.88;6.88;6.772;6.79;8022032;0
TGLD ETF;D;20230417;000000;6.848;6.848;6.696;6.728;11369580;0
TGLD ETF;D;20230418;000000;6.736;6.768;6.72;6.754;7475013;0
TGLD ETF;D;20230419;000000;6.748;6.75;6.66;6.742;12725344;0
TGLD ETF;D;20230420;000000;6.748;6.776;6.728;6.736;7491542;0
TGLD ETF;D;20230421;000000;6.73;6.73;6.672;6.674;6094332;0
TGLD ETF;D;20230424;000000;6.66;6.67;6.61;6.638;8153318;0
TGLD ETF;D;20230425;000000;6.632;6.7;6.63;6.676;5039270;0
TGLD ETF;D;20230426;000000;6.702;6.746;6.684;6.714;4583979;0
TGLD ETF;D;20230427;000000;6.744;6.752;6.664;6.674;6513404;0
TGLD ETF;D;20230428;000000;6.68;6.7;6.504;6.608;10600711;0
TGLD ETF;D;20230502;000000;6.58;6.65;6.51;6.638;7380833;0
TGLD ETF;D;20230503;000000;6.7;6.716;6.554;6.65;5202302;0
TGLD ETF;D;20230504;000000;6.676;6.708;6.604;6.642;5657965;0
TGLD ETF;D;20230505;000000;6.65;6.652;6.5;6.528;6860375;0
TGLD ETF;D;20230508;000000;6.53;6.6;6.452;6.58;3073354;0
TGLD ETF;D;20230510;000000;6.58;6.58;6.402;6.456;5586558;0
TGLD ETF;D;20230511;000000;6.454;6.576;6.306;6.496;7355841;0
TGLD ETF;D;20230512;000000;6.49;6.528;6.438;6.506;3474733;0
TGLD ETF;D;20230515;000000;6.57;6.658;6.528;6.624;5640284;0
TGLD ETF;D;20230516;000000;6.634;6.698;6.614;6.666;5186813;0
TGLD ETF;D;20230517;000000;6.698;6.698;6.586;6.592;3960340;0
TGLD ETF;D;20230518;000000;6.604;6.638;6.53;6.544;4013016;0
TGLD ETF;D;20230519;000000;6.544;6.58;6.514;6.554;2905705;0
TGLD ETF;D;20230522;000000;6.58;6.582;6.51;6.548;4890588;0
TGLD ETF;D;20230523;000000;6.538;6.538;6.46;6.496;5027311;0
TGLD ETF;D;20230524;000000;6.502;6.56;6.502;6.546;4302311;0
TGLD ETF;D;20230525;000000;6.54;6.55;6.498;6.51;2466098;0
TGLD ETF;D;20230526;000000;6.54;6.56;6.468;6.486;3356607;0
TGLD ETF;D;20230529;000000;6.492;6.524;6.42;6.484;8229326;0
TGLD ETF;D;20230530;000000;6.476;6.554;6.446;6.55;10471974;0
TGLD ETF;D;20230531;000000;6.536;6.594;6.514;6.584;5471572;0
TGLD ETF;D;20230601;000000;6.56;6.59;6.52;6.58;4371755;0
TGLD ETF;D;20230602;000000;6.58;6.64;6.56;6.61;3572659;0
TGLD ETF;D;20230605;000000;6.6;6.61;6.55;6.56;3119885;0
TGLD ETF;D;20230606;000000;6.62;6.62;6.55;6.57;5238459;0
TGLD ETF;D;20230607;000000;6.58;6.62;6.56;6.59;4647655;0
TGLD ETF;D;20230608;000000;6.59;6.69;6.58;6.68;6575573;0
TGLD ETF;D;20230609;000000;6.68;6.72;6.65;6.66;5549945;0
TGLD ETF;D;20230613;000000;6.69;6.8;6.69;6.76;11032003;0
TGLD ETF;D;20230614;000000;6.8;6.81;6.73;6.77;7281344;0
TGLD ETF;D;20230615;000000;6.73;6.74;6.64;6.68;7623588;0
TGLD ETF;D;20230616;000000;6.71;6.76;6.69;6.75;6072599;0
TGLD ETF;D;20230619;000000;6.78;6.78;6.73;6.74;4767128;0
TGLD ETF;D;20230620;000000;6.77;6.78;6.73;6.76;6249504;0
TGLD ETF;D;20230621;000000;6.75;6.75;6.68;6.7;7182038;0
TGLD ETF;D;20230622;000000;6.73;6.73;6.64;6.64;4776456;0
TGLD ETF;D;20230623;000000;6.64;6.72;6.62;6.69;5482248;0
TGLD ETF;D;20230626;000000;6.69;6.76;6.69;6.75;5722396;0
TGLD ETF;D;20230627;000000;6.77;6.78;6.71;6.77;4076311;0
TGLD ETF;D;20230628;000000;6.75;6.81;6.71;6.78;6555341;0
TGLD ETF;D;20230629;000000;6.78;6.84;6.78;6.83;8766573;0
TGLD ETF;D;20230630;000000;6.87;6.99;6.8;6.97;11905676;0
TGLD ETF;D;20230703;000000;6.96;6.99;6.78;6.94;11474757;0
TGLD ETF;D;20230704;000000;6.98;7.07;6.96;6.99;10377681;0
TGLD ETF;D;20230705;000000;7.02;7.1;6.99;7.08;9843382;0
TGLD ETF;D;20230706;000000;7.11;7.21;7.07;7.1;15673766;0
TGLD ETF;D;20230707;000000;7.12;7.17;7.11;7.14;5762026;0
TGLD ETF;D;20230710;000000;7.16;7.17;7.02;7.04;9355167;0
TGLD ETF;D;20230711;000000;7.04;7.1;7.01;7.08;8042071;0
TGLD ETF;D;20230712;000000;7.09;7.17;7.08;7.16;8294675;0
TGLD ETF;D;20230713;000000;7.17;7.18;7.11;7.13;9036307;0
TGLD ETF;D;20230714;000000;7.12;7.15;7.09;7.15;4647146;0
TGLD ETF;D;20230717;000000;7.16;7.17;7.13;7.15;9609693;0
TGLD ETF;D;20230718;000000;7.15;7.25;7.15;7.24;8308831;0
TGLD ETF;D;20230719;000000;7.26;7.33;7.24;7.31;9079695;0
TGLD ETF;D;20230720;000000;7.32;7.37;7.28;7.29;12156841;0
TGLD ETF;D;20230721;000000;7.31;7.33;7.21;7.29;8289162;0
TGLD ETF;D;20230724;000000;7.29;7.33;7.24;7.25;7683785;0
TGLD ETF;D;20230725;000000;7.25;7.25;7.19;7.21;7131343;0
TGLD ETF;D;20230726;000000;7.23;7.25;7.22;7.24;5915310;0
TGLD ETF;D;20230727;000000;7.24;7.29;7.23;7.24;8073597;0
TGLD ETF;D;20230728;000000;7.26;7.3;7.25;7.3;6817181;0
TGLD ETF;D;20230731;000000;7.34;7.37;7.29;7.34;10909809;0
TGLD ETF;D;20230801;000000;7.35;7.38;7.33;7.36;7636383;0
TGLD ETF;D;20230802;000000;7.36;7.46;7.36;7.44;12492353;0
TGLD ETF;D;20230803;000000;7.44;7.48;7.39;7.47;14306476;0
TGLD ETF;D;20230804;000000;7.47;7.64;7.46;7.61;14808391;0
TGLD ETF;D;20230807;000000;7.62;7.76;7.52;7.58;19861032;0
TGLD ETF;D;20230808;000000;7.6;7.7;7.59;7.65;12695452;0
TGLD ETF;D;20230809;000000;7.68;7.75;7.65;7.67;16433007;0
TGLD ETF;D;20230810;000000;7.69;7.7;7.61;7.69;10936051;0
TGLD ETF;D;20230811;000000;7.7;7.81;7.69;7.79;15996887;0
TGLD ETF;D;20230814;000000;7.85;8;7.6;7.61;35045620;0
TGLD ETF;D;20230815;000000;7.06;7.75;7.06;7.61;25127860;0
TGLD ETF;D;20230816;000000;7.55;7.67;7.3;7.38;21919912;0
TGLD ETF;D;20230817;000000;7.49;7.49;7.17;7.26;14180361;0
TGLD ETF;D;20230818;000000;7.29;7.35;7.2;7.31;7783450;0
TGLD ETF;D;20230821;000000;7.31;7.41;7.23;7.32;15905488;0
TGLD ETF;D;20230822;000000;7.24;7.44;7.24;7.39;11854928;0
TGLD ETF;D;20230823;000000;7.41;7.49;7.41;7.48;8747985;0
TGLD ETF;D;20230824;000000;7.52;7.58;7.5;7.57;10556619;0
TGLD ETF;D;20230825;000000;7.6;7.65;7.55;7.56;8806262;0
TGLD ETF;D;20230828;000000;7.61;7.68;7.6;7.67;9681679;0
TGLD ETF;D;20230829;000000;7.71;7.71;7.62;7.69;10279608;0
TGLD ETF;D;20230830;000000;7.7;7.75;7.69;7.74;10600556;0
TGLD ETF;D;20230831;000000;7.76;7.78;7.67;7.7;10653911;0
TGLD ETF;D;20230901;000000;7.71;7.77;7.71;7.74;10501531;0
TGLD ETF;D;20230904;000000;7.75;7.77;7.74;7.75;9938201;0
TGLD ETF;D;20230905;000000;7.77;7.82;7.76;7.81;15594342;0
TGLD ETF;D;20230906;000000;7.78;7.84;7.76;7.81;6826623;0
TGLD ETF;D;20230907;000000;7.82;7.83;7.6;7.81;15740659;0
TGLD ETF;D;20230908;000000;7.82;7.83;7.74;7.76;9037035;0
TGLD ETF;D;20230911;000000;7.52;7.72;7.52;7.52;11701978;0
TGLD ETF;D;20230912;000000;7.4;7.54;7.32;7.48;9373333;0
TGLD ETF;D;20230913;000000;7.51;7.56;7.47;7.52;9567888;0
TGLD ETF;D;20230914;000000;7.53;7.57;7.49;7.53;6112738;0
TGLD ETF;D;20230915;000000;7.56;7.7;7.54;7.66;8473181;0
TGLD ETF;D;20230918;000000;7.67;7.82;7.62;7.62;8050296;0
TGLD ETF;D;20230919;000000;7.61;7.65;7.54;7.64;5660308;0
TGLD ETF;D;20230920;000000;7.64;7.66;7.6;7.63;7985943;0
TGLD ETF;D;20230921;000000;7.64;7.65;7.5;7.53;4819286;0
TGLD ETF;D;20230922;000000;7.51;7.54;7.5;7.51;3576587;0
TGLD ETF;D;20230925;000000;7.52;7.54;7.47;7.48;5314237;0
TGLD ETF;D;20230926;000000;7.5;7.53;7.47;7.49;4101169;0
TGLD ETF;D;20230927;000000;7.51;7.52;7.47;7.48;4117570;0
TGLD ETF;D;20230928;000000;7.48;7.54;7.44;7.47;5366591;0
TGLD ETF;D;20230929;000000;7.49;7.54;7.47;7.52;6423582;0
TGLD ETF;D;20231002;000000;7.53;7.56;7.46;7.5;6867066;0
TGLD ETF;D;20231003;000000;7.5;7.51;7.47;7.49;4545194;0
TGLD ETF;D;20231004;000000;7.47;7.48;7.45;7.47;3880906;0
TGLD ETF;D;20231005;000000;7.48;7.5;7.47;7.47;4326132;0
TGLD ETF;D;20231006;000000;7.48;7.5;7.44;7.5;6703228;0
TGLD ETF;D;20231009;000000;7.51;7.71;7.51;7.53;14516715;0
TGLD ETF;D;20231010;000000;7.56;7.66;7.55;7.65;8393421;0
TGLD ETF;D;20231011;000000;7.67;7.7;7.62;7.62;6770659;0
TGLD ETF;D;20231012;000000;7.49;7.52;7.41;7.42;11087634;0
TGLD ETF;D;20231013;000000;7.45;7.51;7.42;7.5;6963783;0
TGLD ETF;D;20231016;000000;7.5;7.58;7.49;7.57;8358604;0
TGLD ETF;D;20231017;000000;7.58;7.63;7.57;7.62;7801675;0
TGLD ETF;D;20231018;000000;7.63;7.67;7.63;7.67;10935513;0
TGLD ETF;D;20231019;000000;7.66;7.67;7.56;7.61;9519565;0
TGLD ETF;D;20231020;000000;7.62;7.64;7.61;7.63;5170956;0
TGLD ETF;D;20231023;000000;7.63;7.64;7.52;7.53;9685131;0
TGLD ETF;D;20231024;000000;7.52;7.52;7.46;7.47;5895903;0
TGLD ETF;D;20231025;000000;7.47;7.52;7.45;7.48;6469601;0
TGLD ETF;D;20231026;000000;7.52;7.55;7.5;7.54;6235412;0
TGLD ETF;D;20231027;000000;7.55;7.57;7.47;7.51;5011072;0
TGLD ETF;D;20231030;000000;7.51;7.56;7.47;7.48;5557500;0
TGLD ETF;D;20231031;000000;7.48;7.5;7.42;7.49;7455665;0
TGLD ETF;D;20231101;000000;7.48;7.48;7.35;7.37;7863627;0
TGLD ETF;D;20231102;000000;7.37;7.45;7.37;7.43;4101132;0
TGLD ETF;D;20231103;000000;7.45;7.46;7.4;7.41;10057236;0
TGLD ETF;D;20231106;000000;7.42;7.43;7.37;7.38;3932981;0
TGLD ETF;D;20231107;000000;7.38;7.38;7.34;7.36;4523197;0
TGLD ETF;D;20231108;000000;7.37;7.38;7.31;7.32;4109787;0
TGLD ETF;D;20231109;000000;7.32;7.33;7.23;7.28;6328128;0
TGLD ETF;D;20231110;000000;7.28;7.33;7.27;7.31;4349441;0
TGLD ETF;D;20231113;000000;7.34;7.34;7.23;7.24;5271722;0
TGLD ETF;D;20231114;000000;7.23;7.26;7.18;7.26;8238383;0
TGLD ETF;D;20231115;000000;7.25;7.26;7.2;7.2;4005584;0
TGLD ETF;D;20231116;000000;7.21;7.32;7.08;7.12;11374761;0
TGLD ETF;D;20231117;000000;7.13;7.18;7.1;7.16;5420559;0
TGLD ETF;D;20231120;000000;7.17;7.18;7.06;7.08;10098561;0
TGLD ETF;D;20231121;000000;7.08;7.14;7.05;7.13;5448266;0
TGLD ETF;D;20231122;000000;7.13;7.18;7.11;7.11;6027533;0
TGLD ETF;D;20231123;000000;7.12;7.13;7.09;7.11;3757884;0
TGLD ETF;D;20231124;000000;7.14;7.17;7.12;7.14;5459596;0
TGLD ETF;D;20231127;000000;7.13;7.23;7.13;7.2;6234897;0
TGLD ETF;D;20231128;000000;7.21;7.3;7.18;7.29;23959409;0
TGLD ETF;D;20231129;000000;7.3;7.34;7.29;7.3;9906473;0
TGLD ETF;D;20231130;000000;7.31;7.34;7.28;7.33;6822619;0
TGLD ETF;D;20231201;000000;7.35;7.45;7.34;7.42;9973826;0
TGLD ETF;D;20231204;000000;7.47;7.55;7.45;7.48;36324067;0
TGLD ETF;D;20231205;000000;7.51;7.54;7.48;7.52;13602803;0
TGLD ETF;D;20231206;000000;7.55;7.6;7.49;7.57;14663858;0
TGLD ETF;D;20231207;000000;7.52;7.56;7.43;7.52;8938928;0
TGLD ETF;D;20231208;000000;7.54;7.55;7.28;7.35;10077426;0
TGLD ETF;D;20231211;000000;7.33;7.34;7.2;7.21;7019268;0
TGLD ETF;D;20231212;000000;7.2;7.25;7.15;7.17;11372871;0
TGLD ETF;D;20231213;000000;7.17;7.19;7.12;7.16;4830386;0
TGLD ETF;D;20231214;000000;7.34;7.42;7.25;7.37;18678665;0
TGLD ETF;D;20231215;000000;7.37;7.38;7.31;7.36;5117810;0
TGLD ETF;D;20231218;000000;7.35;7.36;7.24;7.27;17141322;0
TGLD ETF;D;20231219;000000;7.29;7.34;7.25;7.33;4295855;0
TGLD ETF;D;20231220;000000;7.33;7.35;7.32;7.34;4674370;0
TGLD ETF;D;20231221;000000;7.35;7.46;7.31;7.43;10976798;0
TGLD ETF;D;20231222;000000;7.43;7.5;7.43;7.48;7902202;0
TGLD ETF;D;20231225;000000;7.5;7.52;7.46;7.51;8781532;0
TGLD ETF;D;20231226;000000;7.52;7.56;7.51;7.53;7646447;0
TGLD ETF;D;20231227;000000;7.56;7.6;7.55;7.6;8641312;0
TGLD ETF;D;20231228;000000;7.61;7.61;7.48;7.55;13343870;0
TGLD ETF;D;20231229;000000;7.55;7.61;7.5;7.57;10414367;0
TGLD ETF;D;20240103;000000;7.58;7.65;7.58;7.58;7698037;0
TGLD ETF;D;20240104;000000;7.6;7.61;7.55;7.59;5521148;0
TGLD ETF;D;20240105;000000;7.56;7.59;7.48;7.55;8428939;0
TGLD ETF;D;20240108;000000;7.55;7.55;7.42;7.49;24189931;0
TGLD ETF;D;20240109;000000;7.49;7.5;7.45;7.46;6255790;0
TGLD ETF;D;20240110;000000;7.46;7.47;7.43;7.44;4991276;0
TGLD ETF;D;20240111;000000;7.44;7.45;7.39;7.4;9050988;0
TGLD ETF;D;20240112;000000;7.42;7.52;7.4;7.51;9739463;0
TGLD ETF;D;20240115;000000;7.49;7.5;7.42;7.43;12721010;0
TGLD ETF;D;20240116;000000;7.43;7.44;7.41;7.41;8715496;0
TGLD ETF;D;20240117;000000;7.41;7.45;7.37;7.41;16084443;0
TGLD ETF;D;20240118;000000;7.42;7.43;7.37;7.38;9426473;0
TGLD ETF;D;20240119;000000;7.4;7.41;7.34;7.36;11117959;0
TGLD ETF;D;20240122;000000;7.37;7.54;7.31;7.32;20340611;0
TGLD ETF;D;20240123;000000;7.35;7.36;7.32;7.34;11555896;0
TGLD ETF;D;20240124;000000;7.35;7.39;7.33;7.38;9876797;0
TGLD ETF;D;20240125;000000;7.38;7.44;7.36;7.41;15104255;0
TGLD ETF;D;20240126;000000;7.44;7.49;7.41;7.44;18250488;0
TGLD ETF;D;20240129;000000;7.49;7.5;7.4;7.4;16526957;0
TGLD ETF;D;20240130;000000;7.43;7.49;7.42;7.46;11186867;0
TGLD ETF;D;20240131;000000;7.47;7.51;7.46;7.5;10591772;0
TGLD ETF;D;20240201;000000;7.51;7.55;7.49;7.54;11424622;0
TGLD ETF;D;20240202;000000;7.54;7.61;7.52;7.55;26395273;0
TGLD ETF;D;20240205;000000;7.56;7.56;7.47;7.51;25817998;0
TGLD ETF;D;20240206;000000;7.52;7.55;7.49;7.54;9628006;0
TGLD ETF;D;20240207;000000;7.54;7.56;7.5;7.54;14201372;0
TGLD ETF;D;20240208;000000;7.55;7.57;7.47;7.48;15273187;0
TGLD ETF;D;20240209;000000;7.5;7.5;7.44;7.49;14413166;0
TGLD ETF;D;20240212;000000;7.49;7.49;7.43;7.46;16492079;0
TGLD ETF;D;20240213;000000;7.46;7.5;7.42;7.43;13201999;0
TGLD ETF;D;20240214;000000;7.44;7.46;7.44;7.45;9750543;0
TGLD ETF;D;20240215;000000;7.45;7.53;7.44;7.52;12545489;0
TGLD ETF;D;20240216;000000;7.51;7.54;7.5;7.51;17715283;0
TGLD ETF;D;20240219;000000;7.52;7.6;7.52;7.6;13356891;0
TGLD ETF;D;20240220;000000;7.59;7.6;7.56;7.6;10966099;0
TGLD ETF;D;20240221;000000;7.6;7.63;7.58;7.59;27807150;0
TGLD ETF;D;20240222;000000;7.6;7.69;7.6;7.68;24594848;0
TGLD ETF;D;20240226;000000;7.68;7.69;7.6;7.64;19357738;0
TGLD ETF;D;20240227;000000;7.65;7.73;7.64;7.73;13866715;0
TGLD ETF;D;20240228;000000;7.73;7.73;7.61;7.63;28203986;0
TGLD ETF;D;20240229;000000;7.64;7.67;7.6;7.63;11898343;0
TGLD ETF;D;20240301;000000;7.65;7.72;7.65;7.71;18773923;0
TGLD ETF;D;20240304;000000;7.74;7.8;7.72;7.8;18880345;0
TGLD ETF;D;20240305;000000;7.83;7.92;7.81;7.89;37522620;0
TGLD ETF;D;20240306;000000;7.86;7.92;7.85;7.9;17878851;0
TGLD ETF;D;20240307;000000;7.95;8.01;7.92;8.01;22121988;0
TGLD ETF;D;20240311;000000;8.07;8.12;8.01;8.05;33390837;0
TGLD ETF;D;20240312;000000;8.04;8.09;8.02;8.07;27932970;0
TGLD ETF;D;20240313;000000;8.07;8.15;8.04;8.13;29968171;0
TGLD ETF;D;20240314;000000;8.13;8.2;8.11;8.13;36508240;0
TGLD ETF;D;20240315;000000;8.18;8.32;8.17;8.3;30707473;0
TGLD ETF;D;20240318;000000;8.19;8.23;8.1;8.17;44194950;0
TGLD ETF;D;20240319;000000;8.16;8.22;8.14;8.21;33425128;0
TGLD ETF;D;20240320;000000;8.23;8.25;8.21;8.24;24271722;0
TGLD ETF;D;20240321;000000;8.34;8.41;8.24;8.27;45079436;0
TGLD ETF;D;20240322;000000;8.29;8.32;8.24;8.3;27897712;0
TGLD ETF;D;20240325;000000;8.29;8.35;8.26;8.34;28553034;0
TGLD ETF;D;20240326;000000;8.35;8.37;8.31;8.34;25921044;0
TGLD ETF;D;20240327;000000;8.35;8.39;8.33;8.36;24596766;0
TGLD ETF;D;20240328;000000;8.4;8.54;8.39;8.54;38602084;0
TGLD ETF;D;20240329;000000;8.57;8.59;8.52;8.58;53547206;0
TGLD ETF;D;20240401;000000;8.61;8.69;8.57;8.62;67314503;0
TGLD ETF;D;20240402;000000;8.65;8.8;8.64;8.78;53690244;0
TGLD ETF;D;20240403;000000;8.85;8.86;8.68;8.75;83191324;0
TGLD ETF;D;20240404;000000;8.8;8.8;8.71;8.74;38081621;0
TGLD ETF;D;20240405;000000;8.74;8.86;8.72;8.85;41774208;0
TGLD ETF;D;20240408;000000;8.88;8.96;8.87;8.95;53406189;0
TGLD ETF;D;20240409;000000;9.02;9.14;9.01;9.1;91268753;0
TGLD ETF;D;20240410;000000;9.15;9.2;9.04;9.1;91210659;0
TGLD ETF;D;20240411;000000;9.11;9.14;9.01;9.04;53700610;0
TGLD ETF;D;20240412;000000;9.25;9.36;9.15;9.28;114531236;0
TGLD ETF;D;20240415;000000;9.21;9.21;9.02;9.05;93177192;0
TGLD ETF;D;20240416;000000;9.15;9.28;9.07;9.25;87590838;0
TGLD ETF;D;20240417;000000;9.28;9.3;9.25;9.26;50899589;0
TGLD ETF;D;20240418;000000;9.26;9.26;9.16;9.19;49087168;0
TGLD ETF;D;20240419;000000;9.2;9.23;9.09;9.12;52916930;0
TGLD ETF;D;20240422;000000;9.01;9.04;8.83;8.84;117398732;0
TGLD ETF;D;20240423;000000;8.69;8.84;8.65;8.74;127727638;0
TGLD ETF;D;20240424;000000;8.76;8.78;8.69;8.72;42388790;0
TGLD ETF;D;20240425;000000;8.71;8.78;8.69;8.76;39292246;0
TGLD ETF;D;20240426;000000;8.78;8.9;8.75;8.79;100900916;0
TGLD ETF;D;20240427;000000;8.83;8.86;8.81;8.83;20955142;0
TGLD ETF;D;20240429;000000;8.82;8.91;8.81;8.89;34360954;0
TGLD ETF;D;20240430;000000;8.86;8.87;8.69;8.7;48697718;0
TGLD ETF;D;20240502;000000;8.74;8.74;8.57;8.63;49129120;0
TGLD ETF;D;20240503;000000;8.62;8.63;8.55;8.57;49693820;0
TGLD ETF;D;20240506;000000;8.64;8.7;8.59;8.64;54263120;0
TGLD ETF;D;20240507;000000;8.63;8.65;8.57;8.6;33717759;0
TGLD ETF;D;20240508;000000;8.61;8.64;8.59;8.62;30000895;0
TGLD ETF;D;20240510;000000;8.8;8.84;8.76;8.8;35087417;0
TGLD ETF;D;20240513;000000;8.76;8.76;8.68;8.7;38205311;0
TGLD ETF;D;20240514;000000;8.69;8.73;8.68;8.71;32275743;0
TGLD ETF;D;20240515;000000;8.73;8.81;8.72;8.76;44294375;0
TGLD ETF;D;20240516;000000;8.78;8.79;8.75;8.77;21951473;0
TGLD ETF;D;20240517;000000;8.81;8.83;8.76;8.81;36253613;0
TGLD ETF;D;20240520;000000;8.91;8.95;8.85;8.9;47377345;0
TGLD ETF;D;20240521;000000;8.83;8.9;8.8;8.86;26739577;0
TGLD ETF;D;20240522;000000;8.85;8.88;8.75;8.78;29651292;0
TGLD ETF;D;20240523;000000;8.71;8.73;8.63;8.64;31162399;0
TGLD ETF;D;20240524;000000;8.62;8.63;8.57;8.57;22259021;0
TGLD ETF;D;20240527;000000;8.62;8.62;8.51;8.56;29963840;0
TGLD ETF;D;20240528;000000;8.53;8.56;8.49;8.54;26061188;0
TGLD ETF;D;20240529;000000;8.56;8.62;8.54;8.57;17920845;0
TGLD ETF;D;20240530;000000;8.56;8.58;8.51;8.56;19359898;0
TGLD ETF;D;20240531;000000;8.6;8.62;8.5;8.51;23203555;0
TGLD ETF;D;20240603;000000;8.49;8.5;8.41;8.46;35299279;0
TGLD ETF;D;20240604;000000;8.47;8.49;8.41;8.43;26992448;0
TGLD ETF;D;20240605;000000;8.45;8.5;8.43;8.49;17190683;0
TGLD ETF;D;20240606;000000;8.53;8.59;8.51;8.58;20970351;0
TGLD ETF;D;20240607;000000;8.58;8.61;8.4;8.45;50290762;0
TGLD ETF;D;20240610;000000;8.39;8.4;8.35;8.38;14713711;0
TGLD ETF;D;20240611;000000;8.37;8.44;8.37;8.41;15533425;0
TGLD ETF;D;20240613;000000;8.42;8.44;8.2;8.36;40944650;0
TGLD ETF;D;20240614;000000;8.38;8.45;8.32;8.44;17087740;0
TGLD ETF;D;20240617;000000;8.42;8.43;8.26;8.27;24975445;0
TGLD ETF;D;20240618;000000;8.3;8.31;8.17;8.19;28910341;0
TGLD ETF;D;20240619;000000;8.19;8.19;7.91;8.07;45478193;0
TGLD ETF;D;20240620;000000;8.07;8.43;8.06;8.4;42315365;0
TGLD ETF;D;20240621;000000;8.38;8.63;8.34;8.4;40867671;0
TGLD ETF;D;20240624;000000;8.4;8.4;8.26;8.28;13342596;0
TGLD ETF;D;20240625;000000;8.28;8.33;8.23;8.29;14343837;0
TGLD ETF;D;20240626;000000;8.29;8.32;8.24;8.25;15169762;0
TGLD ETF;D;20240627;000000;8.25;8.3;8.15;8.28;19962812;0
TGLD ETF;D;20240628;000000;8.28;8.36;8.26;8.3;17404196;0
TGLD ETF;D;20240701;000000;8.3;8.42;8.3;8.39;24312833;0
TGLD ETF;D;20240702;000000;8.4;8.45;8.38;8.4;18020857;0
TGLD ETF;D;20240703;000000;8.43;8.52;8.43;8.51;18036682;0
TGLD ETF;D;20240704;000000;8.53;8.64;8.51;8.58;19855419;0
TGLD ETF;D;20240705;000000;8.6;8.65;8.5;8.6;28950050;0
TGLD ETF;D;20240708;000000;8.59;8.65;8.57;8.57;25626579;0
TGLD ETF;D;20240709;000000;8.58;8.6;8.44;8.53;19179867;0
TGLD ETF;D;20240710;000000;8.56;8.6;8.52;8.57;17716283;0
TGLD ETF;D;20240711;000000;8.57;8.68;8.54;8.65;18417716;0
TGLD ETF;D;20240712;000000;8.65;8.66;8.61;8.64;13365520;0
TGLD ETF;D;20240715;000000;8.65;8.71;8.62;8.7;19310645;0
TGLD ETF;D;20240716;000000;8.7;8.83;8.7;8.81;22349278;0
TGLD ETF;D;20240717;000000;8.83;8.91;8.79;8.84;25350348;0
TGLD ETF;D;20240718;000000;8.86;8.9;8.79;8.81;17027871;0
TGLD ETF;D;20240719;000000;8.77;8.78;8.61;8.69;33813818;0
TGLD ETF;D;20240722;000000;8.69;8.71;8.59;8.59;21806050;0
TGLD ETF;D;20240723;000000;8.59;8.65;8.58;8.61;13338216;0
TGLD ETF;D;20240724;000000;8.63;8.64;8.6;8.62;11454283;0
TGLD ETF;D;20240725;000000;8.49;8.52;8.39;8.43;19637811;0
TGLD ETF;D;20240726;000000;8.44;8.55;8.41;8.54;22399209;0
TGLD ETF;D;20240729;000000;8.58;8.62;8.47;8.48;22793373;0
TGLD ETF;D;20240730;000000;8.5;8.57;8.5;8.56;17953285;0
TGLD ETF;D;20240731;000000;8.64;8.65;8.59;8.61;14326954;0
TGLD ETF;D;20240801;000000;8.66;8.69;8.59;8.66;24717004;0
TGLD ETF;D;20240802;000000;8.69;8.75;8.54;8.59;45599979;0
TGLD ETF;D;20240805;000000;8.57;8.59;8.36;8.48;43687021;0
TGLD ETF;D;20240806;000000;8.49;8.54;8.42;8.48;19422038;0
TGLD ETF;D;20240807;000000;8.5;8.51;8.42;8.48;19417380;0
TGLD ETF;D;20240808;000000;8.47;8.58;8.44;8.57;20307406;0
TGLD ETF;D;20240809;000000;8.58;8.6;8.56;8.58;16668649;0
TGLD ETF;D;20240812;000000;8.6;8.87;8.59;8.84;47835700;0
TGLD ETF;D;20240813;000000;8.86;8.97;8.82;8.95;52158928;0
TGLD ETF;D;20240814;000000;8.96;9;8.72;8.75;64029556;0
TGLD ETF;D;20240815;000000;8.76;8.85;8.73;8.77;26653292;0
TGLD ETF;D;20240816;000000;8.76;8.88;8.76;8.86;27450671;0
TGLD ETF;D;20240819;000000;8.89;9.01;8.89;8.99;41956716;0
TGLD ETF;D;20240820;000000;8.99;9.11;8.98;9.07;44038282;0
TGLD ETF;D;20240821;000000;9.08;9.13;8.95;9.03;38560087;0
TGLD ETF;D;20240822;000000;9.02;9.04;8.92;8.92;27475516;0
TGLD ETF;D;20240823;000000;8.95;9.11;8.91;9.11;33342832;0
TGLD ETF;D;20240826;000000;9.12;9.24;9.09;9.17;38530851;0
TGLD ETF;D;20240827;000000;9.18;9.26;9.11;9.24;45485723;0
TGLD ETF;D;20240828;000000;9.2;9.28;9.19;9.23;27656896;0
TGLD ETF;D;20240829;000000;9.25;9.34;9.24;9.34;28414006;0
TGLD ETF;D;20240830;000000;9.34;9.43;9.26;9.26;36329955;0
TGLD ETF;D;20240902;000000;9.26;9.28;9.11;9.19;34836091;0
TGLD ETF;D;20240903;000000;9.19;9.2;8.96;8.98;53559571;0
TGLD ETF;D;20240904;000000;8.99;9.18;8.96;9.15;50807331;0
TGLD ETF;D;20240905;000000;9.16;9.21;9.12;9.13;26258572;0
TGLD ETF;D;20240906;000000;9.19;9.24;9.16;9.19;21909229;0
TGLD ETF;D;20240909;000000;9.2;9.23;9.15;9.22;17202253;0
TGLD ETF;D;20240910;000000;9.22;9.31;9.22;9.29;20425783;0
TGLD ETF;D;20240911;000000;9.33;9.39;9.28;9.33;24536346;0
TGLD ETF;D;20240912;000000;9.36;9.48;9.34;9.48;27272928;0
TGLD ETF;D;20240913;000000;9.52;9.57;9.48;9.55;37460502;0
TGLD ETF;D;20240916;000000;9.58;9.67;9.57;9.65;31355493;0
TGLD ETF;D;20240917;000000;9.67;9.69;9.56;9.6;29718796;0
TGLD ETF;D;20240918;000000;9.62;9.66;9.61;9.65;23967251;0
TGLD ETF;D;20240919;000000;9.66;9.77;9.66;9.73;37256082;0
TGLD ETF;D;20240920;000000;9.79;9.93;9.78;9.93;46815702;0
TGLD ETF;D;20240923;000000;9.96;10.01;9.84;9.94;53751591;0
TGLD ETF;D;20240924;000000;9.97;10;9.92;9.95;36800885;0
TGLD ETF;D;20240925;000000;9.98;10.05;9.94;10.03;28928871;0
TGLD ETF;D;20240926;000000;10.05;10.13;10.03;10.07;59258058;0
TGLD ETF;D;20240927;000000;10.08;10.13;10.07;10.11;31303912;0
TGLD ETF;D;20240930;000000;10.13;10.16;10;10.06;52068664;0
TGLD ETF;D;20241001;000000;10.09;10.2;10.07;10.19;41814323;0
TGLD ETF;D;20241002;000000;10.19;10.3;10.18;10.28;50973945;0
TGLD ETF;D;20241003;000000;10.3;10.34;10.15;10.24;66529939;0
TGLD ETF;D;20241004;000000;10.29;10.33;10.2;10.31;43807262;0
TGLD ETF;D;20241007;000000;10.33;10.46;10.28;10.41;68011261;0
TGLD ETF;D;20241008;000000;10.44;10.44;10.27;10.3;63563135;0
TGLD ETF;D;20241009;000000;10.3;10.39;10.3;10.36;48599802;0
TGLD ETF;D;20241010;000000;10.36;10.4;10.34;10.36;38314432;0
TGLD ETF;D;20241011;000000;10.39;10.41;10.3;10.31;39284542;0
TGLD ETF;D;20241014;000000;10.37;10.4;10.32;10.33;30380506;0
TGLD ETF;D;20241015;000000;10.33;10.46;10.33;10.45;32111017;0
TGLD ETF;D;20241016;000000;10.5;10.58;10.47;10.51;51356673;0
TGLD ETF;D;20241017;000000;10.55;10.57;10.5;10.56;39445713;0
TGLD ETF;D;20241018;000000;10.59;10.6;10.56;10.6;40911410;0
TGLD ETF;D;20241021;000000;10.63;10.77;10.63;10.75;59146337;0
TGLD ETF;D;20241022;000000;10.81;10.86;10.77;10.81;58831367;0
TGLD ETF;D;20241023;000000;10.85;10.86;10.68;10.71;70671638;0
TGLD ETF;D;20241024;000000;10.76;10.79;10.72;10.77;34145868;0
TGLD ETF;D;20241025;000000;10.78;10.79;10.64;10.72;67082291;0
TGLD ETF;D;20241028;000000;10.77;10.86;10.74;10.85;61477344;0
TGLD ETF;D;20241029;000000;10.89;10.98;10.88;10.97;61908162;0
TGLD ETF;D;20241030;000000;11.04;11.07;11;11.03;66726317;0
TGLD ETF;D;20241031;000000;11.03;11.05;10.78;10.82;69649901;0
TGLD ETF;D;20241101;000000;10.88;11.02;10.87;11.02;65200124;0
TGLD ETF;D;20241102;000000;11;11;10.88;10.95;34372227;0
TGLD ETF;D;20241105;000000;10.99;11.03;10.97;11.01;40185954;0
TGLD ETF;D;20241106;000000;10.9;10.94;9.68;10.63;116857429;0
TGLD ETF;D;20241107;000000;10.6;10.74;10.56;10.72;46234470;0
TGLD ETF;D;20241108;000000;10.7;10.76;10.63;10.72;49558095;0
TGLD ETF;D;20241111;000000;10.55;10.67;10.3;10.3;89170053;0
TGLD ETF;D;20241112;000000;10.25;10.35;10.18;10.32;64346949;0
TGLD ETF;D;20241113;000000;10.37;10.44;10.31;10.36;51850176;0
TGLD ETF;D;20241114;000000;10.21;10.33;10.09;10.31;79744903;0
TGLD ETF;D;20241115;000000;10.31;10.38;10.26;10.28;52975125;0
TGLD ETF;D;20241118;000000;10.37;10.62;10.37;10.61;59697408;0
TGLD ETF;D;20241119;000000;10.71;10.79;10.6;10.73;101739817;0
TGLD ETF;D;20241120;000000;10.78;10.78;10.63;10.75;75517223;0
TGLD ETF;D;20241121;000000;10.82;10.95;10.82;10.94;107836962;0
TGLD ETF;D;20241122;000000;11.02;11.28;11.01;11.27;143420384;0
TGLD ETF;D;20241125;000000;11.18;11.37;10.94;11.16;155638868;0
TGLD ETF;D;20241126;000000;11.15;11.32;10.96;11.3;163336483;0
TGLD ETF;D;20241127;000000;11.43;11.73;11.3;11.43;317924089;0
TGLD ETF;D;20241128;000000;11.45;11.74;11.33;11.45;123698341;0
TGLD ETF;D;20241129;000000;11.56;11.64;11.36;11.38;117208740;0
TGLD ETF;D;20241202;000000;11.27;11.44;11.21;11.36;98163186;0
TGLD ETF;D;20241203;000000;11.43;11.44;11.24;11.29;82334563;0
TGLD ETF;D;20241204;000000;11.28;11.28;11.07;11.22;106725549;0
TGLD ETF;D;20241205;000000;11.26;11.29;10.74;10.75;121678138;0
TGLD ETF;D;20241206;000000;10.81;10.85;10.52;10.59;149820085;0
TGLD ETF;D;20241209;000000;10.61;10.96;10.54;10.93;142014709;0
TGLD ETF;D;20241210;000000;10.97;11;10.72;10.92;155640420;0
TGLD ETF;D;20241211;000000;10.97;11.27;10.94;11.26;182328717;0
TGLD ETF;D;20241212;000000;11.28;11.36;10.96;11.06;170623487;0
TGLD ETF;D;20241213;000000;11.12;11.17;10.98;11.04;145510409;0
TGLD ETF;D;20241216;000000;11.08;11.09;10.91;10.95;91049448;0
TGLD ETF;D;20241217;000000;10.94;10.97;10.84;10.94;75648788;0
TGLD ETF;D;20241218;000000;10.99;11.04;10.88;10.92;82970180;0
TGLD ETF;D;20241219;000000;10.85;10.91;10.74;10.78;79128988;0
TGLD ETF;D;20241220;000000;10.86;10.96;10.76;10.92;105298491;0
TGLD ETF;D;20241223;000000;10.96;10.97;10.73;10.78;65473136;0
TGLD ETF;D;20241224;000000;10.8;10.8;10.67;10.71;45464116;0
TGLD ETF;D;20241225;000000;10.72;10.75;10.67;10.69;32232875;0
TGLD ETF;D;20241226;000000;10.71;10.75;10.66;10.72;39251140;0
TGLD ETF;D;20241227;000000;10.71;10.84;10.61;10.69;81792975;0
TGLD ETF;D;20241228;000000;10.69;10.84;10.68;10.81;52286456;0
TGLD ETF;D;20241230;000000;10.83;10.93;10.75;10.84;75863685;0
TGLD ETF;D;20250103;000000;11.02;11.17;10.99;11;59052125;0
TGLD ETF;D;20250106;000000;11;11.08;10.84;10.88;80173903;0
TGLD ETF;D;20250108;000000;10.97;11;10.89;10.94;35535658;0
TGLD ETF;D;20250109;000000;10.97;11.12;10.96;11.09;84485775;0
TGLD ETF;D;20250110;000000;11.13;11.26;11.1;11.25;92279651;0
TGLD ETF;D;20250113;000000;11.27;11.31;11.15;11.18;67491337;0
TGLD ETF;D;20250114;000000;11.21;11.24;11.13;11.18;63974041;0
TGLD ETF;D;20250115;000000;11.22;11.3;11.19;11.28;66651597;0
TGLD ETF;D;20250116;000000;11.31;11.36;11.28;11.34;52438415;0
TGLD ETF;D;20250117;000000;11.33;11.37;11.28;11.31;72237198;0
TGLD ETF;D;20250120;000000;11.29;11.33;11.19;11.25;59103239;0
TGLD ETF;D;20250121;000000;11.29;11.32;11.15;11.18;64235500;0
TGLD ETF;D;20250122;000000;11.2;11.24;11.16;11.19;54648900;0
TGLD ETF;D;20250123;000000;11.2;11.25;11.15;11.18;51721649;0
TGLD ETF;D;20250124;000000;11.23;11.25;11.15;11.17;64413560;0
TGLD ETF;D;20250127;000000;11.16;11.17;10.98;11.01;84613664;0
TGLD ETF;D;20250128;000000;11.04;11.12;10.94;10.96;67060135;0
TGLD ETF;D;20250129;000000;10.98;11.03;10.94;10.98;39957292;0
TGLD ETF;D;20250130;000000;11.01;11.05;10.98;11.05;45502514;0
TGLD ETF;D;20250131;000000;11.07;11.19;11.06;11.16;70850633;0
TGLD ETF;D;20250203;000000;11.14;11.26;11.14;11.19;98898913;0
TGLD ETF;D;20250204;000000;11.25;11.25;11.17;11.21;55985926;0
TGLD ETF;D;20250205;000000;11.29;11.32;11.18;11.2;82971862;0
TGLD ETF;D;20250206;000000;11.13;11.27;11.06;11.24;86315162;0
TGLD ETF;D;20250207;000000;11.28;11.35;11.2;11.34;80650424;0
TGLD ETF;D;20250210;000000;11.37;11.4;11.34;11.38;54957290;0
TGLD ETF;D;20250211;000000;11.4;11.41;11.2;11.24;100700730;0
TGLD ETF;D;20250212;000000;11.21;11.22;10.99;11.08;115811712;0
TGLD ETF;D;20250213;000000;10.87;11.06;10.78;10.93;95017250;0
TGLD ETF;D;20250214;000000;10.88;11.1;10.86;10.95;86774973;0
TGLD ETF;D;20250217;000000;10.95;11.01;10.74;10.76;91645926;0
TGLD ETF;D;20250218;000000;10.83;10.88;10.79;10.84;65157352;0
TGLD ETF;D;20250219;000000;10.88;10.88;10.79;10.84;57572985;0
TGLD ETF;D;20250220;000000;10.85;10.86;10.56;10.57;119067358;0
TGLD ETF;D;20250221;000000;10.51;10.66;10.42;10.49;154090061;0
TGLD ETF;D;20250224;000000;10.51;10.65;10.5;10.51;89597127;0
TGLD ETF;D;20250225;000000;10.47;10.5;10.19;10.22;80169546;0
TGLD ETF;D;20250226;000000;10.25;10.45;10.11;10.38;131307594;0
TGLD ETF;D;20250227;000000;10.37;10.49;10.21;10.36;89353250;0
TGLD ETF;D;20250228;000000;10.35;10.42;10.29;10.35;57674908;0
TGLD ETF;D;20250303;000000;10.41;10.53;10.35;10.51;49975930;0
TGLD ETF;D;20250304;000000;10.48;10.64;10.42;10.56;58583040;0
TGLD ETF;D;20250305;000000;10.59;10.68;10.57;10.64;43968388;0
TGLD ETF;D;20250306;000000;10.7;10.72;10.55;10.61;49894985;0
TGLD ETF;D;20250307;000000;10.62;10.63;10.47;10.5;40691277;0
TGLD ETF;D;20250310;000000;10.49;10.54;10.33;10.35;50012062;0
TGLD ETF;D;20250311;000000;10.33;10.35;10.22;10.28;42936658;0
TGLD ETF;D;20250312;000000;10.31;10.41;10.3;10.37;43932777;0
TGLD ETF;D;20250313;000000;10.45;10.48;10.36;10.48;43687522;0
TGLD ETF;D;20250314;000000;10.49;10.52;10.41;10.42;41328467;0
TGLD ETF;D;20250317;000000;10.46;10.46;10.23;10.26;55491381;0
TGLD ETF;D;20250318;000000;10.28;10.36;10.09;10.28;135785544;0
TGLD ETF;D;20250319;000000;10.38;10.5;10.26;10.44;80752572;0
TGLD ETF;D;20250320;000000;10.54;10.55;10.46;10.5;45264860;0
TGLD ETF;D;20250321;000000;10.51;10.52;10.39;10.4;47832075;0
TGLD ETF;D;20250324;000000;10.39;10.47;10.33;10.43;55245177;0
TGLD ETF;D;20250325;000000;10.45;10.47;10.32;10.33;52632708;0
TGLD ETF;D;20250326;000000;10.34;10.41;10.29;10.3;39749721;0
TGLD ETF;D;20250327;000000;10.34;10.35;10.26;10.28;36031636;0
TGLD ETF;D;20250328;000000;10.35;10.6;10.32;10.58;93352507;0
TGLD ETF;D;20250331;000000;10.76;10.89;10.65;10.73;92839597;0
TGLD ETF;D;20250401;000000;10.77;10.79;10.58;10.6;41657169;0
TGLD ETF;D;20250402;000000;10.61;10.68;10.6;10.66;38390995;0
TGLD ETF;D;20250403;000000;10.66;10.7;10.41;10.59;102195828;0
TGLD ETF;D;20250404;000000;10.57;10.82;10.47;10.62;134930283;0
TGLD ETF;D;20250407;000000;10.76;10.76;10.47;10.5;71862638;0
TGLD ETF;D;20250408;000000;10.57;10.58;10.48;10.53;43113751;0
TGLD ETF;D;20250409;000000;10.63;10.75;10.61;10.7;70948425;0
TGLD ETF;D;20250410;000000;10.71;10.84;10.68;10.82;60107350;0
TGLD ETF;D;20250411;000000;10.88;10.94;10.77;10.81;75238782;0
TGLD ETF;D;20250414;000000;10.79;10.84;10.72;10.74;46641711;0
TGLD ETF;D;20250415;000000;10.78;10.83;10.73;10.8;46618418;0
TGLD ETF;D;20250416;000000;11;11.16;10.94;11.13;72826359;0
TGLD ETF;D;20250417;000000;11.13;11.14;10.91;10.93;79290307;0
TGLD ETF;D;20250418;000000;10.93;11.05;10.83;10.95;85725439;0
TGLD ETF;D;20250421;000000;11.09;11.19;11.05;11.19;66407594;0
TGLD ETF;D;20250422;000000;11.38;11.4;11.24;11.32;97636795;0
TGLD ETF;D;20250423;000000;11.06;11.21;10.91;10.97;120038294;0
TGLD ETF;D;20250424;000000;11.1;11.17;11.06;11.1;65303763;0
TGLD ETF;D;20250425;000000;11.04;11.09;10.93;10.96;67029985;0
TGLD ETF;D;20250428;000000;10.99;11.01;10.83;10.91;75460251;0
TGLD ETF;D;20250429;000000;10.94;10.95;10.85;10.86;53673219;0
TGLD ETF;D;20250430;000000;10.84;10.92;10.75;10.81;69645692;0
TGLD ETF;D;20250502;000000;10.75;10.9;10.73;10.84;59288186;0
TGLD ETF;D;20250505;000000;10.9;10.91;10.82;10.88;67474940;0
TGLD ETF;D;20250506;000000;10.99;11.09;10.97;11.06;87661055;0
TGLD ETF;D;20250507;000000;11.07;11.16;10.99;11.11;80463661;0
TGLD ETF;D;20250508;000000;11.04;11.12;11.03;11.05;58713843;0
TGLD ETF;D;20250512;000000;10.8;10.82;10.53;10.56;117386447;0
TGLD ETF;D;20250513;000000;10.6;10.67;10.59;10.61;47902193;0
TGLD ETF;D;20250514;000000;10.58;10.62;10.36;10.39;101135053;0
TGLD ETF;D;20250515;000000;10.32;10.45;10.25;10.43;71771746;0
TGLD ETF;D;20250516;000000;10.45;10.51;10.35;10.43;86819667;0
TGLD ETF;D;20250519;000000;10.55;10.57;10.46;10.5;50775417;0
TGLD ETF;D;20250520;000000;10.46;10.69;10.44;10.68;62098917;0
TGLD ETF;D;20250521;000000;10.75;10.76;10.59;10.61;57497130;0
TGLD ETF;D;20250522;000000;10.66;10.7;10.5;10.62;100473149;0
TGLD ETF;D;20250523;000000;10.68;10.74;10.61;10.66;67443920;0
TGLD ETF;D;20250526;000000;10.63;10.68;10.62;10.66;27317120;0
TGLD ETF;D;20250527;000000;10.62;10.64;10.54;10.56;40341240;0
TGLD ETF;D;20250528;000000;10.54;10.58;10.45;10.46;40997610;0
TGLD ETF;D;20250529;000000;10.39;10.42;10.31;10.37;65423543;0
TGLD ETF;D;20250530;000000;10.36;10.42;10.32;10.36;54528054;0
TGLD ETF;D;20250602;000000;10.59;10.66;10.57;10.62;43069590;0
TGLD ETF;D;20250603;000000;10.6;10.62;10.56;10.57;30073838;0
TGLD ETF;D;20250604;000000;10.58;10.76;10.52;10.71;51111107;0
TGLD ETF;D;20250605;000000;10.72;10.76;10.62;10.63;39717893;0
TGLD ETF;D;20250606;000000;10.69;10.73;10.54;10.58;39804077;0
TGLD ETF;D;20250609;000000;10.57;10.59;10.51;10.55;34779968;0
TGLD ETF;D;20250610;000000;10.52;10.53;10.42;10.43;26516606;0
TGLD ETF;D;20250611;000000;10.5;10.61;10.48;10.56;48531020;0
TGLD ETF;D;20250613;000000;10.75;10.77;10.63;10.69;43272039;0
TGLD ETF;D;20250616;000000;10.65;10.7;10.63;10.66;33475764;0
TGLD ETF;D;20250617;000000;10.64;10.65;10.56;10.58;40403851;0
TGLD ETF;D;20250618;000000;10.58;10.62;10.55;10.6;24553566;0
TGLD ETF;D;20250619;000000;10.53;10.55;10.49;10.54;19241690;0
TGLD ETF;D;20250620;000000;10.53;10.57;10.5;10.55;36305728;0
TGLD ETF;D;20250623;000000;10.53;10.56;10.5;10.55;24310436;0
TGLD ETF;D;20250624;000000;10.43;10.53;10.35;10.37;39784595;0
TGLD ETF;D;20250625;000000;10.43;10.44;10.36;10.36;24240098;0
TGLD ETF;D;20250626;000000;10.41;10.45;10.38;10.39;23532724;0
TGLD ETF;D;20250627;000000;10.32;10.34;10.25;10.26;30468258;0
TGLD ETF;D;20250630;000000;10.32;10.34;10.26;10.28;30470800;0
TGLD ETF;D;20250701;000000;10.4;10.46;10.38;10.43;32028491;0
TGLD ETF;D;20250702;000000;10.42;10.46;10.38;10.44;20095041;0
TGLD ETF;D;20250703;000000;10.51;10.54;10.42;10.45;24456970;0
TGLD ETF;D;20250704;000000;10.49;10.51;10.42;10.42;13050773;0
TGLD ETF;D;20250707;000000;10.39;10.41;10.32;10.35;26064373;0
TGLD ETF;D;20250708;000000;10.37;10.4;10.26;10.26;22270727;0
TGLD ETF;D;20250709;000000;10.28;10.32;10.24;10.31;21596222;0
TGLD ETF;D;20250710;000000;10.35;10.37;10.27;10.31;22320802;0
TGLD ETF;D;20250711;000000;10.33;10.51;10.33;10.49;23950621;0
TGLD ETF;D;20250714;000000;10.51;10.52;10.41;10.43;23351653;0
TGLD ETF;D;20250715;000000;10.44;10.45;10.33;10.33;24854168;0
TGLD ETF;D;20250716;000000;10.37;10.49;10.34;10.47;38261096;0
TGLD ETF;D;20250717;000000;10.41;10.43;10.35;10.38;20970801;0
TGLD ETF;D;20250718;000000;10.42;10.5;10.39;10.45;25355605;0
TGLD ETF;D;20250721;000000;10.5;10.55;10.45;10.51;32919432;0
TGLD ETF;D;20250722;000000;10.51;10.62;10.49;10.61;26430293;0
TGLD ETF;D;20250723;000000;10.63;10.65;10.58;10.6;20987661;0
TGLD ETF;D;20250724;000000;10.52;10.63;10.49;10.59;39396173;0
TGLD ETF;D;20250725;000000;10.59;10.61;10.49;10.49;25591252;0
TGLD ETF;D;20250728;000000;10.52;10.65;10.5;10.64;45510043;0
TGLD ETF;D;20250729;000000;10.73;10.84;10.7;10.82;60372988;0
TGLD ETF;D;20250730;000000;10.79;10.83;10.58;10.61;53011761;0
TGLD ETF;D;20250731;000000;10.63;10.63;10.5;10.54;43306017;0
TGLD ETF;D;20250801;000000;10.52;10.68;10.51;10.6;41216902;0
TGLD ETF;D;20250804;000000;10.65;10.7;10.63;10.67;36307840;0
TGLD ETF;D;20250805;000000;10.67;10.77;10.64;10.75;43191087;0
TGLD ETF;D;20250806;000000;10.74;10.79;10.73;10.78;26557539;0
TGLD ETF;D;20250807;000000;10.76;10.78;10.7;10.72;34717012;0
TGLD ETF;D;20250808;000000;10.8;10.86;10.78;10.8;51064648;0
TGLD ETF;D;20250811;000000;10.8;10.85;10.59;10.63;220638;0
TGLD ETF;D;20250812;000000;10.63;10.68;10.55;10.63;551320;0
TGLD ETF;D;20250813;000000;10.63;10.71;10.61;10.7;1170217;0
TGLD ETF;D;20250814;000000;10.7;10.73;10.61;10.64;137915;0
TGLD ETF;D;20250815;000000;10.7;10.72;10.61;10.68;310590;0
TGLD ETF;D;20250818;000000;10.68;10.76;10.66;10.73;138882;0
TGLD ETF;D;20250819;000000;10.7;10.75;10.66;10.66;1513537;0
TGLD ETF;D;20250820;000000;10.67;10.72;10.61;10.72;106372;0
TGLD ETF;D;20250821;000000;10.67;10.75;10.65;10.75;177679;0
TGLD ETF;D;20250822;000000;10.72;10.85;10.67;10.83;5067055;0
TGLD ETF;D;20250825;000000;10.82;10.85;10.73;10.77;1314108;0
TGLD ETF;D;20250826;000000;10.77;10.87;10.75;10.87;121337;0
TGLD ETF;D;20250827;000000;10.86;10.87;10.78;10.87;880587;0
TGLD ETF;D;20250828;000000;10.87;10.89;10.82;10.86;217214;0
TGLD ETF;D;20250829;000000;10.87;11.01;10.87;10.99;480412;0
TGLD ETF;D;20250901;000000;11.14;11.16;11.05;11.09;412697;0
TGLD ETF;D;20250902;000000;11.1;11.26;11.08;11.25;2804456;0
TGLD ETF;D;20250903;000000;11.25;11.4;11.25;11.4;12658598;0
TGLD ETF;D;20250904;000000;11.4;11.44;11.29;11.4;1377188;0
TGLD ETF;D;20250905;000000;11.4;11.63;11.39;11.58;472085;0
TGLD ETF;D;20250908;000000;11.61;11.98;11.61;11.93;4614534;0
TGLD ETF;D;20250909;000000;12;12.19;11.95;12.1;4621560;0
TGLD ETF;D;20250910;000000;12.1;12.36;12.1;12.26;4199666;0
TGLD ETF;D;20250911;000000;12.26;12.38;12.12;12.28;926783;0
TGLD ETF;D;20250912;000000;12.26;12.33;12.1;12.14;774499;0
TGLD ETF;D;20250915;000000;12.14;12.14;11.9;12.03;273817;0
TGLD ETF;D;20250916;000000;12.03;12.21;12.03;12.13;634634;0
TGLD ETF;D;20250917;000000;12.13;12.3;12.01;12.12;3092112;0
TGLD ETF;D;20250918;000000;12.14;12.14;11.97;12.04;922038;0
TGLD ETF;D;20250919;000000;12.04;12.15;12.02;12.15;278861;0
TGLD ETF;D;20250922;000000;12.31;12.37;12.26;12.32;616908;0
TGLD ETF;D;20250923;000000;12.36;12.54;12.33;12.5;617433;0
TGLD ETF;D;20250924;000000;12.52;12.6;12.38;12.41;2518963;0
TGLD ETF;D;20250925;000000;12.4;12.45;12.33;12.37;2035237;0
TGLD ETF;D;20250926;000000;12.4;12.49;12.37;12.46;417010;0
TGLD ETF;D;20250929;000000;12.58;12.58;12.46;12.58;584862;0
TGLD ETF;D;20250930;000000;12.59;12.67;12.4;12.45;783102;0
TGLD ETF;D;20251001;000000;12.56;12.57;12.41;12.42;586617;0
TGLD ETF;D;20251002;000000;12.39;12.52;12.26;12.26;1980413;0
TGLD ETF;D;20251003;000000;12.26;12.66;12.26;12.66;614597;0
TGLD ETF;D;20251006;000000;12.72;12.97;12.72;12.92;1038468;0
TGLD ETF;D;20251007;000000;12.86;12.96;12.73;12.88;6614275;0
TGLD ETF;D;20251008;000000;12.88;13.08;12.88;13.05;1033653;0
TGLD ETF;D;20251009;000000;12.9;13.15;12.9;13.02;407171;0
TGLD ETF;D;20251010;000000;13.02;13.02;12.65;13.02;7999157;0
TGLD ETF;D;20251013;000000;13.02;13.26;12.97;13.13;776686;0
TGLD ETF;D;20251014;000000;13.15;13.22;13.02;13.15;657765;0
TGLD ETF;D;20251015;000000;13.3;13.3;13.15;13.27;424197;0
TGLD ETF;D;20251016;000000;13.15;13.73;13.15;13.68;6668357;0
TGLD ETF;D;20251017;000000;13.68;14.33;13.64;13.8;8448762;0
TGLD ETF;D;20251020;000000;13.8;14.76;13.65;13.95;4193050;0
TGLD ETF;D;20251021;000000;13.99;14.67;13.24;13.46;4046957;0
TGLD ETF;D;20251022;000000;13.16;13.69;13.02;13.08;2999640;0
TGLD ETF;D;20251023;000000;13.42;13.49;13.08;13.48;809499;0
TGLD ETF;D;20251024;000000;13.48;13.59;13;13.15;3362469;0
TGLD ETF;D;20251027;000000;13.15;13.15;12.54;12.72;1779016;0
TGLD ETF;D;20251028;000000;12.61;12.65;12.15;12.54;5444050;0
TGLD ETF;D;20251029;000000;12.62;12.86;12.6;12.79;436010;0
TGLD ETF;D;20251030;000000;12.79;12.9;12.71;12.89;353955;0
TGLD ETF;D;20251031;000000;12.9;13.04;12.89;12.94;340719;0
TGLD ETF;D;20251101;000000;12.88;12.96;12.81;12.92;97459;0
TGLD ETF;D;20251103;000000;12.96;13.01;12.78;12.84;190907;0
TGLD ETF;D;20251105;000000;12.84;12.99;12.75;12.9;448468;0
TGLD ETF;D;20251106;000000;12.94;13.04;12.86;13.04;852132;0
TGLD ETF;D;20251107;000000;13.04;13.17;12.86;12.91;265361;0
TGLD ETF;D;20251110;000000;13.1;13.4;13.1;13.4;960305;0
TGLD ETF;D;20251111;000000;13.41;13.55;13.2;13.21;194565;0
TGLD ETF;D;20251112;000000;13.26;13.49;13.24;13.42;2412335;0
TGLD ETF;D;20251113;000000;13.42;13.65;13.42;13.55;284515;0
TGLD ETF;D;20251114;000000;13.55;13.6;13.07;13.2;940053;0
TGLD ETF;D;20251117;000000;13.2;13.39;13.08;13.22;580483;0
TGLD ETF;D;20251118;000000;13.24;13.5;12.93;13.15;4829077;0
TGLD ETF;D;20251119;000000;12.91;13.26;12.85;13.2;288817;0
TGLD ETF;D;20251120;000000;13.11;13.11;12.96;13.03;863710;0
TGLD ETF;D;20251121;000000;12.82;13;12.64;12.84;1876767;0
TGLD ETF;D;20251124;000000;12.82;12.86;12.72;12.86;347541;0
TGLD ETF;D;20251125;000000;12.96;13.08;12.91;12.99;272266;0
TGLD ETF;D;20251126;000000;13;13.06;12.96;13.04;674421;0
TGLD ETF;D;20251127;000000;13.01;13.03;12.9;12.94;216314;0
TGLD ETF;D;20251128;000000;13.04;13.1;12.93;12.96;141777;0
TGLD ETF;D;20251201;000000;13.07;13.2;13.05;13.1;533598;0
TGLD ETF;D;20251202;000000;13.05;13.08;12.9;13.01;461598;0
TGLD ETF;D;20251203;000000;13.06;13.08;12.93;12.94;183592;0
TGLD ETF;D;20251204;000000;12.8;12.92;12.73;12.85;1232309;0
TGLD ETF;D;20251205;000000;12.85;13.03;12.74;13.01;1206914;0
TGLD ETF;D;20251208;000000;13.01;13.17;12.8;12.81;299182;0
TGLD ETF;D;20251209;000000;12.84;13.04;12.8;13.04;393848;0
TGLD ETF;D;20251210;000000;13.04;13.13;12.91;13.12;1678498;0
TGLD ETF;D;20251211;000000;13.16;13.32;12.78;13.26;4777974;0
TGLD ETF;D;20251212;000000;13.37;13.64;13.32;13.47;2260814;0
TGLD ETF;D;20251215;000000;13.54;13.65;13.15;13.56;1088131;0
TGLD ETF;D;20251216;000000;13.54;13.55;13.35;13.51;567259;0
TGLD ETF;D;20251217;000000;13.54;13.67;13.53;13.61;770268;0
TGLD ETF;D;20251218;000000;13.64;13.66;13.51;13.64;255361;0
TGLD ETF;D;20251219;000000;13.72;13.79;13.53;13.58;636379;0
TGLD ETF;D;20251222;000000;13.78;13.84;13.58;13.62;235145;0
TGLD ETF;D;20251223;000000;13.74;13.84;13.55;13.63;322381;0
TGLD ETF;D;20251224;000000;13.71;13.86;13.65;13.74;2255181;0
TGLD ETF;D;20251225;000000;13.74;13.76;13.58;13.66;232342;0
TGLD ETF;D;20251226;000000;13.72;13.8;13.6;13.74;276598;0
TGLD ETF;D;20251229;000000;13.76;13.79;13.15;13.25;757939;0
TGLD ETF;D;20251230;000000;13.31;13.79;13.3;13.65;997075;0
TGLD ETF;D;20260105;000000;13.81;14.09;13.81;14.03;785729;0
TGLD ETF;D;20260106;000000;14.06;14.19;14.06;14.1;103799;0
TGLD ETF;D;20260108;000000;14.15;14.3;13.87;13.99;1313488;0
TGLD ETF;D;20260109;000000;14.08;14.21;13.92;14.05;330285;0
TGLD ETF;D;20260112;000000;14.12;14.76;14.12;14.42;1271149;0
TGLD ETF;D;20260113;000000;14.4;14.45;14.25;14.39;329174;0
TGLD ETF;D;20260114;000000;14.48;14.49;14.3;14.33;1267815;0
TGLD ETF;D;20260115;000000;14.3;14.45;14.22;14.28;691003;0
TGLD ETF;D;20260116;000000;14.24;14.33;14.12;14.16;156691;0
TGLD ETF;D;20260119;000000;14.49;14.56;14.37;14.44;392503;0
TGLD ETF;D;20260120;000000;14.5;14.68;14.49;14.6;895063;0
TGLD ETF;D;20260121;000000;14.99;15;14.64;14.75;1707580;0
TGLD ETF;D;20260122;000000;14.77;14.77;14.46;14.63;1046782;0
TGLD ETF;D;20260123;000000;14.89;14.98;14.73;14.88;1354353;0
TGLD ETF;D;20260126;000000;15.18;15.49;15.02;15.44;6734353;0
TGLD ETF;D;20260127;000000;15.44;15.5;15.21;15.35;968671;0
TGLD ETF;D;20260128;000000;15.68;16.89;15.43;15.99;4545744;0
TGLD ETF;D;20260129;000000;16.81;17.8;15.12;15.4;4750263;0
TGLD ETF;D;20260130;000000;15.38;15.88;14.79;15.15;3324211;0
TGLD ETF;D;20260202;000000;14.9;14.9;13.72;14.34;3197462;0
TGLD ETF;D;20260203;000000;14.8;15.2;14.79;15.14;1383329;0
TGLD ETF;D;20260204;000000;15.61;15.67;14.89;14.98;3499848;0
TGLD ETF;D;20260205;000000;14.98;15.02;14.7;14.88;1724711;0
TGLD ETF;D;20260206;000000;14.88;15.29;14.81;15.26;1147709;0
TGLD ETF;D;20260209;000000;15.51;15.63;15.32;15.58;879684;0
TGLD ETF;D;20260210;000000;15.56;15.65;15.47;15.49;486050;0
TGLD ETF;D;20260211;000000;15.6;15.74;15.51;15.54;1913860;0
TGLD ETF;D;20260212;000000;15.55;15.62;15.48;15.57;378003;0
TGLD ETF;D;20260213;000000;15.25;15.34;15.16;15.3;771886;0
TGLD ETF;D;20260216;000000;15.29;15.29;15.16;15.22;1430029;0
TGLD ETF;D;20260217;000000;15.04;15.08;14.7;14.8;607197;0
TGLD ETF;D;20260218;000000;14.91;15.29;14.87;15.23;642826;0
TGLD ETF;D;20260219;000000;15.29;15.39;15.15;15.26;4298414;0
TGLD ETF;D;20260220;000000;15.26;15.43;15.24;15.33;1878067;0
TGLD ETF;D;20260224;000000;15.72;15.82;15.52;15.66;905949;0
TGLD ETF;D;20260225;000000;15.67;16.06;15.67;16.04;2557324;0
TGLD ETF;D;20260226;000000;16.09;16.09;15.82;15.88;440265;0
TGLD ETF;D;20260227;000000;15.93;16.15;15.88;16;5859266;0
TGLD ETF;D;20260302;000000;16.57;16.87;16.38;16.5;3693221;0
TGLD ETF;D;20260303;000000;16.5;16.55;15.5;15.69;4466970;0
TGLD ETF;D;20260304;000000;15.78;16.1;15.78;15.89;1318709;0
TGLD ETF;D;20260305;000000;15.9;16.14;15.86;15.97;2095159;0
TGLD ETF;D;20260306;000000;15.99;16.09;15.8;16.04;255081;0
TGLD ETF;D;20260309;000000;15.72;15.88;15.6;15.73;389889;0
TGLD ETF;D;20260310;000000;15.95;16.38;15.94;16.3;979368;0
TGLD ETF;D;20260311;000000;16.3;16.3;16.14;16.22;1527513;0
TGLD ETF;D;20260312;000000;16.22;16.37;16.06;16.2;448953;0
TGLD ETF;D;20260313;000000;16.36;16.36;16.05;16.17;210108;0
TGLD ETF;D;20260316;000000;16.16;16.33;15.9;16.13;423715;0
TGLD ETF;D;20260317;000000;16.16;16.24;16.11;16.23;437015;0
TGLD ETF;D;20260318;000000;16.22;16.33;15.93;16.04;738119;0
TGLD ETF;D;20260319;000000;16.04;16.04;15.14;15.33;1651682;0
TGLD ETF;D;20260320;000000;15.36;15.59;14.92;14.93;4437994;0
TGLD ETF;D;20260323;000000;14.8;14.8;13.71;14.37;9187611;0
TGLD ETF;D;20260324;000000;14.37;14.67;14.15;14.33;1152630;0
TGLD ETF;D;20260325;000000;14.6;14.88;14.45;14.65;2481971;0
TGLD ETF;D;20260326;000000;14.79;14.79;14.2;14.28;764238;0
TGLD ETF;D;20260327;000000;14.26;14.69;14.09;14.65;928594;0
TGLD ETF;D;20260330;000000;14.62;14.7;14.4;14.57;980652;0
TGLD ETF;D;20260331;000000;14.55;14.77;14.41;14.67;346353;0
TGLD ETF;D;20260401;000000;14.77;15.12;14.77;14.99;2228532;0
TGLD ETF;D;20260402;000000;14.91;14.91;14.45;14.59;506848;0
TGLD ETF;D;20260403;000000;14.57;14.59;14.43;14.45;363301;0
TGLD ETF;D;20260406;000000;14.47;14.68;14.35;14.58;1700278;0
TGLD ETF;D;20260407;000000;14.55;14.66;14.37;14.47;239786;0
TGLD ETF;D;20260408;000000;14.95;15.08;14.7;14.75;2157258;0
TGLD ETF;D;20260409;000000;14.75;14.75;14.53;14.62;678064;0
TGLD ETF;D;20260410;000000;14.56;14.56;14.45;14.51;372885;0
TGLD ETF;D;20260413;000000;14.3;14.35;14.16;14.26;996324;0
TGLD ETF;D;20260414;000000;14.39;14.44;14.21;14.27;1069690;0
TGLD ETF;D;20260415;000000;14.43;14.43;14.15;14.37;237051;0
TGLD ETF;D;20260416;000000;14.37;14.58;14.32;14.44;1033527;0
TGLD ETF;D;20260417;000000;14.45;14.62;14.31;14.58;1956455;0
TGLD ETF;D;20260420;000000;14.53;14.53;14.28;14.34;413278;0
TGLD ETF;D;20260421;000000;14.34;14.34;13.98;14.07;481776;0
TGLD ETF;D;20260422;000000;14.11;14.23;14.05;14.08;206968;0
TGLD ETF;D;20260423;000000;14.07;14.27;13.86;14.2;360519;0
TGLD ETF;D;20260424;000000;14.19;14.19;13.91;14.01;194383;0
TGLD ETF;D;20260427;000000;14.01;14.01;13.71;13.75;292137;0
TGLD ETF;D;20260428;000000;13.59;13.67;13.4;13.51;508814;0
TGLD ETF;D;20260429;000000;13.51;13.56;13.27;13.42;377303;0
TGLD ETF;D;20260430;000000;13.42;13.67;13.42;13.64;873131;0
