<TICKER>;<PER>;<DATE>;<TIME>;<OPEN>;<HIGH>;<LOW>;<CLOSE>;<VOL>;<OPENINT>
Э.ОНРоссия;D;20110720;000000;2.6101;2.6483;2.59;2.5996;17264000;0
Э.ОНРоссия;D;20110721;000000;2.5863;2.615;2.5501;2.615;12473000;0
Э.ОНРоссия;D;20110722;000000;2.6;2.6619;2.6;2.6578;8023000;0
Э.ОНРоссия;D;20110725;000000;2.656;2.8001;2.6;2.758;27076000;0
Э.ОНРоссия;D;20110726;000000;2.75;2.78;2.721;2.7299;10454000;0
Э.ОНРоссия;D;20110727;000000;2.698;2.735;2.661;2.68;29471000;0
Э.ОНРоссия;D;20110728;000000;2.6829;2.76;2.667;2.6845;4678000;0
Э.ОНРоссия;D;20110729;000000;2.67;2.75;2.67;2.7256;15509000;0
Э.ОНРоссия;D;20110801;000000;2.792;2.7998;2.727;2.7496;12966000;0
Э.ОНРоссия;D;20110802;000000;2.715;2.7459;2.705;2.7167;7219000;0
Э.ОНРоссия;D;20110803;000000;2.7;2.7265;2.501;2.6199;16975000;0
Э.ОНРоссия;D;20110804;000000;2.68;2.68;2.521;2.59;15538000;0
Э.ОНРоссия;D;20110805;000000;2.4714;2.5525;2.421;2.4395;30537000;0
Э.ОНРоссия;D;20110808;000000;2.4005;2.4098;2.3;2.3125;21602000;0
Э.ОНРоссия;D;20110809;000000;2.219;2.3125;2.1613;2.2642;40759000;0
Э.ОНРоссия;D;20110810;000000;2.3995;2.4;2.181;2.1845;11611000;0
Э.ОНРоссия;D;20110811;000000;2.25;2.2989;1.94;2.19;49546000;0
Э.ОНРоссия;D;20110812;000000;2.2083;2.3;2.18;2.216;39516000;0
Э.ОНРоссия;D;20110815;000000;2.2681;2.2935;2.201;2.249;38135000;0
Э.ОНРоссия;D;20110816;000000;2.2489;2.3;2.21;2.26;9155000;0
Э.ОНРоссия;D;20110817;000000;2.2866;2.3422;2.2255;2.32;24248000;0
Э.ОНРоссия;D;20110818;000000;2.295;2.378;2.1668;2.2316;16549000;0
Э.ОНРоссия;D;20110819;000000;2.195;2.229;2.1561;2.2;29630000;0
Э.ОНРоссия;D;20110822;000000;2.199;2.2399;2.165;2.165;13151000;0
Э.ОНРоссия;D;20110823;000000;2.2;2.247;2.1906;2.2468;14972000;0
Э.ОНРоссия;D;20110824;000000;2.24;2.256;2.22;2.24;7805000;0
Э.ОНРоссия;D;20110825;000000;2.23;2.2885;2.225;2.2494;6171000;0
Э.ОНРоссия;D;20110826;000000;2.2883;2.2883;2.2046;2.2198;5809000;0
Э.ОНРоссия;D;20110829;000000;2.24;2.345;2.24;2.343;7199000;0
Э.ОНРоссия;D;20110830;000000;2.3085;2.3797;2.3085;2.3599;5294000;0
Э.ОНРоссия;D;20110831;000000;2.3599;2.399;2.3599;2.3775;15524000;0
Э.ОНРоссия;D;20110901;000000;2.378;2.42;2.2701;2.3035;9294000;0
Э.ОНРоссия;D;20110902;000000;2.292;2.2974;2.22;2.255;16218000;0
Э.ОНРоссия;D;20110905;000000;2.215;2.2462;2.1751;2.203;18635000;0
Э.ОНРоссия;D;20110906;000000;2.178;2.2493;2.1204;2.249;9029000;0
Э.ОНРоссия;D;20110907;000000;2.26;2.2995;2.2571;2.2801;8036000;0
Э.ОНРоссия;D;20110908;000000;2.2922;2.344;2.2892;2.3399;15011000;0
Э.ОНРоссия;D;20110909;000000;2.337;2.3489;2.2914;2.3201;19656000;0
Э.ОНРоссия;D;20110912;000000;2.2954;2.2954;2.1999;2.2779;20202000;0
Э.ОНРоссия;D;20110913;000000;2.285;2.3301;2.2296;2.3188;10586000;0
Э.ОНРоссия;D;20110914;000000;2.2561;2.3667;2.2543;2.32;11774000;0
Э.ОНРоссия;D;20110915;000000;2.3477;2.3519;2.2999;2.3311;15735000;0
Э.ОНРоссия;D;20110916;000000;2.332;2.3377;2.3003;2.3321;4358000;0
Э.ОНРоссия;D;20110919;000000;2.3225;2.3278;2.2651;2.2717;9038000;0
Э.ОНРоссия;D;20110920;000000;2.2737;2.369;2.2737;2.35;7811000;0
Э.ОНРоссия;D;20110921;000000;2.3324;2.43;2.3324;2.3839;18911000;0
Э.ОНРоссия;D;20110922;000000;2.332;2.3498;2.0501;2.1211;33257000;0
Э.ОНРоссия;D;20110923;000000;2.1211;2.1693;1.943;2.0599;39692000;0
Э.ОНРоссия;D;20110926;000000;2.0173;2.13;1.95;2.06;23624000;0
Э.ОНРоссия;D;20110927;000000;2.1049;2.1997;2.102;2.1265;17638000;0
Э.ОНРоссия;D;20110928;000000;2.1098;2.18;2.03;2.1149;12640000;0
Э.ОНРоссия;D;20110929;000000;2.081;2.2687;2.081;2.1599;31266000;0
Э.ОНРоссия;D;20110930;000000;2.1601;2.1986;2.0112;2.05;30220000;0
Э.ОНРоссия;D;20111003;000000;2.03;2.1399;1.95;2.13;14308000;0
Э.ОНРоссия;D;20111004;000000;2.08;2.1697;1.9683;2.0598;29694000;0
Э.ОНРоссия;D;20111005;000000;2.0969;2.0993;2.035;2.0788;7975000;0
Э.ОНРоссия;D;20111006;000000;2.1146;2.1691;2.0888;2.1175;13862000;0
Э.ОНРоссия;D;20111007;000000;2.0923;2.18;2.0878;2.152;9561000;0
Э.ОНРоссия;D;20111010;000000;2.1796;2.2068;2.16;2.2068;6351000;0
Э.ОНРоссия;D;20111011;000000;2.1753;2.192;2.115;2.16;9668000;0
Э.ОНРоссия;D;20111012;000000;2.14;2.22;2.14;2.1992;13348000;0
Э.ОНРоссия;D;20111013;000000;2.2239;2.275;2.1835;2.2475;11950000;0
Э.ОНРоссия;D;20111014;000000;2.2589;2.33;2.2519;2.3106;8297000;0
Э.ОНРоссия;D;20111017;000000;2.33;2.33;2.2352;2.24;9663000;0
Э.ОНРоссия;D;20111018;000000;2.1923;2.2734;2.17;2.226;7274000;0
Э.ОНРоссия;D;20111019;000000;2.248;2.2697;2.1993;2.2002;5312000;0
Э.ОНРоссия;D;20111020;000000;2.1939;2.34;2.1801;2.34;11153000;0
Э.ОНРоссия;D;20111021;000000;2.3047;2.36;2.2897;2.341;17734000;0
Э.ОНРоссия;D;20111024;000000;2.3597;2.378;2.3076;2.334;6431000;0
Э.ОНРоссия;D;20111025;000000;2.334;2.37;2.278;2.2806;35803000;0
Э.ОНРоссия;D;20111026;000000;2.2948;2.343;2.2226;2.3171;11719000;0
Э.ОНРоссия;D;20111027;000000;2.3563;2.385;2.2899;2.3048;22434000;0
Э.ОНРоссия;D;20111028;000000;2.3219;2.4;2.2652;2.3382;14135000;0
Э.ОНРоссия;D;20111031;000000;2.3398;2.3989;2.328;2.3901;8024000;0
Э.ОНРоссия;D;20111101;000000;2.36;2.5398;2.29;2.35;19953000;0
Э.ОНРоссия;D;20111102;000000;2.3502;2.44;2.3502;2.4;17757000;0
Э.ОНРоссия;D;20111103;000000;2.3835;2.431;2.33;2.372;3285000;0
Э.ОНРоссия;D;20111107;000000;2.3949;2.5;2.3418;2.48;14410000;0
Э.ОНРоссия;D;20111108;000000;2.4084;2.5196;2.4084;2.485;17438000;0
Э.ОНРоссия;D;20111109;000000;2.59;2.59;2.35;2.365;8934000;0
Э.ОНРоссия;D;20111110;000000;2.3189;2.397;2.304;2.34;8546000;0
Э.ОНРоссия;D;20111111;000000;2.261;2.41;2.261;2.404;2300000;0
Э.ОНРоссия;D;20111114;000000;2.5035;2.5035;2.3251;2.3594;5939000;0
Э.ОНРоссия;D;20111115;000000;2.2905;2.4479;2.2905;2.4101;9763000;0
Э.ОНРоссия;D;20111116;000000;2.3979;2.46;2.38;2.4514;8121000;0
Э.ОНРоссия;D;20111117;000000;2.2612;2.46;2.2612;2.4185;14678000;0
Э.ОНРоссия;D;20111118;000000;2.3745;2.397;2.36;2.3675;3480000;0
Э.ОНРоссия;D;20111121;000000;2.34;2.3479;2.25;2.2503;7203000;0
Э.ОНРоссия;D;20111122;000000;2.2519;2.369;2.22;2.26;16036000;0
Э.ОНРоссия;D;20111123;000000;2.23;2.3383;2.225;2.295;8398000;0
Э.ОНРоссия;D;20111124;000000;2.3;2.3199;2.27;2.2702;27830000;0
Э.ОНРоссия;D;20111125;000000;2.2995;2.3;2.225;2.265;9501000;0
Э.ОНРоссия;D;20111128;000000;2.2701;2.3999;2.2701;2.3183;20964000;0
Э.ОНРоссия;D;20111129;000000;2.3747;2.4;2.3;2.3127;9970000;0
Э.ОНРоссия;D;20111130;000000;2.3149;2.3945;2.2822;2.3945;19171000;0
Э.ОНРоссия;D;20111201;000000;2.3899;2.499;2.3532;2.46;44380000;0
Э.ОНРоссия;D;20111202;000000;2.415;2.5375;2.4133;2.5375;11710000;0
Э.ОНРоссия;D;20111205;000000;2.4355;2.545;2.4355;2.545;6807000;0
Э.ОНРоссия;D;20111206;000000;2.4721;2.4999;2.3812;2.4845;14679000;0
Э.ОНРоссия;D;20111207;000000;2.4249;2.489;2.4083;2.44;1766000;0
Э.ОНРоссия;D;20111208;000000;2.3901;2.48;2.3901;2.4415;13259000;0
Э.ОНРоссия;D;20111209;000000;2.352;2.399;2.3052;2.385;13694000;0
Э.ОНРоссия;D;20111212;000000;2.422;2.4524;2.1653;2.22;16505000;0
Э.ОНРоссия;D;20111213;000000;2.2003;2.288;2.1636;2.23;16648000;0
Э.ОНРоссия;D;20111214;000000;2.2264;2.2301;2.1001;2.1001;18376000;0
Э.ОНРоссия;D;20111215;000000;2.1061;2.245;2.1012;2.1199;13498000;0
Э.ОНРоссия;D;20111216;000000;2.151;2.24;2.1;2.2;18920000;0
Э.ОНРоссия;D;20111219;000000;2.1516;2.2743;2.1405;2.1999;19023000;0
Э.ОНРоссия;D;20111220;000000;2.159;2.259;2.159;2.211;9786000;0
Э.ОНРоссия;D;20111221;000000;2.23;2.2579;2.1721;2.2099;21169000;0
Э.ОНРоссия;D;20111222;000000;2.1896;2.2223;2.1506;2.17;10105000;0
Э.ОНРоссия;D;20111223;000000;2.1938;2.23;2.1612;2.2295;9214000;0
Э.ОНРоссия;D;20111226;000000;2.2315;2.2315;2.17;2.1789;12177000;0
Э.ОНРоссия;D;20111227;000000;2.1849;2.249;2.176;2.23;12462000;0
Э.ОНРоссия;D;20111228;000000;2.2136;2.2289;2.16;2.165;4015000;0
Э.ОНРоссия;D;20111229;000000;2.1564;2.1682;2.0821;2.1461;12721000;0
Э.ОНРоссия;D;20111230;000000;2.1598;2.1599;2.122;2.139;4153000;0
Э.ОНРоссия;D;20120103;000000;2.1412;2.255;2.1412;2.255;5243000;0
Э.ОНРоссия;D;20120104;000000;2.25;2.27;2.22;2.27;10154000;0
Э.ОНРоссия;D;20120105;000000;2.286;2.2999;2.2286;2.2753;1627000;0
Э.ОНРоссия;D;20120106;000000;2.2421;2.323;2.2224;2.2899;2670000;0
Э.ОНРоссия;D;20120109;000000;2.2371;2.3408;2.2371;2.31;3152000;0
Э.ОНРоссия;D;20120110;000000;2.34;2.3492;2.274;2.275;20130000;0
Э.ОНРоссия;D;20120111;000000;2.2733;2.3;2.26;2.2999;13802000;0
Э.ОНРоссия;D;20120112;000000;2.299;2.3268;2.28;2.3099;10206000;0
Э.ОНРоссия;D;20120113;000000;2.282;2.35;2.27;2.3231;26367000;0
Э.ОНРоссия;D;20120116;000000;2.3331;2.3401;2.2612;2.318;8532000;0
Э.ОНРоссия;D;20120117;000000;2.3498;2.3505;2.3101;2.3476;13238000;0
Э.ОНРоссия;D;20120118;000000;2.3309;2.4;2.3155;2.4;19346000;0
Э.ОНРоссия;D;20120119;000000;2.42;2.4636;2.4;2.431;22867000;0
Э.ОНРоссия;D;20120120;000000;2.421;2.4598;2.4195;2.445;8761000;0
Э.ОНРоссия;D;20120123;000000;2.4211;2.4799;2.4082;2.4601;8733000;0
Э.ОНРоссия;D;20120124;000000;2.4788;2.531;2.4512;2.4952;14909000;0
Э.ОНРоссия;D;20120125;000000;2.7645;2.7645;2.4368;2.48;9446000;0
Э.ОНРоссия;D;20120126;000000;2.56;2.56;2.447;2.4797;7079000;0
Э.ОНРоссия;D;20120127;000000;2.411;2.4696;2.4;2.44;6369000;0
Э.ОНРоссия;D;20120130;000000;2.4271;2.4398;2.41;2.4203;2694000;0
Э.ОНРоссия;D;20120131;000000;2.4272;2.5689;2.415;2.55;23620000;0
Э.ОНРоссия;D;20120201;000000;2.5279;2.589;2.5;2.5426;11480000;0
Э.ОНРоссия;D;20120202;000000;2.5499;2.5989;2.4803;2.5;11801000;0
Э.ОНРоссия;D;20120203;000000;2.49;2.56;2.49;2.5255;16439000;0
Э.ОНРоссия;D;20120206;000000;2.53;2.695;2.53;2.648;24971000;0
Э.ОНРоссия;D;20120207;000000;2.648;2.75;2.63;2.6601;33919000;0
Э.ОНРоссия;D;20120208;000000;2.6848;2.75;2.679;2.73;30682000;0
Э.ОНРоссия;D;20120209;000000;2.732;2.769;2.6356;2.7;30333000;0
Э.ОНРоссия;D;20120210;000000;2.7073;2.7073;2.6329;2.655;8653000;0
Э.ОНРоссия;D;20120213;000000;2.667;2.7021;2.6404;2.7021;9411000;0
Э.ОНРоссия;D;20120214;000000;2.6541;2.7199;2.6541;2.69;3808000;0
Э.ОНРоссия;D;20120215;000000;2.6886;2.7249;2.665;2.699;10266000;0
Э.ОНРоссия;D;20120216;000000;2.6351;2.7;2.5192;2.69;13016000;0
Э.ОНРоссия;D;20120217;000000;2.6999;2.7;2.67;2.68;3257000;0
Э.ОНРоссия;D;20120220;000000;2.7018;2.8;2.7018;2.7909;37653000;0
Э.ОНРоссия;D;20120221;000000;2.7766;2.8239;2.7582;2.7802;24084000;0
Э.ОНРоссия;D;20120222;000000;2.79;2.8236;2.7006;2.7083;6075000;0
Э.ОНРоссия;D;20120224;000000;2.7112;2.7375;2.6728;2.69;19254000;0
Э.ОНРоссия;D;20120227;000000;2.6521;2.7233;2.6322;2.68;37872000;0
Э.ОНРоссия;D;20120228;000000;2.7;2.7048;2.5704;2.5989;12866000;0
Э.ОНРоссия;D;20120229;000000;2.6299;2.6623;2.5834;2.6299;14219000;0
Э.ОНРоссия;D;20120301;000000;2.5799;2.7195;2.5755;2.6402;17370000;0
Э.ОНРоссия;D;20120302;000000;2.6503;2.7185;2.6198;2.648;31727000;0
Э.ОНРоссия;D;20120305;000000;2.6797;2.7318;2.6701;2.7302;11792000;0
Э.ОНРоссия;D;20120306;000000;2.6921;2.72;2.6111;2.6448;16500000;0
Э.ОНРоссия;D;20120307;000000;2.6101;2.71;2.6;2.69;10866000;0
Э.ОНРоссия;D;20120311;000000;2.7;2.7;2.67;2.6802;9072000;0
Э.ОНРоссия;D;20120312;000000;2.6565;2.71;2.6111;2.6383;14493000;0
Э.ОНРоссия;D;20120313;000000;2.6459;2.6552;2.6002;2.64;34981000;0
Э.ОНРоссия;D;20120314;000000;2.64;2.6853;2.61;2.655;95391000;0
Э.ОНРоссия;D;20120315;000000;2.6599;2.67;2.6243;2.641;33454000;0
Э.ОНРоссия;D;20120316;000000;2.6696;2.6697;2.601;2.6396;49509000;0
Э.ОНРоссия;D;20120319;000000;2.6121;2.7;2.612;2.67;30746000;0
Э.ОНРоссия;D;20120320;000000;2.6679;2.725;2.651;2.715;33571000;0
Э.ОНРоссия;D;20120321;000000;2.6701;2.7294;2.6701;2.7;14516000;0
Э.ОНРоссия;D;20120322;000000;2.6938;2.72;2.65;2.662;13097000;0
Э.ОНРоссия;D;20120323;000000;2.6997;2.6997;2.6652;2.68;8132000;0
Э.ОНРоссия;D;20120326;000000;2.7;2.8;2.695;2.7996;21373000;0
Э.ОНРоссия;D;20120327;000000;2.775;2.8409;2.7615;2.825;19531000;0
Э.ОНРоссия;D;20120328;000000;2.8399;2.8828;2.8;2.88;21061000;0
Э.ОНРоссия;D;20120329;000000;2.88;2.8849;2.8;2.81;17919000;0
Э.ОНРоссия;D;20120330;000000;2.809;2.8877;2.809;2.86;8088000;0
Э.ОНРоссия;D;20120402;000000;2.8799;2.8897;2.7811;2.8345;3802000;0
Э.ОНРоссия;D;20120403;000000;2.8676;2.8996;2.8381;2.876;16118000;0
Э.ОНРоссия;D;20120404;000000;2.8416;2.89;2.7238;2.812;12883000;0
Э.ОНРоссия;D;20120405;000000;2.8393;2.907;2.7511;2.832;3908000;0
Э.ОНРоссия;D;20120406;000000;2.8237;2.8257;2.7698;2.7699;3372000;0
Э.ОНРоссия;D;20120409;000000;2.7553;2.775;2.7551;2.757;3161000;0
Э.ОНРоссия;D;20120410;000000;2.75;2.7757;2.74;2.74;6571000;0
Э.ОНРоссия;D;20120411;000000;2.7219;2.7304;2.6501;2.679;23948000;0
Э.ОНРоссия;D;20120412;000000;2.685;2.685;2.6151;2.635;7291000;0
Э.ОНРоссия;D;20120413;000000;2.65;2.665;2.6299;2.65;21224000;0
Э.ОНРоссия;D;20120416;000000;2.621;2.6777;2.6205;2.621;4504000;0
Э.ОНРоссия;D;20120417;000000;2.6416;2.6799;2.64;2.661;7234000;0
Э.ОНРоссия;D;20120418;000000;2.6684;2.7501;2.6684;2.721;15126000;0
Э.ОНРоссия;D;20120419;000000;2.7381;2.78;2.7255;2.74;7290000;0
Э.ОНРоссия;D;20120420;000000;2.74;2.8;2.7251;2.7998;7757000;0
Э.ОНРоссия;D;20120423;000000;2.753;2.81;2.745;2.76;12140000;0
Э.ОНРоссия;D;20120424;000000;2.76;2.76;2.613;2.6402;13786000;0
Э.ОНРоссия;D;20120425;000000;2.6512;2.68;2.6346;2.6505;5354000;0
Э.ОНРоссия;D;20120426;000000;2.6502;2.69;2.572;2.62;11809000;0
Э.ОНРоссия;D;20120427;000000;2.6008;2.6842;2.5831;2.66;6551000;0
Э.ОНРоссия;D;20120428;000000;2.6268;2.6638;2.6268;2.655;99000;0
Э.ОНРоссия;D;20120502;000000;2.655;2.6837;2.514;2.5206;18590000;0
Э.ОНРоссия;D;20120503;000000;2.557;2.57;2.45;2.5001;33596000;0
Э.ОНРоссия;D;20120504;000000;2.5001;2.6001;2.4499;2.46;13384000;0
Э.ОНРоссия;D;20120505;000000;2.445;2.4981;2.4171;2.4307;4986000;0
Э.ОНРоссия;D;20120507;000000;2.411;2.49;2.3401;2.402;6512000;0
Э.ОНРоссия;D;20120508;000000;2.4052;2.485;2.3902;2.46;2757000;0
Э.ОНРоссия;D;20120510;000000;2.4478;2.5499;2.37;2.37;9922000;0
Э.ОНРоссия;D;20120511;000000;2.3887;2.4195;2.3512;2.39;5243000;0
Э.ОНРоссия;D;20120512;000000;2.3681;2.43;2.3681;2.4;3496000;0
Э.ОНРоссия;D;20120514;000000;2.3941;2.3941;2.2688;2.275;19048000;0
Э.ОНРоссия;D;20120515;000000;2.2499;2.35;2.23;2.27;17231000;0
Э.ОНРоссия;D;20120516;000000;2.225;2.343;2.225;2.232;9841000;0
Э.ОНРоссия;D;20120517;000000;2.2852;2.3031;2.1122;2.2065;9151000;0
Э.ОНРоссия;D;20120518;000000;2.141;2.2391;2.141;2.2388;9498000;0
Э.ОНРоссия;D;20120521;000000;2.1673;2.283;2.1673;2.1977;21741000;0
Э.ОНРоссия;D;20120522;000000;2.2174;2.23;2.1806;2.2199;5783000;0
Э.ОНРоссия;D;20120523;000000;2.1904;2.22;2.0729;2.0893;23563000;0
Э.ОНРоссия;D;20120524;000000;2.1381;2.1588;2.0399;2.11;17104000;0
Э.ОНРоссия;D;20120525;000000;2.1001;2.24;2.1001;2.2202;25079000;0
Э.ОНРоссия;D;20120528;000000;2.2349;2.2799;2.1598;2.1895;26034000;0
Э.ОНРоссия;D;20120529;000000;2.2199;2.25;2.16;2.2402;23618000;0
Э.ОНРоссия;D;20120530;000000;2.2096;2.295;2.18;2.22;14854000;0
Э.ОНРоссия;D;20120531;000000;2.19;2.2569;2.181;2.232;14450000;0
Э.ОНРоссия;D;20120601;000000;2.2386;2.2889;2.1734;2.21;14234000;0
Э.ОНРоссия;D;20120604;000000;2.1808;2.2;2.155;2.1702;12608000;0
Э.ОНРоссия;D;20120605;000000;2.1975;2.22;2.1803;2.22;4867000;0
Э.ОНРоссия;D;20120606;000000;2.2238;2.2713;2.2238;2.2713;7525000;0
Э.ОНРоссия;D;20120607;000000;2.271;2.355;2.2253;2.355;7136000;0
Э.ОНРоссия;D;20120608;000000;2.3093;2.5449;2.3093;2.5449;22379000;0
Э.ОНРоссия;D;20120609;000000;2.5913;2.5913;2.5005;2.5186;2903000;0
Э.ОНРоссия;D;20120613;000000;2.5396;2.5399;2.375;2.535;7473000;0
Э.ОНРоссия;D;20120614;000000;2.4815;2.4998;2.3983;2.49;11957000;0
Э.ОНРоссия;D;20120615;000000;2.48;2.5798;2.4306;2.579;14369000;0
Э.ОНРоссия;D;20120618;000000;2.58;2.5905;2.4747;2.5677;6410000;0
Э.ОНРоссия;D;20120619;000000;2.5599;2.6;2.4722;2.5267;8174000;0
Э.ОНРоссия;D;20120620;000000;2.5169;2.5243;2.371;2.3975;2450000;0
Э.ОНРоссия;D;20120621;000000;2.372;2.39;2.28;2.2864;20271000;0
Э.ОНРоссия;D;20120622;000000;2.24;2.36;2.195;2.36;10057000;0
Э.ОНРоссия;D;20120625;000000;2.36;2.3679;2.3013;2.345;2669000;0
Э.ОНРоссия;D;20120626;000000;2.345;2.42;2.3399;2.3399;5359000;0
Э.ОНРоссия;D;20120627;000000;2.3477;2.356;2.301;2.33;11351000;0
Э.ОНРоссия;D;20120628;000000;2.3499;2.3499;2.2695;2.2819;6557000;0
Э.ОНРоссия;D;20120629;000000;2.3067;2.3559;2.3;2.35;7422000;0
Э.ОНРоссия;D;20120702;000000;2.35;2.48;2.3227;2.4797;12747000;0
Э.ОНРоссия;D;20120703;000000;2.49;2.59;2.49;2.5101;10423000;0
Э.ОНРоссия;D;20120704;000000;2.5326;2.5453;2.46;2.5098;5679000;0
Э.ОНРоссия;D;20120705;000000;2.4844;2.5239;2.45;2.47;10429000;0
Э.ОНРоссия;D;20120706;000000;2.4604;2.5199;2.4525;2.5;8706000;0
Э.ОНРоссия;D;20120709;000000;2.46;2.5198;2.422;2.43;11039000;0
Э.ОНРоссия;D;20120710;000000;2.405;2.4798;2.38;2.4401;4802000;0
Э.ОНРоссия;D;20120711;000000;2.4152;2.4465;2.3953;2.44;4279000;0
Э.ОНРоссия;D;20120712;000000;2.4118;2.49;2.4118;2.488;2354000;0
Э.ОНРоссия;D;20120713;000000;2.4743;2.56;2.4743;2.56;2931000;0
Э.ОНРоссия;D;20120716;000000;2.575;2.643;2.52;2.63;10144000;0
Э.ОНРоссия;D;20120717;000000;2.6167;2.6788;2.5133;2.5484;10544000;0
Э.ОНРоссия;D;20120718;000000;2.545;2.6199;2.51;2.539;10872000;0
Э.ОНРоссия;D;20120719;000000;2.5575;2.5676;2.53;2.546;5967000;0
Э.ОНРоссия;D;20120720;000000;2.5114;2.5348;2.4648;2.47;8267000;0
Э.ОНРоссия;D;20120723;000000;2.4646;2.47;2.4;2.47;9696000;0
Э.ОНРоссия;D;20120724;000000;2.48;2.4999;2.4019;2.41;2678000;0
Э.ОНРоссия;D;20120725;000000;2.4101;2.4298;2.3699;2.405;2432000;0
Э.ОНРоссия;D;20120726;000000;2.4199;2.4751;2.4;2.475;5082000;0
Э.ОНРоссия;D;20120727;000000;2.475;2.598;2.4601;2.5599;15177000;0
Э.ОНРоссия;D;20120730;000000;2.5627;2.6749;2.5605;2.59;11429000;0
Э.ОНРоссия;D;20120731;000000;2.6;2.63;2.58;2.63;8338000;0
Э.ОНРоссия;D;20120801;000000;2.5823;2.6262;2.539;2.6;10117000;0
Э.ОНРоссия;D;20120802;000000;2.571;2.61;2.52;2.5526;11516000;0
Э.ОНРоссия;D;20120803;000000;2.5131;2.65;2.5112;2.64;5494000;0
Э.ОНРоссия;D;20120806;000000;2.658;2.6965;2.5976;2.68;6399000;0
Э.ОНРоссия;D;20120807;000000;2.6622;2.6923;2.6526;2.6856;1211000;0
Э.ОНРоссия;D;20120808;000000;2.6452;2.6979;2.6397;2.6979;1875000;0
Э.ОНРоссия;D;20120809;000000;2.686;2.755;2.6698;2.7292;7907000;0
Э.ОНРоссия;D;20120810;000000;2.71;2.71;2.671;2.687;2625000;0
Э.ОНРоссия;D;20120813;000000;2.7053;2.76;2.6805;2.7199;6160000;0
Э.ОНРоссия;D;20120814;000000;2.755;2.755;2.7003;2.7208;2583000;0
Э.ОНРоссия;D;20120815;000000;2.74;2.74;2.65;2.67;12538000;0
Э.ОНРоссия;D;20120816;000000;2.68;2.7;2.6522;2.6688;5517000;0
Э.ОНРоссия;D;20120817;000000;2.6973;2.6973;2.6081;2.6148;4959000;0
Э.ОНРоссия;D;20120820;000000;2.6103;2.6425;2.61;2.612;7519000;0
Э.ОНРоссия;D;20120821;000000;2.5991;2.7;2.5991;2.6964;8218000;0
Э.ОНРоссия;D;20120822;000000;2.6702;2.719;2.6388;2.719;5346000;0
Э.ОНРоссия;D;20120823;000000;2.7183;2.748;2.6961;2.7397;14428000;0
Э.ОНРоссия;D;20120824;000000;2.7103;2.738;2.69;2.738;9794000;0
Э.ОНРоссия;D;20120827;000000;2.7484;2.752;2.7125;2.735;4066000;0
Э.ОНРоссия;D;20120828;000000;2.735;2.75;2.653;2.6985;10972000;0
Э.ОНРоссия;D;20120829;000000;2.6997;2.6997;2.5869;2.5869;7160000;0
Э.ОНРоссия;D;20120830;000000;2.6;2.6275;2.5512;2.6079;11806000;0
Э.ОНРоссия;D;20120831;000000;2.6199;2.6299;2.5739;2.6066;4555000;0
Э.ОНРоссия;D;20120903;000000;2.6001;2.6464;2.6;2.646;4598000;0
Э.ОНРоссия;D;20120904;000000;2.6363;2.6559;2.625;2.6452;3356000;0
Э.ОНРоссия;D;20120905;000000;2.65;2.6767;2.6398;2.675;5394000;0
Э.ОНРоссия;D;20120906;000000;2.6767;2.74;2.6749;2.72;10233000;0
Э.ОНРоссия;D;20120907;000000;2.7469;2.753;2.66;2.67;8888000;0
Э.ОНРоссия;D;20120910;000000;2.6631;2.6848;2.6461;2.6844;5323000;0
Э.ОНРоссия;D;20120911;000000;2.671;2.74;2.6524;2.7015;4676000;0
Э.ОНРоссия;D;20120912;000000;2.6888;2.7575;2.6837;2.7541;11817000;0
Э.ОНРоссия;D;20120913;000000;2.7541;2.79;2.7318;2.7429;5522000;0
Э.ОНРоссия;D;20120914;000000;2.77;2.84;2.706;2.839;29261000;0
Э.ОНРоссия;D;20120917;000000;2.805;2.8999;2.7658;2.8197;19817000;0
Э.ОНРоссия;D;20120918;000000;2.795;2.85;2.7695;2.77;4852000;0
Э.ОНРоссия;D;20120919;000000;2.7516;2.8088;2.7111;2.7805;6806000;0
Э.ОНРоссия;D;20120920;000000;2.7415;2.8;2.7136;2.781;6271000;0
Э.ОНРоссия;D;20120921;000000;2.7904;2.8019;2.7204;2.7821;17737000;0
Э.ОНРоссия;D;20120924;000000;2.7631;2.7824;2.7224;2.7341;8903000;0
Э.ОНРоссия;D;20120925;000000;2.7374;2.7555;2.6811;2.7396;4825000;0
Э.ОНРоссия;D;20120926;000000;2.7051;2.711;2.6406;2.6639;7904000;0
Э.ОНРоссия;D;20120927;000000;2.6305;2.6848;2.6201;2.65;6870000;0
Э.ОНРоссия;D;20120928;000000;2.6689;2.75;2.65;2.73;13036000;0
Э.ОНРоссия;D;20121001;000000;2.71;2.8;2.7;2.8;7322000;0
Э.ОНРоссия;D;20121002;000000;2.7601;2.7901;2.7302;2.7841;6951000;0
Э.ОНРоссия;D;20121003;000000;2.7556;2.87;2.745;2.7921;8746000;0
Э.ОНРоссия;D;20121004;000000;2.8004;2.8485;2.7265;2.7499;7989000;0
Э.ОНРоссия;D;20121005;000000;2.7697;2.84;2.7403;2.82;8113000;0
Э.ОНРоссия;D;20121008;000000;2.7918;2.8364;2.7707;2.7803;3327000;0
Э.ОНРоссия;D;20121009;000000;2.787;2.8397;2.7501;2.7897;3140000;0
Э.ОНРоссия;D;20121010;000000;2.7803;2.799;2.74;2.78;5483000;0
Э.ОНРоссия;D;20121011;000000;2.762;2.8189;2.762;2.7886;3079000;0
Э.ОНРоссия;D;20121012;000000;2.8;2.8183;2.7514;2.7682;9060000;0
Э.ОНРоссия;D;20121015;000000;2.7456;2.83;2.7456;2.7598;8433000;0
Э.ОНРоссия;D;20121016;000000;2.756;2.82;2.75;2.8099;6950000;0
Э.ОНРоссия;D;20121017;000000;2.81;2.821;2.78;2.794;14273000;0
Э.ОНРоссия;D;20121018;000000;2.7721;2.8485;2.772;2.8437;19966000;0
Э.ОНРоссия;D;20121019;000000;2.8012;2.839;2.7708;2.7796;4865000;0
Э.ОНРоссия;D;20121022;000000;2.7896;2.85;2.746;2.79;6637000;0
Э.ОНРоссия;D;20121023;000000;2.7814;2.785;2.6516;2.6601;22880000;0
Э.ОНРоссия;D;20121024;000000;2.6867;2.6991;2.4777;2.5069;78765000;0
Э.ОНРоссия;D;20121025;000000;2.501;2.5301;2.45;2.5228;18183000;0
Э.ОНРоссия;D;20121026;000000;2.5176;2.53;2.4763;2.5105;38712000;0
Э.ОНРоссия;D;20121029;000000;2.5275;2.5288;2.4223;2.49;25183000;0
Э.ОНРоссия;D;20121030;000000;2.4743;2.5185;2.4535;2.5148;19867000;0
Э.ОНРоссия;D;20121031;000000;2.523;2.65;2.4805;2.5671;60268000;0
Э.ОНРоссия;D;20121101;000000;2.565;2.64;2.5468;2.631;28544000;0
Э.ОНРоссия;D;20121102;000000;2.6499;2.6499;2.5899;2.625;11426000;0
Э.ОНРоссия;D;20121106;000000;2.5841;2.65;2.5841;2.6249;11127000;0
Э.ОНРоссия;D;20121107;000000;2.6281;2.6509;2.5708;2.599;9958000;0
Э.ОНРоссия;D;20121108;000000;2.5681;2.6147;2.5499;2.5935;10806000;0
Э.ОНРоссия;D;20121109;000000;2.5998;2.5998;2.49;2.508;6312000;0
Э.ОНРоссия;D;20121112;000000;2.5241;2.6099;2.465;2.5999;7926000;0
Э.ОНРоссия;D;20121113;000000;2.5849;2.598;2.4906;2.51;11644000;0
Э.ОНРоссия;D;20121114;000000;2.5001;2.5387;2.4634;2.5068;21267000;0
Э.ОНРоссия;D;20121115;000000;2.4739;2.5394;2.4515;2.5394;11590000;0
Э.ОНРоссия;D;20121116;000000;2.505;2.5153;2.452;2.4543;12465000;0
Э.ОНРоссия;D;20121119;000000;2.4679;2.4949;2.4533;2.4689;6888000;0
Э.ОНРоссия;D;20121120;000000;2.4691;2.4905;2.4433;2.4649;6577000;0
Э.ОНРоссия;D;20121121;000000;2.3914;2.46;2.3914;2.4544;8526000;0
Э.ОНРоссия;D;20121122;000000;2.459;2.5001;2.4541;2.464;8569000;0
Э.ОНРоссия;D;20121123;000000;2.4502;2.5023;2.4502;2.4792;7041000;0
Э.ОНРоссия;D;20121126;000000;2.4886;2.4929;2.435;2.45;5409000;0
Э.ОНРоссия;D;20121127;000000;2.4689;2.4732;2.367;2.3703;11089000;0
Э.ОНРоссия;D;20121128;000000;2.37;2.37;2.2961;2.3398;31839000;0
Э.ОНРоссия;D;20121129;000000;2.3598;2.3654;2.2401;2.2891;46740000;0
Э.ОНРоссия;D;20121130;000000;2.2682;2.3778;2.2682;2.36;30186000;0
Э.ОНРоссия;D;20121203;000000;2.3797;2.3835;2.33;2.3746;12383000;0
Э.ОНРоссия;D;20121204;000000;2.3628;2.38;2.3269;2.355;12267000;0
Э.ОНРоссия;D;20121205;000000;2.3699;2.43;2.3645;2.4097;14745000;0
Э.ОНРоссия;D;20121206;000000;2.4102;2.43;2.3762;2.415;8212000;0
Э.ОНРоссия;D;20121207;000000;2.4318;2.4404;2.3647;2.3792;5728000;0
Э.ОНРоссия;D;20121210;000000;2.377;2.409;2.3631;2.3661;8679000;0
Э.ОНРоссия;D;20121211;000000;2.3661;2.3661;2.3371;2.3415;18925000;0
Э.ОНРоссия;D;20121212;000000;2.3467;2.45;2.3467;2.45;73578000;0
Э.ОНРоссия;D;20121213;000000;2.5;2.54;2.42;2.5011;59626000;0
Э.ОНРоссия;D;20121214;000000;2.518;2.58;2.4531;2.5599;17939000;0
Э.ОНРоссия;D;20121217;000000;2.5548;2.6;2.5397;2.5999;25841000;0
Э.ОНРоссия;D;20121218;000000;2.6079;2.6079;2.57;2.587;7549000;0
Э.ОНРоссия;D;20121219;000000;2.59;2.595;2.57;2.5781;10151000;0
Э.ОНРоссия;D;20121220;000000;2.5934;2.5934;2.5401;2.58;9721000;0
Э.ОНРоссия;D;20121221;000000;2.5694;2.667;2.5;2.667;30768000;0
Э.ОНРоссия;D;20121224;000000;2.6335;2.6335;2.59;2.6;7541000;0
Э.ОНРоссия;D;20121225;000000;2.6;2.6099;2.59;2.605;2217000;0
Э.ОНРоссия;D;20121226;000000;2.5957;2.6799;2.5924;2.6277;62436000;0
Э.ОНРоссия;D;20121227;000000;2.6564;2.6564;2.6;2.625;12182000;0
Э.ОНРоссия;D;20121228;000000;2.601;2.665;2.591;2.6199;38627000;0
Э.ОНРоссия;D;20130108;000000;2.6572;2.722;2.646;2.6796;8720000;0
Э.ОНРоссия;D;20130109;000000;2.6652;2.7324;2.6595;2.6999;19239000;0
Э.ОНРоссия;D;20130110;000000;2.7315;2.7965;2.682;2.7649;58173000;0
Э.ОНРоссия;D;20130111;000000;2.7701;2.799;2.7599;2.7651;27672000;0
Э.ОНРоссия;D;20130114;000000;2.7651;2.7758;2.7282;2.75;17585000;0
Э.ОНРоссия;D;20130115;000000;2.7416;2.7972;2.7165;2.7579;13141000;0
Э.ОНРоссия;D;20130116;000000;2.7522;2.79;2.721;2.75;15473000;0
Э.ОНРоссия;D;20130117;000000;2.7461;2.75;2.7156;2.748;11968000;0
Э.ОНРоссия;D;20130118;000000;2.7573;2.829;2.735;2.795;53215000;0
Э.ОНРоссия;D;20130121;000000;2.79;2.8368;2.7572;2.7802;10159000;0
Э.ОНРоссия;D;20130122;000000;2.7704;2.8148;2.7381;2.8;41767000;0
Э.ОНРоссия;D;20130123;000000;2.8102;2.86;2.7798;2.835;50133000;0
Э.ОНРоссия;D;20130124;000000;2.8375;2.8375;2.7721;2.8177;51541000;0
Э.ОНРоссия;D;20130125;000000;2.8199;2.8199;2.7552;2.7894;14814000;0
Э.ОНРоссия;D;20130128;000000;2.781;2.8388;2.77;2.8274;25242000;0
Э.ОНРоссия;D;20130129;000000;2.8287;2.84;2.7663;2.8293;18187000;0
Э.ОНРоссия;D;20130130;000000;2.8114;2.85;2.7575;2.7819;14948000;0
Э.ОНРоссия;D;20130131;000000;2.7701;2.8;2.7241;2.7445;18660000;0
Э.ОНРоссия;D;20130201;000000;2.785;2.792;2.7022;2.7514;60163000;0
Э.ОНРоссия;D;20130204;000000;2.7525;2.7769;2.739;2.7602;7931000;0
Э.ОНРоссия;D;20130205;000000;2.7549;2.8011;2.7477;2.767;29523000;0
Э.ОНРоссия;D;20130206;000000;2.7769;2.89;2.7769;2.8496;82581000;0
Э.ОНРоссия;D;20130207;000000;2.85;2.8695;2.8076;2.8666;21404000;0
Э.ОНРоссия;D;20130208;000000;2.8365;2.865;2.797;2.865;23771000;0
Э.ОНРоссия;D;20130211;000000;2.8359;2.94;2.825;2.92;22405000;0
Э.ОНРоссия;D;20130212;000000;2.916;2.9519;2.9034;2.93;5801000;0
Э.ОНРоссия;D;20130213;000000;2.93;2.9799;2.9034;2.94;13798000;0
Э.ОНРоссия;D;20130214;000000;2.9479;2.959;2.9;2.9104;12393000;0
Э.ОНРоссия;D;20130215;000000;2.9115;2.98;2.8734;2.9349;19692000;0
Э.ОНРоссия;D;20130218;000000;2.9249;2.9497;2.8416;2.85;9894000;0
Э.ОНРоссия;D;20130219;000000;2.8507;2.8962;2.841;2.842;5330000;0
Э.ОНРоссия;D;20130220;000000;2.8401;2.8495;2.74;2.7505;20414000;0
Э.ОНРоссия;D;20130221;000000;2.6841;2.7347;2.6827;2.713;28861000;0
Э.ОНРоссия;D;20130222;000000;2.7253;2.7665;2.7007;2.75;20093000;0
Э.ОНРоссия;D;20130225;000000;2.75;2.7739;2.7279;2.7348;6402000;0
Э.ОНРоссия;D;20130226;000000;2.7305;2.76;2.6869;2.7295;7776000;0
Э.ОНРоссия;D;20130227;000000;2.7517;2.7597;2.7106;2.7547;6051000;0
Э.ОНРоссия;D;20130228;000000;2.7622;2.814;2.7601;2.78;16749000;0
Э.ОНРоссия;D;20130301;000000;2.7799;2.7799;2.725;2.74;11709000;0
Э.ОНРоссия;D;20130304;000000;2.7369;2.782;2.7369;2.7799;11160000;0
Э.ОНРоссия;D;20130305;000000;2.7999;2.8695;2.79;2.868;12665000;0
Э.ОНРоссия;D;20130306;000000;2.8773;2.9294;2.85;2.9187;17512000;0
Э.ОНРоссия;D;20130307;000000;2.9194;2.92;2.8814;2.903;4173000;0
Э.ОНРоссия;D;20130311;000000;2.9195;2.9195;2.816;2.82;9283000;0
Э.ОНРоссия;D;20130312;000000;2.7985;2.8204;2.7611;2.7893;14299000;0
Э.ОНРоссия;D;20130313;000000;2.7662;2.84;2.7654;2.8387;10220000;0
Э.ОНРоссия;D;20130314;000000;2.8442;2.8899;2.79;2.84;12963000;0
Э.ОНРоссия;D;20130315;000000;2.8505;2.88;2.7805;2.781;11615000;0
Э.ОНРоссия;D;20130318;000000;2.7765;2.7765;2.72;2.77;10118000;0
Э.ОНРоссия;D;20130319;000000;2.7721;2.7889;2.7203;2.7331;12732000;0
Э.ОНРоссия;D;20130320;000000;2.7315;2.77;2.7001;2.74;6035000;0
Э.ОНРоссия;D;20130321;000000;2.761;2.761;2.72;2.7204;19220000;0
Э.ОНРоссия;D;20130322;000000;2.72;2.7514;2.6906;2.7199;20289000;0
Э.ОНРоссия;D;20130325;000000;2.7199;2.7628;2.5835;2.6001;21285000;0
Э.ОНРоссия;D;20130326;000000;2.6399;2.6399;2.5602;2.6169;17396000;0
Э.ОНРоссия;D;20130327;000000;2.62;2.6318;2.5775;2.59;10939000;0
Э.ОНРоссия;D;20130328;000000;2.5871;2.6224;2.5779;2.6095;12006000;0
Э.ОНРоссия;D;20130329;000000;2.625;2.63;2.5999;2.625;14639000;0
Э.ОНРоссия;D;20130401;000000;2.6201;2.6448;2.5836;2.6389;3879000;0
Э.ОНРоссия;D;20130402;000000;2.6419;2.6419;2.5605;2.5985;6389000;0
Э.ОНРоссия;D;20130403;000000;2.5718;2.5991;2.5341;2.5407;8523000;0
Э.ОНРоссия;D;20130404;000000;2.458;2.5518;2.458;2.505;39290000;0
Э.ОНРоссия;D;20130405;000000;2.5001;2.5367;2.455;2.48;24552000;0
Э.ОНРоссия;D;20130408;000000;2.4999;2.5289;2.4398;2.4498;13778000;0
Э.ОНРоссия;D;20130409;000000;2.46;2.494;2.44;2.4404;9716000;0
Э.ОНРоссия;D;20130410;000000;2.4696;2.5998;2.4422;2.588;46907000;0
Э.ОНРоссия;D;20130411;000000;2.5899;2.6561;2.55;2.563;35510000;0
Э.ОНРоссия;D;20130412;000000;2.3975;2.5745;2.3975;2.447;25131000;0
Э.ОНРоссия;D;20130415;000000;2.413;2.482;2.346;2.3601;26523000;0
Э.ОНРоссия;D;20130416;000000;2.3109;2.3944;2.3109;2.38;13204000;0
Э.ОНРоссия;D;20130417;000000;2.3997;2.4292;2.3339;2.3339;10841000;0
Э.ОНРоссия;D;20130418;000000;2.3555;2.4471;2.3312;2.4;16475000;0
Э.ОНРоссия;D;20130419;000000;2.4457;2.4457;2.3742;2.41;9894000;0
Э.ОНРоссия;D;20130422;000000;2.4294;2.4565;2.4063;2.4495;14472000;0
Э.ОНРоссия;D;20130423;000000;2.44;2.485;2.425;2.455;9959000;0
Э.ОНРоссия;D;20130424;000000;2.4413;2.5126;2.428;2.4702;20576000;0
Э.ОНРоссия;D;20130425;000000;2.4815;2.5452;2.4815;2.4967;8680000;0
Э.ОНРоссия;D;20130426;000000;2.4835;2.4865;2.4001;2.4689;25734000;0
Э.ОНРоссия;D;20130429;000000;2.4604;2.4754;2.4111;2.4285;8685000;0
Э.ОНРоссия;D;20130430;000000;2.4344;2.5598;2.4251;2.5111;15440000;0
Э.ОНРоссия;D;20130502;000000;2.4992;2.5648;2.4992;2.515;3091000;0
Э.ОНРоссия;D;20130503;000000;2.5299;2.57;2.5299;2.57;6439000;0
Э.ОНРоссия;D;20130506;000000;2.5476;2.6;2.5207;2.5377;11837000;0
Э.ОНРоссия;D;20130507;000000;2.5606;2.6;2.5327;2.5867;9404000;0
Э.ОНРоссия;D;20130508;000000;2.5989;2.6377;2.581;2.6022;9804000;0
Э.ОНРоссия;D;20130510;000000;2.6023;2.6705;2.566;2.63;3463000;0
Э.ОНРоссия;D;20130513;000000;2.5991;2.78;2.5802;2.7;29267000;0
Э.ОНРоссия;D;20130514;000000;2.7;2.7799;2.6651;2.7398;12610000;0
Э.ОНРоссия;D;20130515;000000;2.7582;2.762;2.626;2.628;6202000;0
Э.ОНРоссия;D;20130516;000000;2.6401;2.6401;2.5514;2.5674;5436000;0
Э.ОНРоссия;D;20130517;000000;2.7086;2.8084;2.682;2.7639;51744000;0
Э.ОНРоссия;D;20130520;000000;2.55;2.5574;2.4568;2.484;30990000;0
Э.ОНРоссия;D;20130521;000000;2.467;2.5297;2.467;2.509;18605000;0
Э.ОНРоссия;D;20130522;000000;2.512;2.635;2.5091;2.63;30066000;0
Э.ОНРоссия;D;20130523;000000;2.5718;2.5827;2.5295;2.5827;21160000;0
Э.ОНРоссия;D;20130524;000000;2.597;2.61;2.5341;2.545;7144000;0
Э.ОНРоссия;D;20130527;000000;2.5693;2.5898;2.535;2.5448;818000;0
Э.ОНРоссия;D;20130528;000000;2.5601;2.59;2.5497;2.5898;10021000;0
Э.ОНРоссия;D;20130529;000000;2.5656;2.5845;2.541;2.5778;12622000;0
Э.ОНРоссия;D;20130530;000000;2.5574;2.582;2.5574;2.57;3022000;0
Э.ОНРоссия;D;20130531;000000;2.5845;2.5899;2.5217;2.5251;8057000;0
Э.ОНРоссия;D;20130603;000000;2.5252;2.5252;2.4505;2.5197;13081000;0
Э.ОНРоссия;D;20130604;000000;2.515;2.5369;2.4606;2.495;5164000;0
Э.ОНРоссия;D;20130605;000000;2.4859;2.5027;2.455;2.4775;13278000;0
Э.ОНРоссия;D;20130606;000000;2.4653;2.4796;2.3946;2.42;25426000;0
Э.ОНРоссия;D;20130607;000000;2.443;2.55;2.42;2.55;21734000;0
Э.ОНРоссия;D;20130610;000000;2.5495;2.5497;2.4199;2.4199;18523000;0
Э.ОНРоссия;D;20130611;000000;2.4039;2.4399;2.3099;2.3206;16149000;0
Э.ОНРоссия;D;20130613;000000;2.35;2.3879;2.2591;2.3809;12388000;0
Э.ОНРоссия;D;20130614;000000;2.3873;2.4208;2.3412;2.4157;16518000;0
Э.ОНРоссия;D;20130617;000000;2.4012;2.5;2.37;2.445;23113000;0
Э.ОНРоссия;D;20130618;000000;2.4206;2.4715;2.42;2.462;13352000;0
Э.ОНРоссия;D;20130619;000000;2.4635;2.4678;2.3696;2.415;18909000;0
Э.ОНРоссия;D;20130620;000000;2.37;2.4;2.32;2.3424;13637000;0
Э.ОНРоссия;D;20130621;000000;2.3497;2.398;2.28;2.2939;25734000;0
Э.ОНРоссия;D;20130624;000000;2.3;2.3395;2.286;2.339;12772000;0
Э.ОНРоссия;D;20130625;000000;2.3562;2.363;2.3;2.3193;21687000;0
Э.ОНРоссия;D;20130626;000000;2.3288;2.38;2.3162;2.35;25205000;0
Э.ОНРоссия;D;20130627;000000;2.3405;2.3634;2.3301;2.3389;6742000;0
Э.ОНРоссия;D;20130628;000000;2.349;2.3737;2.31;2.3737;20263000;0
Э.ОНРоссия;D;20130701;000000;2.367;2.4199;2.3511;2.4175;10298000;0
Э.ОНРоссия;D;20130702;000000;2.4195;2.4835;2.4157;2.4624;14363000;0
Э.ОНРоссия;D;20130703;000000;2.4455;2.459;2.416;2.42;5832000;0
Э.ОНРоссия;D;20130704;000000;2.44;2.475;2.4103;2.4545;13096000;0
Э.ОНРоссия;D;20130705;000000;2.459;2.465;2.4336;2.4408;16840000;0
Э.ОНРоссия;D;20130708;000000;2.4315;2.4589;2.4;2.4372;1646000;0
Э.ОНРоссия;D;20130709;000000;2.4458;2.4928;2.4012;2.49;15207000;0
Э.ОНРоссия;D;20130710;000000;2.493;2.5295;2.45;2.5077;14006000;0
Э.ОНРоссия;D;20130711;000000;2.5125;2.599;2.5125;2.5727;21264000;0
Э.ОНРоссия;D;20130712;000000;2.599;2.6117;2.5476;2.57;5679000;0
Э.ОНРоссия;D;20130715;000000;2.57;2.57;2.5399;2.54;6022000;0
Э.ОНРоссия;D;20130716;000000;2.5283;2.59;2.527;2.59;24473000;0
Э.ОНРоссия;D;20130717;000000;2.5912;2.63;2.5677;2.62;15009000;0
Э.ОНРоссия;D;20130718;000000;2.6299;2.6299;2.5102;2.5214;7388000;0
Э.ОНРоссия;D;20130719;000000;2.5571;2.575;2.491;2.5405;21132000;0
Э.ОНРоссия;D;20130722;000000;2.4215;2.58;2.4215;2.56;10598000;0
Э.ОНРоссия;D;20130723;000000;2.583;2.6072;2.55;2.5631;10442000;0
Э.ОНРоссия;D;20130724;000000;2.5565;2.5985;2.5265;2.5847;8032000;0
Э.ОНРоссия;D;20130725;000000;2.5819;2.6199;2.5665;2.5748;5697000;0
Э.ОНРоссия;D;20130726;000000;2.5945;2.5945;2.5401;2.549;1964000;0
Э.ОНРоссия;D;20130729;000000;2.549;2.5736;2.5137;2.545;5174000;0
Э.ОНРоссия;D;20130730;000000;2.5206;2.6595;2.5196;2.6591;13063000;0
Э.ОНРоссия;D;20130731;000000;2.64;2.6988;2.6156;2.6605;28859000;0
Э.ОНРоссия;D;20130801;000000;2.6604;2.7098;2.6335;2.7;25103000;0
Э.ОНРоссия;D;20130802;000000;2.6965;2.73;2.6509;2.7007;2820000;0
Э.ОНРоссия;D;20130805;000000;2.6843;2.72;2.6627;2.7018;4252000;0
Э.ОНРоссия;D;20130806;000000;2.6908;2.7031;2.607;2.649;10079000;0
Э.ОНРоссия;D;20130807;000000;2.6415;2.6898;2.6149;2.64;4531000;0
Э.ОНРоссия;D;20130808;000000;2.65;2.65;2.5704;2.5979;5394000;0
Э.ОНРоссия;D;20130809;000000;2.6049;2.6225;2.5783;2.6146;4009000;0
Э.ОНРоссия;D;20130812;000000;2.6146;2.6504;2.6016;2.64;2373000;0
Э.ОНРоссия;D;20130813;000000;2.6491;2.6885;2.6395;2.643;4499000;0
Э.ОНРоссия;D;20130814;000000;2.6484;2.7;2.6287;2.674;3048000;0
Э.ОНРоссия;D;20130815;000000;2.6735;2.6897;2.6013;2.6363;4714000;0
Э.ОНРоссия;D;20130816;000000;2.6403;2.6414;2.582;2.6217;11976000;0
Э.ОНРоссия;D;20130819;000000;2.6315;2.6599;2.5817;2.6465;5798000;0
Э.ОНРоссия;D;20130820;000000;2.63;2.6427;2.5932;2.6199;4598000;0
Э.ОНРоссия;D;20130821;000000;2.6147;2.6999;2.5353;2.592;8037000;0
Э.ОНРоссия;D;20130822;000000;2.5902;2.6167;2.5432;2.6153;7552000;0
Э.ОНРоссия;D;20130823;000000;2.6001;2.6329;2.5752;2.6;1599000;0
Э.ОНРоссия;D;20130826;000000;2.6134;2.62;2.59;2.59;1058000;0
Э.ОНРоссия;D;20130827;000000;2.591;2.591;2.57;2.5908;4096000;0
Э.ОНРоссия;D;20130828;000000;2.5997;2.6034;2.544;2.5447;4462000;0
Э.ОНРоссия;D;20130829;000000;2.5745;2.5745;2.5231;2.5499;2983000;0
Э.ОНРоссия;D;20130830;000000;2.544;2.544;2.46;2.4824;22646000;0
Э.ОНРоссия;D;20130902;000000;2.5186;2.52;2.4601;2.4776;12952000;0
Э.ОНРоссия;D;20130903;000000;2.4791;2.5101;2.4601;2.5075;9301000;0
Э.ОНРоссия;D;20130904;000000;2.5;2.5054;2.4689;2.501;17900000;0
Э.ОНРоссия;D;20130905;000000;2.5048;2.525;2.469;2.519;20352000;0
Э.ОНРоссия;D;20130906;000000;2.52;2.607;2.4931;2.5306;32142000;0
Э.ОНРоссия;D;20130909;000000;2.5499;2.5994;2.5344;2.56;11085000;0
Э.ОНРоссия;D;20130910;000000;2.56;2.5751;2.5225;2.54;23059000;0
Э.ОНРоссия;D;20130911;000000;2.5351;2.61;2.5351;2.56;38044000;0
Э.ОНРоссия;D;20130912;000000;2.5429;2.5658;2.5145;2.5601;31232000;0
Э.ОНРоссия;D;20130913;000000;2.55;2.5792;2.5316;2.565;15072000;0
Э.ОНРоссия;D;20130916;000000;2.5725;2.6;2.5582;2.5836;25360000;0
Э.ОНРоссия;D;20130917;000000;2.5837;2.5899;2.5636;2.5799;5364000;0
Э.ОНРоссия;D;20130918;000000;2.5706;2.5776;2.54;2.5413;14598000;0
Э.ОНРоссия;D;20130919;000000;2.5625;2.63;2.5625;2.607;45473000;0
Э.ОНРоссия;D;20130920;000000;2.598;2.6049;2.5623;2.58;11798000;0
Э.ОНРоссия;D;20130923;000000;2.57;2.5711;2.5065;2.5213;13753000;0
Э.ОНРоссия;D;20130924;000000;2.5239;2.5455;2.5085;2.5131;7624000;0
Э.ОНРоссия;D;20130925;000000;2.5374;2.5374;2.5091;2.535;18968000;0
Э.ОНРоссия;D;20130926;000000;2.5201;2.5455;2.5122;2.525;4813000;0
Э.ОНРоссия;D;20130927;000000;2.5267;2.5267;2.496;2.515;8342000;0
Э.ОНРоссия;D;20130930;000000;2.5103;2.5103;2.461;2.4697;8451000;0
Э.ОНРоссия;D;20131001;000000;2.4588;2.5249;2.4588;2.5035;23366000;0
Э.ОНРоссия;D;20131002;000000;2.5056;2.5129;2.4677;2.4677;15276000;0
Э.ОНРоссия;D;20131003;000000;2.4829;2.5235;2.4545;2.48;33406000;0
Э.ОНРоссия;D;20131004;000000;2.4819;2.4859;2.4166;2.4299;19674000;0
Э.ОНРоссия;D;20131007;000000;2.4301;2.4449;2.3837;2.3853;20974000;0
Э.ОНРоссия;D;20131008;000000;2.3971;2.3971;2.3551;2.37;21195000;0
Э.ОНРоссия;D;20131009;000000;2.3733;2.4588;2.355;2.4349;31754000;0
Э.ОНРоссия;D;20131010;000000;2.4499;2.549;2.4499;2.533;107147000;0
Э.ОНРоссия;D;20131011;000000;2.55;2.5761;2.512;2.5596;29748000;0
Э.ОНРоссия;D;20131014;000000;2.526;2.5922;2.526;2.5776;12853000;0
Э.ОНРоссия;D;20131015;000000;2.577;2.6;2.5518;2.5929;20404000;0
Э.ОНРоссия;D;20131016;000000;2.59;2.6148;2.5701;2.6034;16624000;0
Э.ОНРоссия;D;20131017;000000;2.6162;2.6315;2.5557;2.5946;17350000;0
Э.ОНРоссия;D;20131018;000000;2.6022;2.604;2.568;2.6003;10315000;0
Э.ОНРоссия;D;20131021;000000;2.6174;2.6296;2.5763;2.5802;10296000;0
Э.ОНРоссия;D;20131022;000000;2.6005;2.6005;2.552;2.5677;14801000;0
Э.ОНРоссия;D;20131023;000000;2.5605;2.5797;2.5411;2.5608;18493000;0
Э.ОНРоссия;D;20131024;000000;2.551;2.563;2.505;2.5086;20083000;0
Э.ОНРоссия;D;20131025;000000;2.4853;2.5122;2.4845;2.4921;11487000;0
Э.ОНРоссия;D;20131028;000000;2.5056;2.5495;2.48;2.4903;15655000;0
Э.ОНРоссия;D;20131029;000000;2.4985;2.5099;2.4747;2.489;13129000;0
Э.ОНРоссия;D;20131030;000000;2.4892;2.5136;2.4545;2.502;29679000;0
Э.ОНРоссия;D;20131031;000000;2.489;2.5;2.4812;2.49;5751000;0
Э.ОНРоссия;D;20131101;000000;2.4923;2.5;2.4666;2.47;5718000;0
Э.ОНРоссия;D;20131105;000000;2.48;2.4973;2.4561;2.4866;11802000;0
Э.ОНРоссия;D;20131106;000000;2.487;2.4961;2.4525;2.463;7583000;0
Э.ОНРоссия;D;20131107;000000;2.4591;2.503;2.453;2.4832;12569000;0
Э.ОНРоссия;D;20131108;000000;2.4751;2.4865;2.4075;2.4301;22154000;0
Э.ОНРоссия;D;20131111;000000;2.4435;2.4586;2.415;2.4477;11965000;0
Э.ОНРоссия;D;20131112;000000;2.45;2.45;2.4103;2.4251;19082000;0
Э.ОНРоссия;D;20131113;000000;2.435;2.4644;2.4125;2.426;27883000;0
Э.ОНРоссия;D;20131114;000000;2.423;2.4442;2.405;2.418;18313000;0
Э.ОНРоссия;D;20131115;000000;2.42;2.4248;2.4059;2.407;18229000;0
Э.ОНРоссия;D;20131118;000000;2.4194;2.4988;2.4099;2.4608;20041000;0
Э.ОНРоссия;D;20131119;000000;2.4845;2.4862;2.4307;2.4486;6589000;0
Э.ОНРоссия;D;20131120;000000;2.45;2.4502;2.405;2.4246;37369000;0
Э.ОНРоссия;D;20131121;000000;2.416;2.4189;2.403;2.4092;13946000;0
Э.ОНРоссия;D;20131122;000000;2.41;2.423;2.4032;2.409;22718000;0
Э.ОНРоссия;D;20131125;000000;2.4138;2.4148;2.3903;2.3958;15840000;0
Э.ОНРоссия;D;20131126;000000;2.4;2.4;2.3737;2.3791;15307000;0
Э.ОНРоссия;D;20131127;000000;2.3577;2.387;2.3577;2.3741;8084000;0
Э.ОНРоссия;D;20131128;000000;2.38;2.3911;2.37;2.3719;5621000;0
Э.ОНРоссия;D;20131129;000000;2.376;2.3833;2.353;2.365;16534000;0
Э.ОНРоссия;D;20131202;000000;2.37;2.3785;2.357;2.3699;12472000;0
Э.ОНРоссия;D;20131203;000000;2.3617;2.3652;2.3322;2.3323;21236000;0
Э.ОНРоссия;D;20131204;000000;2.3351;2.362;2.3222;2.335;25597000;0
Э.ОНРоссия;D;20131205;000000;2.3492;2.38;2.3355;2.3585;49375000;0
Э.ОНРоссия;D;20131206;000000;2.3586;2.45;2.3586;2.4304;31318000;0
Э.ОНРоссия;D;20131209;000000;2.4376;2.4421;2.39;2.4033;25426000;0
Э.ОНРоссия;D;20131210;000000;2.41;2.4143;2.356;2.3612;17170000;0
Э.ОНРоссия;D;20131211;000000;2.3516;2.4261;2.3516;2.3954;22856000;0
Э.ОНРоссия;D;20131212;000000;2.3896;2.3896;2.355;2.355;14449000;0
Э.ОНРоссия;D;20131213;000000;2.3616;2.3814;2.3584;2.3683;8228000;0
Э.ОНРоссия;D;20131216;000000;2.3663;2.393;2.3561;2.3599;23596000;0
Э.ОНРоссия;D;20131217;000000;2.3617;2.364;2.3376;2.3444;28331000;0
Э.ОНРоссия;D;20131218;000000;2.3442;2.361;2.306;2.3115;24299000;0
Э.ОНРоссия;D;20131219;000000;2.3215;2.3497;2.3031;2.3108;28234000;0
Э.ОНРоссия;D;20131220;000000;2.3111;2.3492;2.3037;2.34;27518000;0
Э.ОНРоссия;D;20131223;000000;2.3434;2.3611;2.3236;2.355;19495000;0
Э.ОНРоссия;D;20131224;000000;2.355;2.3704;2.345;2.3484;6175000;0
Э.ОНРоссия;D;20131225;000000;2.3408;2.365;2.3346;2.3513;10625000;0
Э.ОНРоссия;D;20131226;000000;2.3501;2.3589;2.322;2.325;6204000;0
Э.ОНРоссия;D;20131227;000000;2.3253;2.35;2.3107;2.3333;20586000;0
Э.ОНРоссия;D;20131230;000000;2.3294;2.3638;2.3208;2.3474;9520000;0
Э.ОНРоссия;D;20140106;000000;2.3383;2.3762;2.3184;2.345;16420000;0
Э.ОНРоссия;D;20140108;000000;2.3539;2.3947;2.3432;2.3913;23763000;0
Э.ОНРоссия;D;20140109;000000;2.3897;2.4686;2.386;2.4552;27609000;0
Э.ОНРоссия;D;20140110;000000;2.4552;2.4661;2.427;2.437;17796000;0
Э.ОНРоссия;D;20140113;000000;2.437;2.495;2.4134;2.49;21115000;0
Э.ОНРоссия;D;20140114;000000;2.4523;2.495;2.4503;2.4945;10826000;0
Э.ОНРоссия;D;20140115;000000;2.495;2.4976;2.4505;2.4741;21480000;0
Э.ОНРоссия;D;20140116;000000;2.4742;2.4939;2.3948;2.4349;30074000;0
Э.ОНРоссия;D;20140117;000000;2.4317;2.4799;2.42;2.4797;23725000;0
Э.ОНРоссия;D;20140120;000000;2.4664;2.4899;2.4401;2.48;11543000;0
Э.ОНРоссия;D;20140121;000000;2.5466;2.5466;2.4475;2.48;21498000;0
Э.ОНРоссия;D;20140122;000000;2.4987;2.4987;2.4659;2.4767;14246000;0
Э.ОНРоссия;D;20140123;000000;2.4894;2.52;2.4667;2.52;24523000;0
Э.ОНРоссия;D;20140124;000000;2.5003;2.5094;2.422;2.43;28897000;0
Э.ОНРоссия;D;20140127;000000;2.4227;2.46;2.3636;2.4096;32326000;0
Э.ОНРоссия;D;20140128;000000;2.4121;2.4217;2.3696;2.3799;23568000;0
Э.ОНРоссия;D;20140129;000000;2.4535;2.4535;2.33;2.3394;38503000;0
Э.ОНРоссия;D;20140130;000000;2.3396;2.3432;2.3005;2.3225;21257000;0
Э.ОНРоссия;D;20140131;000000;2.3177;2.3327;2.3024;2.3105;21652000;0
Э.ОНРоссия;D;20140203;000000;2.3155;2.3327;2.2821;2.2909;22265000;0
Э.ОНРоссия;D;20140204;000000;2.2894;2.34;2.1623;2.3265;80263000;0
Э.ОНРоссия;D;20140205;000000;2.2992;2.37;2.2851;2.335;29268000;0
Э.ОНРоссия;D;20140206;000000;2.3556;2.3556;2.3207;2.335;6391000;0
Э.ОНРоссия;D;20140207;000000;2.3449;2.346;2.2974;2.3131;21883000;0
Э.ОНРоссия;D;20140210;000000;2.3123;2.3205;2.3058;2.3115;14118000;0
Э.ОНРоссия;D;20140211;000000;2.2967;2.344;2.2967;2.3428;20423000;0
Э.ОНРоссия;D;20140212;000000;2.3435;2.3435;2.31;2.3188;14558000;0
Э.ОНРоссия;D;20140213;000000;2.3189;2.3189;2.2674;2.2786;14012000;0
Э.ОНРоссия;D;20140214;000000;2.2923;2.2923;2.2503;2.2636;36650000;0
Э.ОНРоссия;D;20140217;000000;2.273;2.2908;2.2216;2.2377;16368000;0
Э.ОНРоссия;D;20140218;000000;2.2533;2.2884;2.2317;2.2656;24377000;0
Э.ОНРоссия;D;20140219;000000;2.2694;2.282;2.23;2.2444;24447000;0
Э.ОНРоссия;D;20140220;000000;2.2353;2.2525;2.1919;2.1999;21861000;0
Э.ОНРоссия;D;20140221;000000;2.211;2.2194;2.1928;2.2002;13083000;0
Э.ОНРоссия;D;20140224;000000;2.1994;2.2837;2.1955;2.2733;35780000;0
Э.ОНРоссия;D;20140225;000000;2.293;2.293;2.25;2.26;17142000;0
Э.ОНРоссия;D;20140226;000000;2.2698;2.29;2.2564;2.2736;12159000;0
Э.ОНРоссия;D;20140227;000000;2.2763;2.2822;2.206;2.23;21841000;0
Э.ОНРоссия;D;20140228;000000;2.2341;2.3065;2.2013;2.3065;38587000;0
Э.ОНРоссия;D;20140303;000000;2.2;2.2;1.8306;1.93;120324000;0
Э.ОНРоссия;D;20140304;000000;1.975;2.12;1.967;2.1;90387000;0
Э.ОНРоссия;D;20140305;000000;2.1098;2.12;2.0613;2.1109;32727000;0
Э.ОНРоссия;D;20140306;000000;2.1086;2.1292;2.0005;2.0082;97795000;0
Э.ОНРоссия;D;20140307;000000;1.98;2.1053;1.9799;2.0149;48043000;0
Э.ОНРоссия;D;20140311;000000;2.0203;2.09;1.991;1.991;64926000;0
Э.ОНРоссия;D;20140312;000000;1.982;2.0503;1.9306;1.9877;60141000;0
Э.ОНРоссия;D;20140313;000000;2.017;2.0395;1.9906;2.0098;100005000;0
Э.ОНРоссия;D;20140314;000000;1.99;1.99;1.9407;1.9769;107778000;0
Э.ОНРоссия;D;20140317;000000;1.991;2.0989;1.9899;2.0613;61116000;0
Э.ОНРоссия;D;20140318;000000;2.066;2.145;2.0409;2.1416;32878000;0
Э.ОНРоссия;D;20140319;000000;2.15;2.2199;2.0712;2.14;60903000;0
Э.ОНРоссия;D;20140320;000000;2.1322;2.1684;2.095;2.1106;51054000;0
Э.ОНРоссия;D;20140321;000000;2.0622;2.1025;1.8999;2.102;93490000;0
Э.ОНРоссия;D;20140324;000000;2.1018;2.1692;2.0564;2.085;36517000;0
Э.ОНРоссия;D;20140325;000000;2.0835;2.198;2.0644;2.16;50558000;0
Э.ОНРоссия;D;20140326;000000;2.01;2.2087;2.01;2.2;57055000;0
Э.ОНРоссия;D;20140327;000000;2.1801;2.4548;2.1706;2.3821;295055000;0
Э.ОНРоссия;D;20140328;000000;2.5;2.5;2.3559;2.3803;134046000;0
Э.ОНРоссия;D;20140331;000000;2.39;2.46;2.3674;2.4291;37059000;0
Э.ОНРоссия;D;20140401;000000;2.4444;2.4599;2.4212;2.4531;30597000;0
Э.ОНРоссия;D;20140402;000000;2.4688;2.5062;2.443;2.45;41773000;0
Э.ОНРоссия;D;20140403;000000;2.48;2.48;2.4316;2.4527;58548000;0
Э.ОНРоссия;D;20140404;000000;2.4534;2.4788;2.4463;2.475;10191000;0
Э.ОНРоссия;D;20140407;000000;2.4585;2.47;2.41;2.4172;43563000;0
Э.ОНРоссия;D;20140408;000000;2.4014;2.594;2.4014;2.5259;49557000;0
Э.ОНРоссия;D;20140409;000000;2.548;2.5535;2.514;2.5186;19481000;0
Э.ОНРоссия;D;20140410;000000;2.5434;2.598;2.5207;2.58;58500000;0
Э.ОНРоссия;D;20140411;000000;2.5619;2.5815;2.5212;2.575;31835000;0
Э.ОНРоссия;D;20140414;000000;2.5533;2.58;2.5026;2.5104;23095000;0
Э.ОНРоссия;D;20140415;000000;2.5206;2.5516;2.402;2.402;41521000;0
Э.ОНРоссия;D;20140416;000000;2.4398;2.4798;2.4002;2.455;31915000;0
Э.ОНРоссия;D;20140417;000000;2.4929;2.4929;2.4299;2.48;25567000;0
Э.ОНРоссия;D;20140418;000000;2.53;2.54;2.495;2.5116;6889000;0
Э.ОНРоссия;D;20140421;000000;2.5359;2.54;2.5056;2.5234;8258000;0
Э.ОНРоссия;D;20140422;000000;2.5244;2.527;2.4382;2.454;29508000;0
Э.ОНРоссия;D;20140423;000000;2.3545;2.4692;2.3545;2.445;25272000;0
Э.ОНРоссия;D;20140424;000000;2.4578;2.4875;2.3856;2.4;39677000;0
Э.ОНРоссия;D;20140425;000000;2.4012;2.4404;2.3898;2.42;22145000;0
Э.ОНРоссия;D;20140428;000000;2.4151;2.43;2.3604;2.4091;41458000;0
Э.ОНРоссия;D;20140429;000000;2.4155;2.4557;2.3947;2.3987;29232000;0
Э.ОНРоссия;D;20140430;000000;2.4;2.5;2.396;2.4969;39202000;0
Э.ОНРоссия;D;20140502;000000;2.41;2.5255;2.41;2.4999;9036000;0
Э.ОНРоссия;D;20140505;000000;2.4998;2.5145;2.45;2.4677;9850000;0
Э.ОНРоссия;D;20140506;000000;2.4749;2.52;2.47;2.516;11323000;0
Э.ОНРоссия;D;20140507;000000;2.3125;2.5624;2.3125;2.5501;31023000;0
Э.ОНРоссия;D;20140508;000000;2.5055;2.5829;2.5055;2.5479;28126000;0
Э.ОНРоссия;D;20140512;000000;2.62;2.62;2.5687;2.5759;32120000;0
Э.ОНРоссия;D;20140513;000000;2.591;2.5935;2.58;2.5883;28390000;0
Э.ОНРоссия;D;20140514;000000;2.593;2.61;2.5621;2.5999;31098000;0
Э.ОНРоссия;D;20140515;000000;2.631;2.631;2.587;2.59;14308000;0
Э.ОНРоссия;D;20140516;000000;2.58;2.5847;2.56;2.565;15784000;0
Э.ОНРоссия;D;20140519;000000;2.5795;2.6097;2.5695;2.6073;21398000;0
Э.ОНРоссия;D;20140520;000000;2.6073;2.7164;2.5969;2.6895;39049000;0
Э.ОНРоссия;D;20140521;000000;2.68;2.7;2.663;2.7;16232000;0
Э.ОНРоссия;D;20140522;000000;2.6999;2.759;2.6903;2.721;31490000;0
Э.ОНРоссия;D;20140523;000000;2.7155;2.7363;2.7007;2.7208;14253000;0
Э.ОНРоссия;D;20140526;000000;2.7394;2.7482;2.709;2.71;10823000;0
Э.ОНРоссия;D;20140527;000000;2.7165;2.7165;2.66;2.6801;13818000;0
Э.ОНРоссия;D;20140528;000000;2.6913;2.7265;2.6901;2.71;18840000;0
Э.ОНРоссия;D;20140529;000000;2.74;2.8;2.7173;2.7954;31902000;0
Э.ОНРоссия;D;20140530;000000;2.7977;2.8;2.75;2.757;17931000;0
Э.ОНРоссия;D;20140602;000000;2.7601;2.7896;2.7202;2.7691;11162000;0
Э.ОНРоссия;D;20140603;000000;2.774;2.7873;2.73;2.7481;19010000;0
Э.ОНРоссия;D;20140604;000000;2.7484;2.775;2.7377;2.7647;11852000;0
Э.ОНРоссия;D;20140605;000000;2.7675;2.8392;2.761;2.823;42328000;0
Э.ОНРоссия;D;20140606;000000;2.8388;2.9242;2.8285;2.8999;58091000;0
Э.ОНРоссия;D;20140609;000000;2.9144;2.957;2.8873;2.9158;22249000;0
Э.ОНРоссия;D;20140610;000000;2.92;2.9319;2.895;2.9281;12213000;0
Э.ОНРоссия;D;20140611;000000;2.927;3.0107;2.927;2.98;44868000;0
Э.ОНРоссия;D;20140616;000000;2.9799;3.05;2.9552;3.0199;74883000;0
Э.ОНРоссия;D;20140617;000000;3.001;3.077;3.001;3.0769;21910000;0
Э.ОНРоссия;D;20140618;000000;3.076;3.0796;3.005;3.0444;22461000;0
Э.ОНРоссия;D;20140619;000000;3.0698;3.0698;3.0143;3.02;27979000;0
Э.ОНРоссия;D;20140620;000000;3.02;3.0328;2.9187;2.9187;33614000;0
Э.ОНРоссия;D;20140623;000000;2.94;2.9562;2.8224;2.9313;18507000;0
Э.ОНРоссия;D;20140624;000000;2.9313;2.9874;2.9313;2.9798;18750000;0
Э.ОНРоссия;D;20140625;000000;2.9702;3;2.9227;2.9301;15658000;0
Э.ОНРоссия;D;20140626;000000;2.9319;2.9596;2.916;2.92;20056000;0
Э.ОНРоссия;D;20140627;000000;2.9384;2.9384;2.8413;2.8499;44379000;0
Э.ОНРоссия;D;20140630;000000;2.86;2.8695;2.7525;2.84;128691000;0
Э.ОНРоссия;D;20140701;000000;2.85;2.8596;2.81;2.8321;38039000;0
Э.ОНРоссия;D;20140702;000000;2.8492;2.9;2.8382;2.8751;72594000;0
Э.ОНРоссия;D;20140703;000000;2.8795;2.8997;2.836;2.84;104228000;0
Э.ОНРоссия;D;20140704;000000;2.5;2.6115;2.4801;2.5788;105466000;0
Э.ОНРоссия;D;20140707;000000;2.57;2.591;2.5438;2.565;24653000;0
Э.ОНРоссия;D;20140708;000000;2.5645;2.5805;2.55;2.5609;29581000;0
Э.ОНРоссия;D;20140709;000000;2.557;2.5734;2.5;2.5265;24274000;0
Э.ОНРоссия;D;20140710;000000;2.535;2.5379;2.4678;2.4816;19982000;0
Э.ОНРоссия;D;20140711;000000;2.4752;2.519;2.468;2.519;18243000;0
Э.ОНРоссия;D;20140714;000000;2.5122;2.53;2.5013;2.53;14327000;0
Э.ОНРоссия;D;20140715;000000;2.528;2.5494;2.528;2.536;9852000;0
Э.ОНРоссия;D;20140716;000000;2.5348;2.5568;2.5212;2.555;18199000;0
Э.ОНРоссия;D;20140717;000000;2.5401;2.5401;2.4999;2.5353;26476000;0
Э.ОНРоссия;D;20140718;000000;2.5355;2.54;2.5022;2.54;24939000;0
Э.ОНРоссия;D;20140721;000000;2.54;2.54;2.4025;2.415;17630000;0
Э.ОНРоссия;D;20140722;000000;2.4373;2.4705;2.4118;2.4705;19288000;0
Э.ОНРоссия;D;20140723;000000;2.4697;2.4697;2.406;2.4081;15368000;0
Э.ОНРоссия;D;20140724;000000;2.4081;2.4081;2.3514;2.408;29139000;0
Э.ОНРоссия;D;20140725;000000;2.3978;2.398;2.3455;2.355;21620000;0
Э.ОНРоссия;D;20140728;000000;2.349;2.349;2.24;2.25;26979000;0
Э.ОНРоссия;D;20140729;000000;2.2901;2.3599;2.1901;2.3588;46228000;0
Э.ОНРоссия;D;20140730;000000;2.3526;2.4416;2.3423;2.39;19423000;0
Э.ОНРоссия;D;20140731;000000;2.46;2.46;2.3548;2.4014;12511000;0
Э.ОНРоссия;D;20140801;000000;2.391;2.432;2.378;2.4237;10678000;0
Э.ОНРоссия;D;20140804;000000;2.4318;2.4444;2.413;2.4131;4141000;0
Э.ОНРоссия;D;20140805;000000;2.4232;2.424;2.3871;2.4068;8974000;0
Э.ОНРоссия;D;20140806;000000;2.3967;2.4099;2.2699;2.4;32892000;0
Э.ОНРоссия;D;20140807;000000;2.3844;2.3964;2.29;2.3707;47443000;0
Э.ОНРоссия;D;20140808;000000;2.38;2.4;2.3251;2.389;25220000;0
Э.ОНРоссия;D;20140811;000000;2.4;2.5322;2.3968;2.5208;23151000;0
Э.ОНРоссия;D;20140812;000000;2.485;2.5599;2.485;2.5499;17868000;0
Э.ОНРоссия;D;20140813;000000;2.5396;2.573;2.5316;2.5697;20218000;0
Э.ОНРоссия;D;20140814;000000;2.57;2.5731;2.542;2.5586;7299000;0
Э.ОНРоссия;D;20140815;000000;2.5472;2.5631;2.5216;2.5626;8621000;0
Э.ОНРоссия;D;20140818;000000;2.5621;2.5622;2.5444;2.5522;9889000;0
Э.ОНРоссия;D;20140819;000000;2.55;2.5584;2.5012;2.5139;15179000;0
Э.ОНРоссия;D;20140820;000000;2.5089;2.5474;2.5089;2.52;8716000;0
Э.ОНРоссия;D;20140821;000000;2.5323;2.55;2.4703;2.48;11885000;0
Э.ОНРоссия;D;20140822;000000;2.4801;2.4945;2.446;2.4681;6074000;0
Э.ОНРоссия;D;20140825;000000;2.525;2.525;2.476;2.5116;4954000;0
Э.ОНРоссия;D;20140826;000000;2.5068;2.5299;2.4972;2.511;6451000;0
Э.ОНРоссия;D;20140827;000000;2.5063;2.5495;2.5024;2.53;8545000;0
Э.ОНРоссия;D;20140828;000000;2.5254;2.5254;2.48;2.524;16430000;0
Э.ОНРоссия;D;20140829;000000;2.5218;2.5239;2.4301;2.4541;13836000;0
Э.ОНРоссия;D;20140901;000000;2.4538;2.4594;2.4052;2.4118;15088000;0
Э.ОНРоссия;D;20140902;000000;2.4198;2.4199;2.3904;2.4;14771000;0
Э.ОНРоссия;D;20140903;000000;2.4;2.4973;2.3986;2.484;35497000;0
Э.ОНРоссия;D;20140904;000000;2.485;2.5142;2.47;2.5103;12910000;0
Э.ОНРоссия;D;20140905;000000;2.5011;2.57;2.4959;2.5313;102956000;0
Э.ОНРоссия;D;20140908;000000;2.5385;2.5548;2.5101;2.5191;16390000;0
Э.ОНРоссия;D;20140909;000000;2.5399;2.554;2.521;2.545;13424000;0
Э.ОНРоссия;D;20140910;000000;2.5372;2.581;2.5365;2.581;31142000;0
Э.ОНРоссия;D;20140911;000000;2.581;2.625;2.5763;2.595;38563000;0
Э.ОНРоссия;D;20140912;000000;2.58;2.62;2.5635;2.6;12067000;0
Э.ОНРоссия;D;20140915;000000;2.6149;2.6244;2.527;2.5626;47564000;0
Э.ОНРоссия;D;20140916;000000;2.5796;2.5899;2.5637;2.568;15298000;0
Э.ОНРоссия;D;20140917;000000;2.5675;2.574;2.521;2.5265;35260000;0
Э.ОНРоссия;D;20140918;000000;2.5396;2.5601;2.5288;2.558;25083000;0
Э.ОНРоссия;D;20140919;000000;2.5611;2.6177;2.525;2.6177;17732000;0
Э.ОНРоссия;D;20140922;000000;2.5801;2.615;2.56;2.56;9287000;0
Э.ОНРоссия;D;20140923;000000;2.5699;2.5699;2.5369;2.555;12587000;0
Э.ОНРоссия;D;20140924;000000;2.565;2.5976;2.5466;2.5801;24935000;0
Э.ОНРоссия;D;20140925;000000;2.5831;2.6048;2.58;2.58;20147000;0
Э.ОНРоссия;D;20140926;000000;2.582;2.5881;2.515;2.518;14779000;0
Э.ОНРоссия;D;20140929;000000;2.5343;2.5836;2.4718;2.4729;20386000;0
Э.ОНРоссия;D;20140930;000000;2.475;2.5224;2.45;2.51;14091000;0
Э.ОНРоссия;D;20141001;000000;2.5;2.56;2.5;2.53;13288000;0
Э.ОНРоссия;D;20141002;000000;2.53;2.53;2.452;2.477;16105000;0
Э.ОНРоссия;D;20141003;000000;2.49;2.516;2.478;2.499;12881000;0
Э.ОНРоссия;D;20141006;000000;2.5;2.554;2.5;2.534;8303000;0
Э.ОНРоссия;D;20141007;000000;2.54;2.56;2.528;2.559;16557000;0
Э.ОНРоссия;D;20141008;000000;2.623;2.623;2.479;2.55;12021000;0
Э.ОНРоссия;D;20141009;000000;2.556;2.579;2.52;2.53;18006000;0
Э.ОНРоссия;D;20141010;000000;2.529;2.53;2.354;2.383;44395000;0
Э.ОНРоссия;D;20141013;000000;2.382;2.487;2.368;2.449;72295000;0
Э.ОНРоссия;D;20141014;000000;2.44;2.494;2.434;2.458;15063000;0
Э.ОНРоссия;D;20141015;000000;2.463;2.487;2.437;2.46;8455000;0
Э.ОНРоссия;D;20141016;000000;2.469;2.489;2.435;2.45;15210000;0
Э.ОНРоссия;D;20141017;000000;2.463;2.485;2.422;2.43;10227000;0
Э.ОНРоссия;D;20141020;000000;2.43;2.444;2.348;2.366;28135000;0
Э.ОНРоссия;D;20141021;000000;2.37;2.387;2.32;2.34;37384000;0
Э.ОНРоссия;D;20141022;000000;2.355;2.378;2.322;2.325;9237000;0
Э.ОНРоссия;D;20141023;000000;2.334;2.341;2.259;2.274;30258000;0
Э.ОНРоссия;D;20141024;000000;2.284;2.338;2.262;2.333;12423000;0
Э.ОНРоссия;D;20141027;000000;2.35;2.394;2.35;2.383;11419000;0
Э.ОНРоссия;D;20141028;000000;2.382;2.5;2.376;2.463;26134000;0
Э.ОНРоссия;D;20141029;000000;2.47;2.548;2.443;2.531;18737000;0
Э.ОНРоссия;D;20141030;000000;2.502;2.535;2.466;2.505;23933000;0
Э.ОНРоссия;D;20141031;000000;2.511;2.53;2.481;2.499;15573000;0
Э.ОНРоссия;D;20141103;000000;2.484;2.518;2.483;2.512;3515000;0
Э.ОНРоссия;D;20141105;000000;2.494;2.601;2.482;2.601;32826000;0
Э.ОНРоссия;D;20141106;000000;2.59;2.6;2.535;2.562;24109000;0
Э.ОНРоссия;D;20141107;000000;2.578;2.58;2.495;2.543;10952000;0
Э.ОНРоссия;D;20141110;000000;2.56;2.56;2.517;2.542;3081000;0
Э.ОНРоссия;D;20141111;000000;2.537;2.557;2.507;2.507;4527000;0
Э.ОНРоссия;D;20141112;000000;2.502;2.538;2.497;2.522;9613000;0
Э.ОНРоссия;D;20141113;000000;2.54;2.547;2.491;2.491;13701000;0
Э.ОНРоссия;D;20141114;000000;2.487;2.588;2.462;2.517;47279000;0
Э.ОНРоссия;D;20141117;000000;2.517;2.565;2.485;2.505;35172000;0
Э.ОНРоссия;D;20141118;000000;2.519;2.568;2.5;2.549;36515000;0
Э.ОНРоссия;D;20141119;000000;2.546;2.557;2.527;2.548;4759000;0
Э.ОНРоссия;D;20141120;000000;2.53;2.55;2.523;2.546;11806000;0
Э.ОНРоссия;D;20141121;000000;2.546;2.568;2.507;2.54;23929000;0
Э.ОНРоссия;D;20141124;000000;2.531;2.537;2.497;2.501;5847000;0
Э.ОНРоссия;D;20141125;000000;2.48;2.513;2.48;2.507;4695000;0
Э.ОНРоссия;D;20141126;000000;2.5;2.504;2.48;2.502;5623000;0
Э.ОНРоссия;D;20141127;000000;2.498;2.548;2.473;2.481;8823000;0
Э.ОНРоссия;D;20141128;000000;2.475;2.49;2.419;2.472;30272000;0
Э.ОНРоссия;D;20141201;000000;2.455;2.514;2.438;2.499;13672000;0
Э.ОНРоссия;D;20141202;000000;2.492;2.529;2.442;2.464;24085000;0
Э.ОНРоссия;D;20141203;000000;2.464;2.495;2.443;2.478;51589000;0
Э.ОНРоссия;D;20141204;000000;2.455;2.482;2.414;2.433;23019000;0
Э.ОНРоссия;D;20141205;000000;2.425;2.465;2.39;2.4;33838000;0
Э.ОНРоссия;D;20141208;000000;2.4;2.418;2.305;2.384;30024000;0
Э.ОНРоссия;D;20141209;000000;2.384;2.406;2.34;2.371;16073000;0
Э.ОНРоссия;D;20141210;000000;2.39;2.395;2.334;2.364;14346000;0
Э.ОНРоссия;D;20141211;000000;2.401;2.401;2.259;2.278;99639000;0
Э.ОНРоссия;D;20141212;000000;2.262;2.325;2.236;2.236;35690000;0
Э.ОНРоссия;D;20141215;000000;2.251;2.281;2.207;2.235;33499000;0
Э.ОНРоссия;D;20141216;000000;2.239;2.27;2.025;2.144;64898000;0
Э.ОНРоссия;D;20141217;000000;2.209;2.25;2.12;2.128;51864000;0
Э.ОНРоссия;D;20141218;000000;2.134;2.318;2.134;2.231;110295000;0
Э.ОНРоссия;D;20141219;000000;2.222;2.25;2.093;2.104;37512000;0
Э.ОНРоссия;D;20141222;000000;2.144;2.25;2.116;2.17;46552000;0
Э.ОНРоссия;D;20141223;000000;2.173;2.2;2.155;2.166;24379000;0
Э.ОНРоссия;D;20141224;000000;2.179;2.196;2.161;2.175;4943000;0
Э.ОНРоссия;D;20141225;000000;2.186;2.217;2.162;2.189;30550000;0
Э.ОНРоссия;D;20141226;000000;2.21;2.22;2.158;2.17;11569000;0
Э.ОНРоссия;D;20141229;000000;2.194;2.241;2.175;2.196;14697000;0
Э.ОНРоссия;D;20141230;000000;2.19;2.39;2.101;2.28;58862000;0
Э.ОНРоссия;D;20150105;000000;2.252;2.29;2.203;2.219;8762000;0
Э.ОНРоссия;D;20150106;000000;2.2;2.246;2.178;2.181;8207000;0
Э.ОНРоссия;D;20150108;000000;2.178;2.274;2.176;2.235;33737000;0
Э.ОНРоссия;D;20150109;000000;2.233;2.318;2.219;2.3;11087000;0
Э.ОНРоссия;D;20150112;000000;2.294;2.295;2.23;2.243;24914000;0
Э.ОНРоссия;D;20150113;000000;2.238;2.27;2.221;2.27;10646000;0
Э.ОНРоссия;D;20150114;000000;2.265;2.321;2.251;2.3;18714000;0
Э.ОНРоссия;D;20150115;000000;2.3;2.4;2.246;2.355;274626000;0
Э.ОНРоссия;D;20150116;000000;2.346;2.411;2.3;2.394;144098000;0
Э.ОНРоссия;D;20150119;000000;2.39;2.44;2.37;2.384;13975000;0
Э.ОНРоссия;D;20150120;000000;2.384;2.4;2.342;2.342;21783000;0
Э.ОНРоссия;D;20150121;000000;2.35;2.43;2.337;2.361;56117000;0
Э.ОНРоссия;D;20150122;000000;2.401;2.51;2.401;2.495;40853000;0
Э.ОНРоссия;D;20150123;000000;2.501;2.529;2.448;2.475;21144000;0
Э.ОНРоссия;D;20150126;000000;2.419;2.468;2.379;2.409;43161000;0
Э.ОНРоссия;D;20150127;000000;2.35;2.405;2.332;2.381;23315000;0
Э.ОНРоссия;D;20150128;000000;2.376;2.44;2.36;2.378;16513000;0
Э.ОНРоссия;D;20150129;000000;2.37;2.435;2.37;2.411;7595000;0
Э.ОНРоссия;D;20150130;000000;2.402;2.502;2.4;2.499;16308000;0
Э.ОНРоссия;D;20150202;000000;2.491;2.515;2.441;2.453;26463000;0
Э.ОНРоссия;D;20150203;000000;2.456;2.49;2.416;2.474;46552000;0
Э.ОНРоссия;D;20150204;000000;2.49;2.494;2.45;2.45;8956000;0
Э.ОНРоссия;D;20150205;000000;2.44;2.537;2.419;2.511;12834000;0
Э.ОНРоссия;D;20150206;000000;2.509;2.579;2.508;2.57;16119000;0
Э.ОНРоссия;D;20150209;000000;2.564;2.607;2.535;2.55;24057000;0
Э.ОНРоссия;D;20150210;000000;2.514;2.673;2.514;2.603;147040000;0
Э.ОНРоссия;D;20150211;000000;2.639;2.68;2.6;2.646;39958000;0
Э.ОНРоссия;D;20150212;000000;2.712;2.792;2.639;2.792;68523000;0
Э.ОНРоссия;D;20150213;000000;2.792;2.936;2.78;2.847;185893000;0
Э.ОНРоссия;D;20150216;000000;2.86;2.875;2.789;2.804;39298000;0
Э.ОНРоссия;D;20150217;000000;2.817;2.89;2.798;2.82;21897000;0
Э.ОНРоссия;D;20150218;000000;2.808;2.85;2.796;2.849;16555000;0
Э.ОНРоссия;D;20150219;000000;2.826;2.87;2.74;2.751;23308000;0
Э.ОНРоссия;D;20150220;000000;2.759;2.796;2.759;2.779;7709000;0
Э.ОНРоссия;D;20150224;000000;2.721;2.769;2.7;2.726;11377000;0
Э.ОНРоссия;D;20150225;000000;2.72;2.75;2.68;2.701;20385000;0
Э.ОНРоссия;D;20150226;000000;2.725;2.919;2.714;2.9;63346000;0
Э.ОНРоссия;D;20150227;000000;2.918;2.974;2.781;2.781;18325000;0
Э.ОНРоссия;D;20150302;000000;2.8;2.93;2.8;2.85;15817000;0
Э.ОНРоссия;D;20150303;000000;2.838;2.912;2.705;2.91;255342000;0
Э.ОНРоссия;D;20150304;000000;2.91;2.92;2.867;2.89;16139000;0
Э.ОНРоссия;D;20150305;000000;2.91;2.912;2.83;2.88;9283000;0
Э.ОНРоссия;D;20150306;000000;2.878;2.914;2.852;2.867;8793000;0
Э.ОНРоссия;D;20150310;000000;2.852;2.896;2.766;2.875;35391000;0
Э.ОНРоссия;D;20150311;000000;2.828;2.902;2.828;2.847;15803000;0
Э.ОНРоссия;D;20150312;000000;2.853;2.915;2.832;2.85;7550000;0
Э.ОНРоссия;D;20150313;000000;2.847;2.857;2.77;2.77;8976000;0
Э.ОНРоссия;D;20150316;000000;2.761;2.819;2.717;2.726;12511000;0
Э.ОНРоссия;D;20150317;000000;2.72;2.91;2.72;2.87;22446000;0
Э.ОНРоссия;D;20150318;000000;2.911;2.911;2.765;2.78;22103000;0
Э.ОНРоссия;D;20150319;000000;2.8;2.825;2.71;2.73;23502000;0
Э.ОНРоссия;D;20150320;000000;2.769;2.83;2.718;2.718;23906000;0
Э.ОНРоссия;D;20150323;000000;2.714;2.816;2.714;2.78;23653000;0
Э.ОНРоссия;D;20150324;000000;2.777;2.806;2.76;2.768;14896000;0
Э.ОНРоссия;D;20150325;000000;2.791;2.848;2.78;2.848;23694000;0
Э.ОНРоссия;D;20150326;000000;2.874;2.879;2.789;2.819;16541000;0
Э.ОНРоссия;D;20150327;000000;2.819;2.951;2.819;2.9;27360000;0
Э.ОНРоссия;D;20150330;000000;2.91;3.01;2.878;2.9;141095000;0
Э.ОНРоссия;D;20150331;000000;2.91;2.989;2.896;2.95;24327000;0
Э.ОНРоссия;D;20150401;000000;2.991;2.991;2.9;2.95;42021000;0
Э.ОНРоссия;D;20150402;000000;2.94;2.944;2.871;2.89;20844000;0
Э.ОНРоссия;D;20150403;000000;2.883;2.95;2.882;2.916;11586000;0
Э.ОНРоссия;D;20150406;000000;2.931;3.033;2.916;3.03;10929000;0
Э.ОНРоссия;D;20150407;000000;3.034;3.07;2.967;3;48573000;0
Э.ОНРоссия;D;20150408;000000;2.984;3.032;2.934;3.025;30394000;0
Э.ОНРоссия;D;20150409;000000;3.02;3.083;2.976;3.06;11305000;0
Э.ОНРоссия;D;20150410;000000;3.05;3.19;2.98;3;36165000;0
Э.ОНРоссия;D;20150413;000000;3.002;3.234;3;3.234;48029000;0
Э.ОНРоссия;D;20150414;000000;3.168;3.194;3.055;3.075;16528000;0
Э.ОНРоссия;D;20150415;000000;3.084;3.127;3.08;3.1;17829000;0
Э.ОНРоссия;D;20150416;000000;3.105;3.189;3.093;3.181;14555000;0
Э.ОНРоссия;D;20150417;000000;3.186;3.22;3.052;3.07;19349000;0
Э.ОНРоссия;D;20150420;000000;3.082;3.123;2.971;2.982;20890000;0
Э.ОНРоссия;D;20150421;000000;2.74;3.079;2.74;3.069;7981000;0
Э.ОНРоссия;D;20150422;000000;3.083;3.11;3.056;3.11;8513000;0
Э.ОНРоссия;D;20150423;000000;3.114;3.19;3.071;3.101;31958000;0
Э.ОНРоссия;D;20150424;000000;3.12;3.205;3.089;3.2;21626000;0
Э.ОНРоссия;D;20150427;000000;3.206;3.245;3.141;3.149;13278000;0
Э.ОНРоссия;D;20150428;000000;3.145;3.16;3.087;3.115;10016000;0
Э.ОНРоссия;D;20150429;000000;3.115;3.147;3.081;3.147;6628000;0
Э.ОНРоссия;D;20150430;000000;3.042;3.22;3.042;3.15;13672000;0
Э.ОНРоссия;D;20150505;000000;3.164;3.218;3.155;3.187;17371000;0
Э.ОНРоссия;D;20150506;000000;3.183;3.183;3.131;3.173;6762000;0
Э.ОНРоссия;D;20150507;000000;3.138;3.17;3.098;3.116;13875000;0
Э.ОНРоссия;D;20150508;000000;3.118;3.16;3.109;3.125;11279000;0
Э.ОНРоссия;D;20150512;000000;3.11;3.193;3.105;3.193;33547000;0
Э.ОНРоссия;D;20150513;000000;3.185;3.193;3.143;3.144;21722000;0
Э.ОНРоссия;D;20150514;000000;3.139;3.148;3.118;3.131;7071000;0
Э.ОНРоссия;D;20150515;000000;3.123;3.137;3.116;3.123;1746000;0
Э.ОНРоссия;D;20150518;000000;3.115;3.135;3.1;3.107;6176000;0
Э.ОНРоссия;D;20150519;000000;3.102;3.138;3.054;3.101;14452000;0
Э.ОНРоссия;D;20150520;000000;3.102;3.102;3.019;3.035;10680000;0
Э.ОНРоссия;D;20150521;000000;3.055;3.089;3.023;3.056;4174000;0
Э.ОНРоссия;D;20150522;000000;3.066;3.135;3.05;3.135;7170000;0
Э.ОНРоссия;D;20150525;000000;3.116;3.131;3.032;3.051;4067000;0
Э.ОНРоссия;D;20150526;000000;3.048;3.1;3.048;3.1;11633000;0
Э.ОНРоссия;D;20150527;000000;3.162;3.162;3.06;3.074;4297000;0
Э.ОНРоссия;D;20150528;000000;3.071;3.08;3.05;3.05;4035000;0
Э.ОНРоссия;D;20150529;000000;3.058;3.091;3.01;3.01;11023000;0
Э.ОНРоссия;D;20150601;000000;3.088;3.088;3.01;3.017;4794000;0
Э.ОНРоссия;D;20150602;000000;3.031;3.05;3.01;3.01;6475000;0
Э.ОНРоссия;D;20150603;000000;3.005;3.047;2.905;2.918;26103000;0
Э.ОНРоссия;D;20150604;000000;2.901;2.932;2.821;2.836;21574000;0
Э.ОНРоссия;D;20150605;000000;2.851;2.918;2.813;2.867;30963000;0
Э.ОНРоссия;D;20150608;000000;2.889;2.936;2.85;2.933;13140000;0
Э.ОНРоссия;D;20150609;000000;2.917;2.984;2.888;2.92;9380000;0
Э.ОНРоссия;D;20150610;000000;2.915;2.954;2.88;2.912;16653000;0
Э.ОНРоссия;D;20150611;000000;2.904;2.938;2.862;2.864;27713000;0
Э.ОНРоссия;D;20150615;000000;2.86;2.864;2.773;2.802;16474000;0
Э.ОНРоссия;D;20150616;000000;2.808;2.865;2.806;2.822;11627000;0
Э.ОНРоссия;D;20150617;000000;2.867;2.936;2.841;2.922;15798000;0
Э.ОНРоссия;D;20150618;000000;2.948;2.988;2.934;2.94;15871000;0
Э.ОНРоссия;D;20150619;000000;2.941;2.98;2.81;2.81;47691000;0
Э.ОНРоссия;D;20150622;000000;2.852;2.907;2.843;2.855;13802000;0
Э.ОНРоссия;D;20150623;000000;2.869;2.9;2.851;2.853;9802000;0
Э.ОНРоссия;D;20150624;000000;2.874;2.894;2.838;2.879;8067000;0
Э.ОНРоссия;D;20150625;000000;2.884;2.943;2.86;2.93;14680000;0
Э.ОНРоссия;D;20150626;000000;2.94;2.987;2.923;2.97;23466000;0
Э.ОНРоссия;D;20150629;000000;2.97;3;2.97;2.999;15320000;0
Э.ОНРоссия;D;20150630;000000;3.009;3.049;2.991;3.038;17654000;0
Э.ОНРоссия;D;20150701;000000;3.049;3.054;2.97;3.002;22957000;0
Э.ОНРоссия;D;20150702;000000;3.02;3.048;2.9;2.956;21365000;0
Э.ОНРоссия;D;20150703;000000;2.956;2.979;2.925;2.95;20011000;0
Э.ОНРоссия;D;20150706;000000;2.79;2.79;2.681;2.71;33829000;0
Э.ОНРоссия;D;20150707;000000;2.7;2.708;2.675;2.691;12097000;0
Э.ОНРоссия;D;20150708;000000;2.699;2.699;2.611;2.647;18889000;0
Э.ОНРоссия;D;20150709;000000;2.646;2.742;2.646;2.73;12721000;0
Э.ОНРоссия;D;20150710;000000;2.74;2.935;2.729;2.888;34049000;0
Э.ОНРоссия;D;20150713;000000;2.874;2.901;2.778;2.831;10797000;0
Э.ОНРоссия;D;20150714;000000;2.816;2.88;2.815;2.864;9749000;0
Э.ОНРоссия;D;20150715;000000;2.845;2.93;2.845;2.903;15584000;0
Э.ОНРоссия;D;20150716;000000;2.883;2.929;2.82;2.84;29670000;0
Э.ОНРоссия;D;20150717;000000;2.87;2.877;2.722;2.813;10043000;0
Э.ОНРоссия;D;20150720;000000;2.806;2.828;2.742;2.755;8155000;0
Э.ОНРоссия;D;20150721;000000;2.776;2.802;2.735;2.746;5538000;0
Э.ОНРоссия;D;20150722;000000;2.742;2.745;2.68;2.736;13301000;0
Э.ОНРоссия;D;20150723;000000;2.724;2.805;2.706;2.78;23186000;0
Э.ОНРоссия;D;20150724;000000;2.743;2.79;2.682;2.69;9025000;0
Э.ОНРоссия;D;20150727;000000;2.68;2.689;2.575;2.63;25357000;0
Э.ОНРоссия;D;20150728;000000;2.632;2.702;2.581;2.702;27554000;0
Э.ОНРоссия;D;20150729;000000;2.675;2.687;2.58;2.605;34220000;0
Э.ОНРоссия;D;20150730;000000;2.617;2.637;2.59;2.62;24356000;0
Э.ОНРоссия;D;20150731;000000;2.62;2.632;2.593;2.594;44026000;0
Э.ОНРоссия;D;20150803;000000;2.609;2.623;2.571;2.59;8445000;0
Э.ОНРоссия;D;20150804;000000;2.6;2.617;2.584;2.61;13430000;0
Э.ОНРоссия;D;20150805;000000;2.602;2.733;2.602;2.715;36222000;0
Э.ОНРоссия;D;20150806;000000;2.725;2.742;2.65;2.697;31921000;0
Э.ОНРоссия;D;20150807;000000;2.726;2.751;2.695;2.731;9968000;0
Э.ОНРоссия;D;20150810;000000;2.733;2.766;2.705;2.73;8878000;0
Э.ОНРоссия;D;20150811;000000;2.732;2.775;2.732;2.769;9812000;0
Э.ОНРоссия;D;20150812;000000;2.759;2.777;2.74;2.752;4271000;0
Э.ОНРоссия;D;20150813;000000;2.77;2.77;2.743;2.755;10812000;0
Э.ОНРоссия;D;20150814;000000;2.75;2.77;2.749;2.756;6529000;0
Э.ОНРоссия;D;20150817;000000;2.77;2.77;2.453;2.69;23362000;0
Э.ОНРоссия;D;20150818;000000;2.701;2.716;2.672;2.685;10259000;0
Э.ОНРоссия;D;20150819;000000;2.698;2.708;2.67;2.67;6448000;0
Э.ОНРоссия;D;20150820;000000;2.67;2.695;2.645;2.691;11657000;0
Э.ОНРоссия;D;20150821;000000;2.678;2.689;2.65;2.682;7992000;0
Э.ОНРоссия;D;20150824;000000;2.648;2.68;2.624;2.654;18851000;0
Э.ОНРоссия;D;20150825;000000;2.654;2.745;2.654;2.745;13919000;0
Э.ОНРоссия;D;20150826;000000;2.746;2.754;2.692;2.711;11449000;0
Э.ОНРоссия;D;20150827;000000;2.711;2.788;2.709;2.77;7928000;0
Э.ОНРоссия;D;20150828;000000;2.789;2.822;2.762;2.811;10522000;0
Э.ОНРоссия;D;20150831;000000;2.791;2.862;2.788;2.862;11566000;0
Э.ОНРоссия;D;20150901;000000;2.857;2.9;2.752;2.779;17544000;0
Э.ОНРоссия;D;20150902;000000;2.753;2.82;2.753;2.81;8572000;0
Э.ОНРоссия;D;20150903;000000;2.81;2.829;2.786;2.79;13256000;0
Э.ОНРоссия;D;20150904;000000;2.785;2.813;2.771;2.799;7770000;0
Э.ОНРоссия;D;20150907;000000;2.775;2.789;2.724;2.729;5993000;0
Э.ОНРоссия;D;20150908;000000;2.73;2.755;2.7;2.73;8361000;0
Э.ОНРоссия;D;20150909;000000;2.749;2.809;2.749;2.798;8669000;0
Э.ОНРоссия;D;20150910;000000;2.77;2.869;2.77;2.837;11417000;0
Э.ОНРоссия;D;20150911;000000;2.811;2.92;2.811;2.868;13904000;0
Э.ОНРоссия;D;20150914;000000;2.859;2.896;2.828;2.843;9063000;0
Э.ОНРоссия;D;20150915;000000;2.86;2.873;2.825;2.844;10105000;0
Э.ОНРоссия;D;20150916;000000;2.856;2.861;2.788;2.794;11360000;0
Э.ОНРоссия;D;20150917;000000;2.809;2.816;2.745;2.759;23603000;0
Э.ОНРоссия;D;20150918;000000;2.769;2.902;2.762;2.902;26910000;0
Э.ОНРоссия;D;20150921;000000;2.85;2.85;2.785;2.8;14952000;0
Э.ОНРоссия;D;20150922;000000;2.824;2.846;2.75;2.754;3235000;0
Э.ОНРоссия;D;20150923;000000;2.769;2.774;2.733;2.76;5939000;0
Э.ОНРоссия;D;20150924;000000;2.767;2.82;2.72;2.808;5584000;0
Э.ОНРоссия;D;20150925;000000;2.845;2.845;2.72;2.747;11680000;0
Э.ОНРоссия;D;20150928;000000;2.744;2.745;2.68;2.683;11396000;0
Э.ОНРоссия;D;20150929;000000;2.676;2.704;2.673;2.687;9620000;0
Э.ОНРоссия;D;20150930;000000;2.685;2.864;2.681;2.846;55255000;0
Э.ОНРоссия;D;20151001;000000;2.835;2.88;2.805;2.85;11944000;0
Э.ОНРоссия;D;20151002;000000;2.865;2.93;2.828;2.863;13890000;0
Э.ОНРоссия;D;20151005;000000;2.892;2.919;2.87;2.919;9431000;0
Э.ОНРоссия;D;20151006;000000;2.933;2.994;2.845;2.916;11080000;0
Э.ОНРоссия;D;20151007;000000;2.87;2.95;2.87;2.939;8280000;0
Э.ОНРоссия;D;20151008;000000;2.948;3.028;2.926;2.984;18540000;0
Э.ОНРоссия;D;20151009;000000;3;3.025;2.966;2.989;7006000;0
Э.ОНРоссия;D;20151012;000000;2.964;2.964;2.858;2.886;11283000;0
Э.ОНРоссия;D;20151013;000000;2.886;2.928;2.848;2.918;20100000;0
Э.ОНРоссия;D;20151014;000000;2.918;2.952;2.88;2.91;4582000;0
Э.ОНРоссия;D;20151015;000000;2.948;2.962;2.886;2.886;5388000;0
Э.ОНРоссия;D;20151016;000000;2.87;2.909;2.86;2.9;26372000;0
Э.ОНРоссия;D;20151019;000000;2.907;2.917;2.9;2.905;7652000;0
Э.ОНРоссия;D;20151020;000000;2.9;2.97;2.9;2.965;6278000;0
Э.ОНРоссия;D;20151021;000000;2.96;2.979;2.906;2.944;17865000;0
Э.ОНРоссия;D;20151022;000000;2.957;2.971;2.928;2.963;5253000;0
Э.ОНРоссия;D;20151023;000000;2.975;3.046;2.955;3.045;12894000;0
Э.ОНРоссия;D;20151026;000000;3.045;3.117;3.003;3.1;19004000;0
Э.ОНРоссия;D;20151027;000000;3.1;3.112;3.01;3.11;12860000;0
Э.ОНРоссия;D;20151028;000000;3.074;3.105;3.029;3.06;9792000;0
Э.ОНРоссия;D;20151029;000000;3.051;3.078;2.981;3.025;14711000;0
Э.ОНРоссия;D;20151030;000000;3.021;3.062;2.976;3.037;10439000;0
Э.ОНРоссия;D;20151102;000000;3.01;3.08;2.986;3.08;5738000;0
Э.ОНРоссия;D;20151103;000000;3.067;3.15;3.04;3.101;9589000;0
Э.ОНРоссия;D;20151105;000000;3.145;3.154;3.1;3.111;21866000;0
Э.ОНРоссия;D;20151106;000000;3.115;3.115;3.02;3.072;24525000;0
Э.ОНРоссия;D;20151109;000000;3.097;3.15;3.078;3.14;12299000;0
Э.ОНРоссия;D;20151110;000000;3.102;3.148;3.096;3.1;6939000;0
Э.ОНРоссия;D;20151111;000000;3.078;3.142;3.064;3.08;13057000;0
Э.ОНРоссия;D;20151112;000000;3.103;3.11;3.081;3.098;4448000;0
Э.ОНРоссия;D;20151113;000000;3.09;3.09;3.043;3.069;6967000;0
Э.ОНРоссия;D;20151116;000000;3.077;3.115;3.04;3.1;6739000;0
Э.ОНРоссия;D;20151117;000000;3.122;3.147;3.091;3.147;12082000;0
Э.ОНРоссия;D;20151118;000000;3.149;3.179;3.104;3.13;10104000;0
Э.ОНРоссия;D;20151119;000000;3.169;3.175;3.133;3.161;10605000;0
Э.ОНРоссия;D;20151120;000000;3.148;3.189;3.13;3.18;14924000;0
Э.ОНРоссия;D;20151123;000000;3.18;3.276;3.154;3.253;15711000;0
Э.ОНРоссия;D;20151124;000000;3.247;3.253;3.135;3.177;13506000;0
Э.ОНРоссия;D;20151125;000000;3.194;3.231;3.173;3.21;6437000;0
Э.ОНРоссия;D;20151126;000000;3.202;3.38;3.199;3.308;29634000;0
Э.ОНРоссия;D;20151127;000000;3.292;3.419;3.25;3.255;49689000;0
Э.ОНРоссия;D;20151130;000000;3.233;3.443;3.162;3.322;80165000;0
Э.ОНРоссия;D;20151201;000000;3.249;3.25;3.096;3.112;53900000;0
Э.ОНРоссия;D;20151202;000000;3.122;3.175;3.08;3.154;6564000;0
Э.ОНРоссия;D;20151203;000000;3.148;3.176;3.148;3.165;7443000;0
Э.ОНРоссия;D;20151204;000000;3.171;3.189;3.024;3.055;55078000;0
Э.ОНРоссия;D;20151207;000000;3.077;3.127;3.041;3.103;32884000;0
Э.ОНРоссия;D;20151208;000000;3.095;3.112;3.035;3.099;96560000;0
Э.ОНРоссия;D;20151209;000000;3.105;3.105;3.072;3.1;12540000;0
Э.ОНРоссия;D;20151210;000000;3.111;3.14;3.054;3.062;8656000;0
Э.ОНРоссия;D;20151211;000000;3.096;3.137;3.047;3.137;27533000;0
Э.ОНРоссия;D;20151214;000000;3.1;3.119;3.086;3.09;19973000;0
Э.ОНРоссия;D;20151215;000000;3.105;3.288;3.093;3.12;30202000;0
Э.ОНРоссия;D;20151216;000000;3.138;3.218;3.116;3.13;24476000;0
Э.ОНРоссия;D;20151217;000000;3.143;3.18;3.1;3.179;13366000;0
Э.ОНРоссия;D;20151218;000000;3.165;3.18;2.992;3.012;122097000;0
Э.ОНРоссия;D;20151221;000000;3.029;3.08;2.997;3.054;32162000;0
Э.ОНРоссия;D;20151222;000000;3.039;3.078;3.006;3.006;22507000;0
Э.ОНРоссия;D;20151223;000000;3.041;3.066;2.963;2.996;255160000;0
Э.ОНРоссия;D;20151224;000000;3.001;3.07;2.987;3.05;107809000;0
Э.ОНРоссия;D;20151225;000000;3.075;3.076;3.011;3.05;7734000;0
Э.ОНРоссия;D;20151228;000000;3.06;3.14;3.038;3.11;40629000;0
Э.ОНРоссия;D;20151229;000000;3.097;3.2;3.057;3.2;28025000;0
Э.ОНРоссия;D;20151230;000000;3.207;3.24;3.142;3.179;37427000;0
Э.ОНРоссия;D;20160104;000000;3.153;3.167;3.074;3.077;4632000;0
Э.ОНРоссия;D;20160105;000000;3.096;3.145;3.064;3.124;15721000;0
Э.ОНРоссия;D;20160106;000000;3.112;3.15;3.083;3.11;3146000;0
Э.ОНРоссия;D;20160111;000000;3.054;3.12;3.054;3.09;10252000;0
Э.ОНРоссия;D;20160112;000000;3.08;3.19;3.053;3.148;27916000;0
Э.ОНРоссия;D;20160113;000000;3.144;3.174;3.086;3.098;6535000;0
Э.ОНРоссия;D;20160114;000000;3.092;3.105;3.075;3.085;10704000;0
Э.ОНРоссия;D;20160115;000000;3.1;3.118;2.906;3.022;24667000;0
Э.ОНРоссия;D;20160118;000000;3.036;3.095;2.936;3.065;7428000;0
Э.ОНРоссия;D;20160119;000000;3.065;3.088;3.024;3.05;17278000;0
Э.ОНРоссия;D;20160120;000000;3.034;3.043;2.957;3.029;12120000;0
Э.ОНРоссия;D;20160121;000000;3.048;3.048;2.985;2.995;11030000;0
Э.ОНРоссия;D;20160122;000000;3.002;3.062;3.001;3.049;33974000;0
Э.ОНРоссия;D;20160125;000000;3.071;3.081;3.021;3.06;7770000;0
Э.ОНРоссия;D;20160126;000000;3.06;3.082;2.995;3.03;14625000;0
Э.ОНРоссия;D;20160127;000000;3.066;3.067;3.027;3.03;13092000;0
Э.ОНРоссия;D;20160128;000000;3.043;3.074;3.028;3.042;19855000;0
Э.ОНРоссия;D;20160129;000000;3.05;3.073;3.03;3.034;68013000;0
Э.ОНРоссия;D;20160201;000000;3.04;3.042;2.955;2.99;56377000;0
Э.ОНРоссия;D;20160202;000000;2.99;2.993;2.787;2.787;154876000;0
Э.ОНРоссия;D;20160203;000000;2.8;2.83;2.703;2.716;270886000;0
Э.ОНРоссия;D;20160204;000000;2.743;2.76;2.609;2.7;138422000;0
Э.ОНРоссия;D;20160205;000000;2.7;2.76;2.652;2.715;105190000;0
Э.ОНРоссия;D;20160208;000000;2.708;2.719;2.484;2.525;183205000;0
Э.ОНРоссия;D;20160209;000000;2.524;2.583;2.388;2.44;265557000;0
Э.ОНРоссия;D;20160210;000000;2.438;2.49;2.415;2.482;61762000;0
Э.ОНРоссия;D;20160211;000000;2.482;2.5;2.435;2.482;40314000;0
Э.ОНРоссия;D;20160212;000000;2.484;2.515;2.462;2.5;45012000;0
Э.ОНРоссия;D;20160215;000000;2.52;2.521;2.412;2.421;52327000;0
Э.ОНРоссия;D;20160216;000000;2.415;2.45;2.415;2.443;24701000;0
Э.ОНРоссия;D;20160217;000000;2.443;2.443;2.383;2.397;51837000;0
Э.ОНРоссия;D;20160218;000000;2.401;2.435;2.375;2.425;58347000;0
Э.ОНРоссия;D;20160219;000000;2.424;2.462;2.39;2.4;43250000;0
Э.ОНРоссия;D;20160220;000000;2.414;2.434;2.397;2.416;4657000;0
Э.ОНРоссия;D;20160222;000000;2.406;2.445;2.4;2.403;15448000;0
Э.ОНРоссия;D;20160224;000000;2.402;2.407;2.388;2.396;45811000;0
Э.ОНРоссия;D;20160225;000000;2.398;2.439;2.394;2.421;75056000;0
Э.ОНРоссия;D;20160226;000000;2.444;2.444;2.42;2.431;62193000;0
Э.ОНРоссия;D;20160229;000000;2.44;2.554;2.43;2.5;68538000;0
Э.ОНРоссия;D;20160301;000000;2.5;2.518;2.45;2.452;56491000;0
Э.ОНРоссия;D;20160302;000000;2.475;2.477;2.452;2.47;33900000;0
Э.ОНРоссия;D;20160303;000000;2.482;2.487;2.441;2.443;41396000;0
Э.ОНРоссия;D;20160304;000000;2.455;2.455;2.421;2.45;41578000;0
Э.ОНРоссия;D;20160307;000000;2.45;2.485;2.45;2.475;28183000;0
Э.ОНРоссия;D;20160309;000000;2.48;2.482;2.45;2.48;61621000;0
Э.ОНРоссия;D;20160310;000000;2.475;2.574;2.464;2.51;88509000;0
Э.ОНРоссия;D;20160311;000000;2.504;2.567;2.504;2.56;62521000;0
Э.ОНРоссия;D;20160314;000000;2.57;2.58;2.48;2.51;47476000;0
Э.ОНРоссия;D;20160315;000000;2.519;2.526;2.46;2.475;68188000;0
Э.ОНРоссия;D;20160316;000000;2.487;2.51;2.475;2.495;107895000;0
Э.ОНРоссия;D;20160317;000000;2.499;2.57;2.495;2.55;108514000;0
Э.ОНРоссия;D;20160318;000000;2.56;2.731;2.5;2.731;512023000;0
Э.ОНРоссия;D;20160321;000000;2.68;2.763;2.64;2.71;137003000;0
Э.ОНРоссия;D;20160322;000000;2.735;2.736;2.605;2.616;85157000;0
Э.ОНРоссия;D;20160323;000000;2.616;2.73;2.612;2.635;68951000;0
Э.ОНРоссия;D;20160324;000000;2.635;2.685;2.628;2.648;29836000;0
Э.ОНРоссия;D;20160325;000000;2.65;2.678;2.649;2.666;7124000;0
Э.ОНРоссия;D;20160328;000000;2.679;2.696;2.647;2.658;11503000;0
Э.ОНРоссия;D;20160329;000000;2.664;2.684;2.615;2.632;22530000;0
Э.ОНРоссия;D;20160330;000000;2.653;2.674;2.637;2.656;27815000;0
Э.ОНРоссия;D;20160331;000000;2.669;2.69;2.63;2.649;32860000;0
Э.ОНРоссия;D;20160401;000000;2.66;2.66;2.601;2.64;21702000;0
Э.ОНРоссия;D;20160404;000000;2.638;2.654;2.622;2.643;13420000;0
Э.ОНРоссия;D;20160405;000000;2.631;2.643;2.565;2.597;40258000;0
Э.ОНРоссия;D;20160406;000000;2.603;2.631;2.578;2.611;29386000;0
Э.ОНРоссия;D;20160407;000000;2.611;2.659;2.59;2.622;35683000;0
Э.ОНРоссия;D;20160408;000000;2.62;2.647;2.611;2.615;12706000;0
Э.ОНРоссия;D;20160411;000000;2.614;2.634;2.587;2.597;15226000;0
Э.ОНРоссия;D;20160412;000000;2.6;2.615;2.578;2.578;20230000;0
Э.ОНРоссия;D;20160413;000000;2.586;2.615;2.579;2.6;29112000;0
Э.ОНРоссия;D;20160414;000000;2.595;2.609;2.586;2.593;36545000;0
Э.ОНРоссия;D;20160415;000000;2.602;2.602;2.585;2.589;17151000;0
Э.ОНРоссия;D;20160418;000000;2.577;2.591;2.562;2.587;17489000;0
Э.ОНРоссия;D;20160419;000000;2.583;2.595;2.57;2.587;15989000;0
Э.ОНРоссия;D;20160420;000000;2.583;2.588;2.576;2.579;19005000;0
Э.ОНРоссия;D;20160421;000000;2.583;2.68;2.551;2.588;44891000;0
Э.ОНРоссия;D;20160422;000000;2.597;2.639;2.594;2.609;44909000;0
Э.ОНРоссия;D;20160425;000000;2.613;2.645;2.612;2.623;16714000;0
Э.ОНРоссия;D;20160426;000000;2.615;2.618;2.585;2.601;18363000;0
Э.ОНРоссия;D;20160427;000000;2.597;2.605;2.58;2.6;22045000;0
Э.ОНРоссия;D;20160428;000000;2.61;2.623;2.6;2.605;19380000;0
Э.ОНРоссия;D;20160429;000000;2.6;2.644;2.59;2.639;35382000;0
Э.ОНРоссия;D;20160504;000000;2.62;2.645;2.601;2.645;25213000;0
Э.ОНРоссия;D;20160505;000000;2.64;2.643;2.612;2.64;15684000;0
Э.ОНРоссия;D;20160506;000000;2.62;2.645;2.61;2.63;12597000;0
Э.ОНРоссия;D;20160510;000000;2.625;2.635;2.603;2.625;62616000;0
Э.ОНРоссия;D;20160511;000000;2.614;2.634;2.602;2.609;23690000;0
Э.ОНРоссия;D;20160512;000000;2.609;2.616;2.585;2.599;17617000;0
Э.ОНРоссия;D;20160513;000000;2.609;2.617;2.576;2.61;22963000;0
Э.ОНРоссия;D;20160516;000000;2.61;2.63;2.6;2.603;9027000;0
Э.ОНРоссия;D;20160517;000000;2.604;2.619;2.594;2.607;10326000;0
Э.ОНРоссия;D;20160518;000000;2.602;2.61;2.601;2.607;29663000;0
Э.ОНРоссия;D;20160519;000000;2.602;2.616;2.593;2.603;26296000;0
Э.ОНРоссия;D;20160520;000000;2.615;2.63;2.61;2.63;13932000;0
Э.ОНРоссия;D;20160523;000000;2.623;2.623;2.601;2.604;4971000;0
Э.ОНРоссия;D;20160524;000000;2.601;2.608;2.598;2.605;29258000;0
Э.ОНРоссия;D;20160525;000000;2.605;2.65;2.6;2.647;21213000;0
Э.ОНРоссия;D;20160526;000000;2.647;2.647;2.615;2.635;72399000;0
Э.ОНРоссия;D;20160527;000000;2.638;2.664;2.635;2.655;12115000;0
Э.ОНРоссия;D;20160530;000000;2.655;2.669;2.635;2.654;9198000;0
Э.ОНРоссия;D;20160531;000000;2.652;2.66;2.45;2.528;44128000;0
Э.ОНРоссия;D;20160601;000000;2.575;2.621;2.57;2.62;25979000;0
Э.ОНРоссия;D;20160602;000000;2.631;2.646;2.595;2.595;11676000;0
Э.ОНРоссия;D;20160603;000000;2.596;2.64;2.59;2.629;38638000;0
Э.ОНРоссия;D;20160606;000000;2.641;2.641;2.608;2.617;18235000;0
Э.ОНРоссия;D;20160607;000000;2.619;2.661;2.618;2.644;25950000;0
Э.ОНРоссия;D;20160608;000000;2.642;2.677;2.635;2.672;45788000;0
Э.ОНРоссия;D;20160609;000000;2.67;2.693;2.666;2.68;13074000;0
Э.ОНРоссия;D;20160610;000000;2.669;2.691;2.643;2.671;13885000;0
Э.ОНРоссия;D;20160614;000000;2.651;2.687;2.651;2.675;11776000;0
Э.ОНРоссия;D;20160615;000000;2.675;2.707;2.666;2.705;32676000;0
Э.ОНРоссия;D;20160616;000000;2.681;2.724;2.681;2.721;15836000;0
Э.ОНРоссия;D;20160617;000000;2.725;2.745;2.72;2.745;19976000;0
Э.ОНРоссия;D;20160620;000000;2.745;2.774;2.73;2.765;19972000;0
Э.ОНРоссия;D;20160621;000000;2.772;2.772;2.741;2.75;8936000;0
Э.ОНРоссия;D;20160622;000000;2.766;2.789;2.73;2.73;17976000;0
Э.ОНРоссия;D;20160623;000000;2.744;2.774;2.714;2.739;11198000;0
Э.ОНРоссия;D;20160624;000000;2.7;2.749;2.65;2.714;20517000;0
Э.ОНРоссия;D;20160627;000000;2.712;2.738;2.705;2.73;13231000;0
Э.ОНРоссия;D;20160628;000000;2.739;2.74;2.726;2.726;14967000;0
Э.ОНРоссия;D;20160629;000000;2.731;2.75;2.718;2.739;22176000;0
Э.ОНРоссия;D;20160630;000000;2.748;2.765;2.736;2.749;36361000;0
Э.ОНРоссия;D;20160701;000000;2.598;2.619;2.51;2.604;26293000;0
