<TICKER>;<PER>;<DATE>;<TIME>;<OPEN>;<HIGH>;<LOW>;<CLOSE>;<VOL>;<OPENINT>
X5;D;20180201;0;2200.0;2225.5;2082.5;2110.0;179977;0
X5;D;20180202;0;2129.0;2130.0;2015.0;2052.0;129069;0
X5;D;20180205;0;2070.0;2090.0;2013.0;2089.5;67260;0
X5;D;20180206;0;2060.0;2088.5;2005.0;2070.0;60393;0
X5;D;20180207;0;2020.0;2117.0;2020.0;2090.0;22826;0
X5;D;20180208;0;2090.0;2195.0;2060.0;2134.0;32091;0
X5;D;20180209;0;2064.0;2120.0;2035.0;2046.0;28724;0
X5;D;20180212;0;2065.0;2125.0;2052.5;2100.5;11486;0
X5;D;20180213;0;2150.0;2150.0;2091.0;2140.0;27529;0
X5;D;20180214;0;2149.5;2172.0;2142.5;2150.5;28268;0
X5;D;20180215;0;2150.5;2155.0;2112.0;2144.0;22475;0
X5;D;20180216;0;2157.5;2260.0;2080.0;2130.0;55935;0
X5;D;20180219;0;2209.0;2209.0;2060.0;2079.5;41100;0
X5;D;20180220;0;2075.0;2075.5;1941.5;1979.5;83633;0
X5;D;20180221;0;1979.5;2019.5;1905.5;1958.0;44033;0
X5;D;20180222;0;1958.0;2030.0;1930.0;1996.5;52056;0
X5;D;20180226;0;2020.0;2035.0;2003.0;2017.0;13766;0
X5;D;20180227;0;2034.0;2034.0;2003.5;2017.0;3936;0
X5;D;20180228;0;2006.5;2029.0;2002.5;2015.0;13954;0
X5;D;20180301;0;2023.5;2040.0;1994.5;2040.0;56625;0
X5;D;20180302;0;2020.0;2044.5;1969.5;2000.5;93981;0
X5;D;20180305;0;2006.5;2050.0;1980.0;2016.0;41937;0
X5;D;20180306;0;2001.5;2032.5;1930.0;1943.5;140872;0
X5;D;20180307;0;1957.5;1960.0;1920.0;1946.5;155042;0
X5;D;20180309;0;1935.0;1968.0;1935.0;1955.5;102546;0
X5;D;20180312;0;1965.5;1980.0;1937.0;1960.5;84376;0
X5;D;20180313;0;1975.0;1975.0;1905.0;1910.0;122430;0
X5;D;20180314;0;1922.0;1922.5;1867.0;1885.5;112525;0
X5;D;20180315;0;1861.0;1965.0;1850.0;1965.0;165872;0
X5;D;20180316;0;1948.5;1966.5;1926.0;1965.0;126067;0
X5;D;20180319;0;1965.0;1981.5;1894.5;1915.0;102842;0
X5;D;20180320;0;1910.0;1917.0;1878.5;1891.0;118732;0
X5;D;20180321;0;1890.0;1936.0;1875.0;1920.0;165885;0
X5;D;20180322;0;1930.0;1946.0;1861.0;1875.0;128810;0
X5;D;20180323;0;1865.0;1900.0;1800.0;1858.0;153519;0
X5;D;20180326;0;1858.5;1862.5;1809.5;1811.0;113558;0
X5;D;20180327;0;1821.0;1849.0;1800.0;1846.5;86284;0
X5;D;20180328;0;1847.0;1847.0;1801.5;1838.5;88536;0
X5;D;20180329;0;1845.0;2019.0;1830.5;1932.0;337733;0
X5;D;20180330;0;1965.0;1978.0;1927.0;1932.0;50449;0
X5;D;20180402;0;1947.0;1965.0;1913.5;1949.5;30725;0
X5;D;20180403;0;1950.0;1961.5;1919.0;1948.0;130619;0
X5;D;20180404;0;1958.0;1959.0;1927.5;1959.0;81702;0
X5;D;20180405;0;1960.0;2050.0;1946.0;2050.0;152747;0
X5;D;20180406;0;2030.0;2069.5;2000.0;2025.0;98551;0
X5;D;20180409;0;2020.0;2022.0;1730.0;1892.5;341118;0
X5;D;20180410;0;1884.5;1973.5;1865.5;1937.0;236848;0
X5;D;20180411;0;1923.5;1965.0;1812.0;1875.0;192975;0
X5;D;20180412;0;1880.0;1948.0;1850.0;1913.5;194148;0
X5;D;20180413;0;1907.5;1940.0;1881.5;1901.0;109130;0
X5;D;20180416;0;1857.0;1938.0;1855.0;1930.0;96075;0
X5;D;20180417;0;1942.0;2056.5;1896.5;1969.0;174543;0
X5;D;20180418;0;1961.5;2100.0;1960.5;2055.0;142706;0
X5;D;20180419;0;2061.0;2095.0;1960.5;1974.0;108519;0
X5;D;20180420;0;1974.5;1995.5;1952.0;1974.5;79574;0
X5;D;20180423;0;1974.5;1993.5;1908.0;1940.0;178232;0
X5;D;20180424;0;1940.0;1953.0;1901.5;1906.5;111331;0
X5;D;20180425;0;1909.5;1909.5;1780.5;1800.0;432634;0
X5;D;20180426;0;1809.0;1809.0;1654.0;1740.0;770133;0
X5;D;20180427;0;1741.0;1825.0;1741.0;1800.0;185365;0
X5;D;20180428;0;1823.5;1823.5;1770.0;1803.5;21756;0
X5;D;20180430;0;1800.5;1825.0;1781.0;1795.5;52230;0
X5;D;20180502;0;1798.0;1840.5;1782.5;1815.0;74041;0
X5;D;20180503;0;1815.0;1837.0;1790.0;1801.0;59101;0
X5;D;20180504;0;1808.5;1835.0;1797.5;1835.0;59933;0
X5;D;20180507;0;1836.0;1861.0;1834.5;1856.5;86924;0
X5;D;20180508;0;1849.0;1900.0;1829.0;1845.0;196097;0
X5;D;20180510;0;1853.0;1885.0;1780.0;1802.0;182542;0
X5;D;20180511;0;1804.0;1822.0;1785.5;1799.5;239508;0
X5;D;20180514;0;1820.0;1867.5;1800.0;1854.0;252156;0
X5;D;20180515;0;1917.0;1953.5;1875.0;1911.0;1000504;0
X5;D;20180516;0;1911.0;1934.0;1897.0;1917.5;550751;0
X5;D;20180517;0;1924.5;1930.0;1896.0;1925.0;492665;0
X5;D;20180518;0;1917.0;1925.0;1874.0;1880.0;537811;0
X5;D;20180521;0;1880.0;1904.5;1860.0;1864.5;583111;0
X5;D;20180522;0;1874.5;1874.5;1817.5;1844.0;420684;0
X5;D;20180523;0;1849.0;1881.0;1837.5;1871.5;433312;0
X5;D;20180524;0;1805.5;1814.5;1792.0;1813.0;539020;0
X5;D;20180525;0;1819.0;1878.5;1800.0;1844.5;586334;0
X5;D;20180528;0;1845.0;1925.0;1845.0;1915.0;659229;0
X5;D;20180529;0;1915.0;1916.5;1783.0;1840.0;1271627;0
X5;D;20180530;0;1848.5;1848.5;1760.0;1785.0;1360737;0
X5;D;20180531;0;1797.5;1808.0;1725.0;1808.0;7111058;0
X5;D;20180601;0;1789.0;1800.0;1748.0;1748.0;534262;0
X5;D;20180604;0;1757.0;1783.0;1754.5;1771.0;304590;0
X5;D;20180605;0;1757.5;1780.0;1751.5;1770.0;143111;0
X5;D;20180606;0;1770.0;1790.0;1754.5;1758.5;836680;0
X5;D;20180607;0;1764.5;1789.0;1743.5;1743.5;289422;0
X5;D;20180608;0;1750.0;1750.0;1652.0;1675.0;393233;0
X5;D;20180609;0;1690.5;1690.5;1671.5;1683.5;10036;0
X5;D;20180611;0;1683.0;1727.0;1670.5;1675.5;120447;0
X5;D;20180613;0;1684.0;1694.0;1650.5;1650.5;178547;0
X5;D;20180614;0;1650.5;1675.0;1617.0;1645.5;128204;0
X5;D;20180615;0;1646.0;1670.0;1627.5;1627.5;220646;0
X5;D;20180618;0;1626.5;1664.5;1615.0;1645.0;193231;0
X5;D;20180619;0;1634.0;1694.0;1633.0;1682.0;165698;0
X5;D;20180620;0;1695.5;1746.5;1677.0;1730.0;179186;0
X5;D;20180621;0;1746.5;1795.0;1730.5;1770.0;184271;0
X5;D;20180622;0;1766.0;1780.0;1726.5;1729.0;155552;0
X5;D;20180625;0;1710.5;1792.5;1710.5;1766.5;156785;0
X5;D;20180626;0;1768.0;1790.0;1713.5;1743.0;101417;0
X5;D;20180627;0;1759.5;1773.5;1687.5;1690.0;234185;0
X5;D;20180628;0;1690.5;1720.5;1672.0;1673.5;119871;0
X5;D;20180629;0;1685.0;1727.0;1660.5;1727.0;186346;0
X5;D;20180702;0;1690.0;1700.0;1661.0;1687.0;101058;0
X5;D;20180703;0;1688.0;1688.0;1617.0;1617.5;201129;0
X5;D;20180704;0;1621.0;1681.0;1612.5;1645.5;155889;0
X5;D;20180705;0;1645.0;1700.0;1641.0;1700.0;171196;0
X5;D;20180706;0;1699.0;1700.0;1658.0;1685.0;105522;0
X5;D;20180709;0;1693.0;1765.0;1654.0;1751.5;239847;0
X5;D;20180710;0;1780.0;1780.0;1742.5;1780.0;118940;0
X5;D;20180711;0;1769.5;1775.5;1710.0;1715.5;100963;0
X5;D;20180712;0;1723.0;1744.0;1706.5;1721.0;61260;0
X5;D;20180713;0;1720.5;1758.0;1711.0;1758.0;71336;0
X5;D;20180716;0;1758.0;1765.0;1712.0;1760.0;84274;0
X5;D;20180717;0;1741.0;1769.0;1710.0;1767.0;126505;0
X5;D;20180718;0;1767.5;1884.5;1753.0;1840.0;398320;0
X5;D;20180719;0;1840.0;1870.0;1735.0;1768.0;263560;0
X5;D;20180720;0;1768.0;1768.0;1680.0;1691.5;127808;0
X5;D;20180723;0;1680.0;1738.0;1680.0;1738.0;75772;0
X5;D;20180724;0;1725.0;1763.5;1712.0;1734.0;71611;0
X5;D;20180725;0;1724.5;1747.5;1707.0;1720.0;72257;0
X5;D;20180726;0;1703.0;1761.0;1701.0;1758.5;106939;0
X5;D;20180727;0;1748.0;1765.0;1706.0;1727.5;63737;0
X5;D;20180730;0;1727.0;1728.0;1684.0;1728.0;78163;0
X5;D;20180731;0;1703.0;1706.5;1670.0;1680.0;113468;0
X5;D;20180801;0;1682.0;1731.0;1680.0;1731.0;89516;0
X5;D;20180802;0;1721.0;1727.0;1700.0;1700.0;47920;0
X5;D;20180803;0;1695.0;1710.0;1660.0;1682.5;116340;0
X5;D;20180806;0;1683.5;1715.5;1666.5;1707.0;64677;0
X5;D;20180807;0;1686.5;1725.0;1685.0;1710.0;76686;0
X5;D;20180808;0;1710.0;1719.0;1661.0;1719.0;116953;0
X5;D;20180809;0;1714.0;1727.0;1645.5;1672.0;182822;0
X5;D;20180810;0;1666.0;1670.5;1582.0;1617.0;194138;0
X5;D;20180813;0;1605.0;1624.0;1551.0;1624.0;345843;0
X5;D;20180814;0;1623.0;1682.5;1578.0;1583.0;336429;0
X5;D;20180815;0;1578.5;1599.0;1531.0;1577.0;226628;0
X5;D;20180816;0;1574.5;1583.0;1531.0;1540.5;166135;0
X5;D;20180817;0;1541.0;1595.0;1537.5;1571.0;151964;0
X5;D;20180820;0;1576.0;1606.0;1564.0;1590.5;59048;0
X5;D;20180821;0;1612.5;1612.5;1581.0;1607.0;95193;0
X5;D;20180822;0;1609.5;1611.5;1579.0;1608.0;95561;0
X5;D;20180823;0;1600.0;1624.5;1556.0;1556.0;114330;0
X5;D;20180824;0;1556.0;1584.0;1542.0;1575.0;95410;0
X5;D;20180827;0;1568.0;1581.0;1550.0;1580.0;25453;0
X5;D;20180828;0;1579.5;1579.5;1523.5;1532.0;206341;0
X5;D;20180829;0;1536.0;1554.5;1523.0;1540.5;107670;0
X5;D;20180830;0;1550.0;1562.0;1520.0;1529.5;103717;0
X5;D;20180831;0;1520.5;1590.0;1510.5;1590.0;244976;0
X5;D;20180903;0;1583.5;1588.0;1555.0;1572.0;54745;0
X5;D;20180904;0;1572.0;1588.0;1567.0;1576.0;67242;0
X5;D;20180905;0;1566.0;1582.5;1545.0;1545.0;54034;0
X5;D;20180906;0;1552.0;1570.0;1529.0;1558.5;54186;0
X5;D;20180907;0;1541.0;1575.0;1541.0;1563.0;32131;0
X5;D;20180910;0;1576.5;1585.0;1553.5;1569.5;36194;0
X5;D;20180911;0;1552.0;1557.5;1489.0;1512.0;168376;0
X5;D;20180912;0;1515.5;1516.0;1446.0;1474.5;130974;0
X5;D;20180913;0;1488.5;1544.0;1470.5;1540.0;171278;0
X5;D;20180914;0;1515.5;1595.0;1510.0;1595.0;155752;0
X5;D;20180917;0;1595.5;1645.0;1595.0;1645.0;92469;0
X5;D;20180918;0;1640.0;1665.5;1605.5;1638.0;86014;0
X5;D;20180919;0;1622.0;1659.5;1606.5;1625.0;86742;0
X5;D;20180920;0;1638.0;1713.0;1634.5;1671.0;320462;0
X5;D;20180921;0;1668.0;1692.5;1649.5;1685.0;273134;0
X5;D;20180924;0;1685.0;1701.0;1610.0;1616.5;66035;0
X5;D;20180925;0;1616.5;1640.0;1615.0;1630.5;55346;0
X5;D;20180926;0;1640.0;1640.0;1573.0;1573.0;73454;0
X5;D;20180927;0;1573.0;1581.5;1426.5;1515.5;338345;0
X5;D;20180928;0;1500.0;1510.0;1475.0;1481.5;101563;0
X5;D;20181001;0;1482.0;1493.0;1430.5;1437.0;155266;0
X5;D;20181002;0;1448.0;1459.0;1400.0;1412.0;112181;0
X5;D;20181003;0;1407.0;1431.0;1399.0;1411.0;83161;0
X5;D;20181004;0;1411.5;1446.5;1402.5;1424.0;96333;0
X5;D;20181005;0;1420.0;1429.5;1388.5;1390.0;92465;0
X5;D;20181008;0;1403.0;1412.0;1377.0;1378.0;83595;0
X5;D;20181009;0;1380.0;1397.0;1337.5;1353.0;108726;0
X5;D;20181010;0;1341.0;1373.5;1317.5;1319.0;130130;0
X5;D;20181011;0;1300.0;1320.0;1277.5;1287.0;216304;0
X5;D;20181012;0;1294.0;1382.0;1294.0;1382.0;123170;0
X5;D;20181015;0;1381.0;1397.0;1346.5;1362.0;115876;0
X5;D;20181016;0;1363.0;1386.5;1352.0;1373.5;94842;0
X5;D;20181017;0;1374.0;1459.5;1374.0;1442.0;159804;0
X5;D;20181018;0;1462.5;1462.5;1402.5;1420.5;132661;0
X5;D;20181019;0;1421.0;1449.0;1399.0;1434.5;128692;0
X5;D;20181022;0;1444.5;1474.5;1427.0;1442.0;78425;0
X5;D;20181023;0;1442.0;1458.0;1410.0;1442.5;76075;0
X5;D;20181024;0;1442.0;1574.0;1442.0;1532.0;345234;0
X5;D;20181025;0;1525.5;1594.5;1496.0;1555.0;142131;0
X5;D;20181026;0;1540.5;1540.5;1496.0;1530.0;84150;0
X5;D;20181029;0;1540.0;1568.0;1473.0;1534.0;49641;0
X5;D;20181030;0;1529.5;1570.0;1500.0;1562.5;72032;0
X5;D;20181031;0;1559.5;1597.0;1524.0;1539.0;115386;0
X5;D;20181101;0;1539.0;1598.5;1513.0;1598.5;105747;0
X5;D;20181102;0;1599.0;1655.0;1580.5;1614.5;88263;0
X5;D;20181106;0;1599.5;1642.5;1599.5;1629.5;49552;0
X5;D;20181107;0;1605.5;1663.5;1605.5;1640.0;74185;0
X5;D;20181108;0;1636.0;1657.5;1610.0;1610.0;49827;0
X5;D;20181109;0;1607.0;1629.5;1563.0;1610.5;101085;0
X5;D;20181112;0;1620.0;1626.0;1560.5;1577.5;39350;0
X5;D;20181113;0;1562.0;1615.0;1554.0;1554.0;62202;0
X5;D;20181114;0;1559.0;1595.0;1521.0;1535.5;75920;0
X5;D;20181115;0;1549.5;1605.0;1532.5;1583.5;64204;0
X5;D;20181116;0;1576.0;1600.0;1547.5;1565.0;68248;0
X5;D;20181119;0;1549.0;1599.0;1544.5;1558.5;51997;0
X5;D;20181120;0;1567.5;1649.5;1495.5;1513.5;66965;0
X5;D;20181121;0;1497.5;1564.5;1497.5;1558.5;50970;0
X5;D;20181122;0;1535.5;1586.5;1535.0;1583.0;41631;0
X5;D;20181123;0;1565.0;1606.5;1551.5;1606.5;81924;0
X5;D;20181126;0;1595.0;1629.0;1535.0;1597.0;85403;0
X5;D;20181127;0;1590.0;1656.0;1575.5;1656.0;60146;0
X5;D;20181128;0;1657.0;1745.0;1655.5;1721.5;122681;0
X5;D;20181129;0;1722.0;1795.0;1676.5;1710.0;174556;0
X5;D;20181130;0;1767.5;1773.5;1678.0;1725.0;264971;0
X5;D;20181203;0;1730.0;1790.0;1717.0;1742.5;116013;0
X5;D;20181204;0;1742.5;1743.5;1645.0;1667.5;155737;0
X5;D;20181205;0;1635.0;1660.0;1600.5;1619.0;238743;0
X5;D;20181206;0;1618.0;1630.0;1585.0;1610.5;116567;0
X5;D;20181207;0;1608.5;1673.5;1592.0;1635.0;159645;0
X5;D;20181210;0;1628.5;1654.5;1584.0;1584.0;72008;0
X5;D;20181211;0;1597.5;1599.5;1557.5;1577.5;76123;0
X5;D;20181212;0;1583.5;1583.5;1557.0;1576.0;50999;0
X5;D;20181213;0;1585.5;1633.5;1565.5;1618.5;85265;0
X5;D;20181214;0;1600.5;1640.0;1593.0;1640.0;50975;0
X5;D;20181217;0;1627.5;1660.0;1612.0;1656.5;59989;0
X5;D;20181218;0;1630.0;1721.5;1623.5;1719.5;179412;0
X5;D;20181219;0;1705.0;1779.0;1696.0;1774.0;110203;0
X5;D;20181220;0;1753.0;1800.0;1685.0;1800.0;165759;0
X5;D;20181221;0;1789.5;1805.0;1721.0;1805.0;149671;0
X5;D;20181224;0;1805.0;1811.0;1700.0;1700.0;42535;0
X5;D;20181225;0;1700.0;1701.5;1615.0;1646.5;45906;0
X5;D;20181226;0;1640.0;1685.0;1640.0;1680.0;50850;0
X5;D;20181227;0;1694.0;1710.0;1661.5;1691.5;84359;0
X5;D;20181228;0;1708.0;1746.5;1700.0;1746.5;40967;0
X5;D;20181229;0;1749.5;1750.0;1725.0;1725.0;6340;0
X5;D;20190103;0;1749.5;1823.0;1672.0;1823.0;69643;0
X5;D;20190104;0;1819.5;1874.0;1801.5;1868.0;92029;0
X5;D;20190108;0;1865.5;1865.5;1802.5;1822.0;127595;0
X5;D;20190109;0;1822.5;1843.5;1777.5;1792.0;135981;0
X5;D;20190110;0;1799.5;1800.0;1747.0;1759.5;114576;0
X5;D;20190111;0;1768.0;1780.5;1743.5;1760.0;140800;0
X5;D;20190114;0;1760.0;1765.0;1727.5;1765.0;73994;0
X5;D;20190115;0;1765.0;1800.0;1757.5;1772.5;88708;0
X5;D;20190116;0;1782.5;1790.5;1730.0;1759.0;69305;0
X5;D;20190117;0;1759.0;1794.0;1690.0;1721.5;132470;0
X5;D;20190118;0;1720.5;1795.0;1693.0;1783.0;161482;0
X5;D;20190121;0;1783.0;1814.0;1768.5;1770.0;79402;0
X5;D;20190122;0;1769.0;1829.5;1747.0;1822.5;123612;0
X5;D;20190123;0;1823.0;1835.5;1798.0;1811.0;221714;0
X5;D;20190124;0;1809.0;1861.0;1786.0;1834.0;169230;0
X5;D;20190125;0;1842.0;1854.0;1789.0;1820.5;71336;0
X5;D;20190128;0;1820.0;1820.0;1769.0;1785.0;66202;0
X5;D;20190129;0;1776.5;1787.0;1755.0;1760.0;65983;0
X5;D;20190130;0;1758.0;1776.0;1730.0;1740.0;139029;0
X5;D;20190131;0;1749.0;1786.0;1702.0;1715.5;153016;0
X5;D;20190201;0;1720.0;1752.0;1706.0;1748.5;81402;0
X5;D;20190204;0;1755.5;1775.0;1721.0;1721.0;89848;0
X5;D;20190205;0;1734.0;1766.5;1715.0;1760.0;72767;0
X5;D;20190206;0;1760.0;1805.0;1738.5;1793.0;110895;0
X5;D;20190207;0;1790.5;1812.0;1780.0;1801.0;65963;0
X5;D;20190208;0;1800.0;1822.0;1793.5;1821.5;40685;0
X5;D;20190211;0;1812.5;1825.0;1776.0;1792.0;50544;0
X5;D;20190212;0;1785.0;1818.0;1775.0;1803.5;50663;0
X5;D;20190213;0;1803.5;1803.5;1738.5;1759.5;117817;0
X5;D;20190214;0;1741.5;1775.0;1732.5;1762.5;86230;0
X5;D;20190215;0;1762.5;1800.0;1756.0;1800.0;94604;0
X5;D;20190218;0;1795.0;1805.0;1778.0;1796.0;28638;0
X5;D;20190219;0;1804.0;1804.5;1761.0;1773.0;54371;0
X5;D;20190220;0;1784.0;1828.5;1783.0;1828.5;84866;0
X5;D;20190221;0;1830.0;1833.5;1801.0;1817.0;87513;0
X5;D;20190222;0;1815.0;1815.0;1790.5;1811.5;45583;0
X5;D;20190225;0;1802.0;1808.5;1772.5;1781.5;72853;0
X5;D;20190226;0;1775.5;1791.0;1730.0;1755.5;183209;0
X5;D;20190227;0;1749.0;1749.0;1695.0;1704.5;112376;0
X5;D;20190228;0;1704.5;1709.0;1660.0;1676.5;201432;0
X5;D;20190301;0;1680.0;1680.0;1626.0;1663.0;156551;0
X5;D;20190304;0;1652.0;1679.5;1649.5;1665.0;64144;0
X5;D;20190305;0;1657.5;1664.5;1627.5;1636.0;48100;0
X5;D;20190306;0;1630.0;1681.0;1630.0;1674.0;95267;0
X5;D;20190307;0;1675.0;1688.5;1640.0;1644.0;48748;0
X5;D;20190311;0;1644.5;1695.5;1644.5;1686.5;101565;0
X5;D;20190312;0;1691.0;1714.0;1670.5;1698.0;70806;0
X5;D;20190313;0;1706.5;1713.0;1643.0;1646.5;113496;0
X5;D;20190314;0;1650.0;1662.0;1609.5;1616.5;127067;0
X5;D;20190315;0;1624.0;1637.5;1591.5;1592.5;155570;0
X5;D;20190318;0;1598.5;1645.0;1582.5;1635.0;156322;0
X5;D;20190319;0;1639.0;1648.0;1605.0;1605.0;106597;0
X5;D;20190320;0;1607.0;1635.5;1551.5;1607.5;317583;0
X5;D;20190321;0;1605.0;1625.0;1589.0;1608.0;233681;0
X5;D;20190322;0;1607.0;1607.0;1576.5;1604.0;116193;0
X5;D;20190325;0;1600.0;1627.0;1575.0;1617.5;89645;0
X5;D;20190326;0;1623.0;1686.5;1611.0;1681.0;144527;0
X5;D;20190327;0;1688.0;1689.5;1632.0;1632.0;81313;0
X5;D;20190328;0;1645.0;1657.0;1628.0;1637.5;71065;0
X5;D;20190329;0;1638.0;1663.0;1627.0;1637.0;127273;0
X5;D;20190401;0;1645.5;1678.5;1625.0;1654.0;67802;0
X5;D;20190402;0;1665.0;1677.5;1643.0;1654.0;85084;0
X5;D;20190403;0;1665.0;1689.0;1657.5;1657.5;78005;0
X5;D;20190404;0;1669.0;1670.0;1639.0;1670.0;61285;0
X5;D;20190405;0;1670.0;1670.0;1640.5;1659.0;43659;0
X5;D;20190408;0;1645.0;1660.0;1629.5;1655.5;72770;0
X5;D;20190409;0;1655.0;1664.5;1632.0;1664.5;94640;0
X5;D;20190410;0;1669.0;1670.0;1636.0;1650.0;77071;0
X5;D;20190411;0;1655.0;1655.0;1633.0;1633.0;53466;0
X5;D;20190412;0;1642.0;1655.0;1625.5;1640.5;76410;0
X5;D;20190415;0;1638.0;1644.0;1630.0;1633.5;36652;0
X5;D;20190416;0;1634.0;1650.0;1626.0;1633.0;64529;0
X5;D;20190417;0;1642.0;1728.0;1636.0;1728.0;152070;0
X5;D;20190418;0;1730.0;1768.0;1694.5;1768.0;118868;0
X5;D;20190419;0;1762.0;1780.0;1743.5;1762.5;27957;0
X5;D;20190422;0;1763.0;1790.0;1755.5;1758.5;21516;0
X5;D;20190423;0;1762.5;1835.0;1762.0;1804.0;112127;0
X5;D;20190424;0;1806.0;1810.0;1777.5;1810.0;85680;0
X5;D;20190425;0;1791.5;1922.5;1791.5;1910.0;249695;0
X5;D;20190426;0;1910.0;1912.0;1866.5;1912.0;75890;0
X5;D;20190429;0;1900.0;1945.0;1868.0;1894.5;41105;0
X5;D;20190430;0;1907.0;1963.0;1875.0;1963.0;117145;0
X5;D;20190502;0;1974.0;1974.5;1924.0;1967.0;47300;0
X5;D;20190503;0;1970.0;2018.5;1957.0;1999.5;82023;0
X5;D;20190506;0;2000.0;2000.0;1931.5;1970.0;49331;0
X5;D;20190507;0;1966.0;1998.0;1965.0;1983.0;58338;0
X5;D;20190508;0;1969.5;1993.5;1927.0;1927.0;103615;0
X5;D;20190510;0;1903.5;1950.0;1892.5;1896.0;99399;0
X5;D;20190513;0;1914.5;1948.0;1891.5;1904.0;110590;0
X5;D;20190514;0;1922.0;1941.0;1886.5;1908.5;130361;0
X5;D;20190515;0;1918.5;1921.5;1893.5;1897.0;102710;0
X5;D;20190516;0;1890.0;1969.5;1887.0;1943.0;153333;0
X5;D;20190517;0;1930.0;2020.0;1924.5;2000.0;155205;0
X5;D;20190520;0;2017.5;2019.5;1957.5;1995.0;98375;0
X5;D;20190521;0;2003.5;2011.0;1934.5;1952.0;78046;0
X5;D;20190522;0;1951.5;1955.0;1914.0;1933.5;88277;0
X5;D;20190523;0;1874.0;1889.5;1845.5;1857.5;131674;0
X5;D;20190524;0;1857.5;1873.5;1817.0;1828.0;72937;0
X5;D;20190527;0;1828.0;1864.0;1827.5;1857.5;23819;0
X5;D;20190528;0;1867.0;1875.5;1802.5;1847.0;297496;0
X5;D;20190529;0;1839.0;1908.0;1834.5;1901.0;113987;0
X5;D;20190530;0;1890.0;1924.5;1890.0;1924.0;99343;0
X5;D;20190531;0;1923.0;1940.5;1890.5;1922.5;77091;0
X5;D;20190603;0;1899.5;2019.0;1898.0;2010.0;101314;0
X5;D;20190604;0;1998.0;2030.0;1982.5;2005.0;85727;0
X5;D;20190605;0;1993.0;2044.0;1977.0;2033.0;84438;0
X5;D;20190606;0;2033.5;2049.5;2019.5;2045.0;65346;0
X5;D;20190607;0;2045.0;2073.0;2010.5;2040.5;72505;0
X5;D;20190610;0;2045.0;2053.5;2027.0;2049.0;43030;0
X5;D;20190611;0;2048.5;2107.0;2032.0;2093.0;206683;0
X5;D;20190613;0;2099.0;2099.5;2056.0;2098.0;103624;0
X5;D;20190614;0;2098.0;2130.5;2065.0;2066.0;89005;0
X5;D;20190617;0;2072.0;2097.0;2045.5;2052.5;98755;0
X5;D;20190618;0;2066.5;2084.0;2045.0;2071.5;105267;0
X5;D;20190619;0;2072.0;2247.5;2040.0;2074.0;59290;0
X5;D;20190620;0;2056.0;2122.0;2056.0;2090.5;277012;0
X5;D;20190621;0;2085.0;2148.0;2070.0;2130.0;153033;0
X5;D;20190624;0;2132.0;2159.0;2110.5;2159.0;68967;0
X5;D;20190625;0;2143.5;2160.0;2121.5;2154.0;73854;0
X5;D;20190626;0;2152.0;2232.0;2146.0;2221.5;128731;0
X5;D;20190627;0;2230.0;2252.5;2205.5;2235.0;84376;0
X5;D;20190628;0;2225.5;2243.5;2154.5;2177.5;67978;0
X5;D;20190701;0;2180.0;2198.5;2131.5;2136.5;53444;0
X5;D;20190702;0;2130.0;2249.0;2125.5;2240.0;136631;0
X5;D;20190703;0;2242.0;2277.0;2188.0;2258.0;93963;0
X5;D;20190704;0;2248.5;2257.5;2216.5;2230.5;73322;0
X5;D;20190705;0;2225.5;2254.0;2211.5;2254.0;52147;0
X5;D;20190708;0;2245.0;2246.5;2192.0;2220.0;92761;0
X5;D;20190709;0;2210.0;2218.5;2160.0;2179.5;59724;0
X5;D;20190710;0;2187.5;2215.5;2153.5;2215.5;76028;0
X5;D;20190711;0;2217.5;2217.5;2143.5;2171.0;69665;0
X5;D;20190712;0;2173.5;2210.0;2169.0;2197.0;59908;0
X5;D;20190715;0;2210.0;2234.5;2185.0;2210.0;55046;0
X5;D;20190716;0;2209.0;2252.0;2202.0;2249.0;101737;0
X5;D;20190717;0;2239.0;2249.5;2184.5;2192.0;78823;0
X5;D;20190718;0;2193.0;2227.5;2185.5;2188.0;79911;0
X5;D;20190719;0;2207.5;2223.0;2180.0;2180.0;67948;0
X5;D;20190722;0;2187.0;2197.0;2101.0;2101.0;82773;0
X5;D;20190723;0;2118.0;2152.0;2102.0;2136.5;57422;0
X5;D;20190724;0;2148.5;2149.5;2116.5;2129.5;47971;0
X5;D;20190725;0;2129.5;2162.0;2112.5;2140.0;77766;0
X5;D;20190726;0;2144.0;2150.0;2101.0;2118.5;101786;0
X5;D;20190729;0;2134.0;2148.5;2101.0;2101.5;75042;0
X5;D;20190730;0;2119.5;2121.5;2074.5;2110.5;45696;0
X5;D;20190731;0;2091.0;2127.5;2072.0;2100.5;111721;0
X5;D;20190801;0;2109.5;2174.5;2100.0;2165.5;92340;0
X5;D;20190802;0;2130.0;2177.0;2106.0;2136.0;127071;0
X5;D;20190805;0;2148.0;2148.5;2056.0;2058.0;145765;0
X5;D;20190806;0;2078.5;2091.5;2064.5;2072.0;99827;0
X5;D;20190807;0;2088.0;2100.0;2036.0;2042.0;86650;0
X5;D;20190808;0;2050.0;2097.5;2044.0;2044.0;112741;0
X5;D;20190809;0;2045.0;2077.0;2045.0;2056.5;55501;0
X5;D;20190812;0;2064.0;2100.0;2061.0;2090.0;59713;0
X5;D;20190813;0;2096.5;2124.0;2081.5;2095.5;89180;0
X5;D;20190814;0;2109.0;2125.0;2073.0;2073.0;115428;0
X5;D;20190815;0;2092.5;2172.5;2091.0;2126.0;163272;0
X5;D;20190816;0;2148.0;2174.0;2118.5;2118.5;123079;0
X5;D;20190819;0;2139.5;2180.0;2124.0;2125.0;242943;0
X5;D;20190820;0;2125.0;2193.5;2000.0;2146.5;301696;0
X5;D;20190821;0;2146.5;2219.0;2121.5;2218.0;209046;0
X5;D;20190822;0;2204.5;2222.5;2192.5;2194.5;91342;0
X5;D;20190823;0;2216.5;2216.5;2153.0;2153.0;80406;0
X5;D;20190826;0;2149.5;2200.5;2125.5;2160.0;46422;0
X5;D;20190827;0;2160.0;2203.5;2107.0;2148.5;254643;0
X5;D;20190828;0;2136.0;2168.0;2127.0;2158.0;73061;0
X5;D;20190829;0;2158.0;2232.0;2146.0;2232.0;106623;0
X5;D;20190830;0;2225.5;2304.0;2205.0;2298.5;178099;0
X5;D;20190902;0;2282.5;2322.0;2260.5;2302.5;105719;0
X5;D;20190903;0;2276.0;2312.0;2231.5;2267.0;122081;0
X5;D;20190904;0;2265.5;2300.0;2242.0;2242.0;98662;0
X5;D;20190905;0;2242.5;2300.0;2242.5;2300.0;105437;0
X5;D;20190906;0;2301.0;2304.0;2260.0;2287.0;76285;0
X5;D;20190909;0;2287.0;2304.0;2266.5;2304.0;40149;0
X5;D;20190910;0;2284.0;2320.0;2277.0;2319.5;80919;0
X5;D;20190911;0;2312.0;2390.0;2312.0;2390.0;137157;0
X5;D;20190912;0;2366.0;2375.0;2318.5;2369.0;106698;0
X5;D;20190913;0;2358.0;2358.0;2309.0;2340.0;80801;0
X5;D;20190916;0;2331.5;2349.0;2299.0;2334.5;102823;0
X5;D;20190917;0;2312.0;2337.0;2296.5;2308.0;109785;0
X5;D;20190918;0;2311.5;2315.5;2230.5;2275.0;209292;0
X5;D;20190919;0;2275.0;2275.5;2245.0;2262.0;143246;0
X5;D;20190920;0;2262.0;2267.0;2200.0;2218.0;255692;0
X5;D;20190923;0;2218.0;2221.0;2190.5;2200.5;73880;0
X5;D;20190924;0;2216.5;2269.0;2197.5;2220.5;153025;0
X5;D;20190925;0;2207.5;2242.5;2187.5;2206.0;131449;0
X5;D;20190926;0;2224.0;2283.5;2200.5;2263.5;150513;0
X5;D;20190927;0;2267.0;2287.0;2226.5;2226.5;77652;0
X5;D;20190930;0;2235.0;2282.0;2223.5;2279.0;86113;0
X5;D;20191001;0;2279.0;2320.5;2275.0;2318.0;93388;0
X5;D;20191002;0;2306.5;2315.5;2232.5;2261.5;80589;0
X5;D;20191003;0;2262.0;2275.5;2145.5;2155.0;148194;0
X5;D;20191004;0;2169.0;2212.0;2137.0;2158.0;139365;0
X5;D;20191007;0;2158.0;2158.0;2077.0;2092.0;119589;0
X5;D;20191008;0;2097.5;2113.0;2072.0;2106.5;66336;0
X5;D;20191009;0;2104.0;2104.0;2080.5;2095.0;88384;0
X5;D;20191010;0;2099.5;2099.5;2068.0;2068.0;86193;0
X5;D;20191011;0;2082.5;2082.5;1992.5;2007.0;160814;0
X5;D;20191014;0;2016.0;2018.5;1982.0;1999.0;103047;0
X5;D;20191015;0;1991.5;2041.5;1980.0;2040.0;103657;0
X5;D;20191016;0;2039.5;2047.0;2022.5;2040.0;84510;0
X5;D;20191017;0;2049.5;2083.5;2012.0;2020.0;187507;0
X5;D;20191018;0;2024.0;2050.0;2011.0;2044.5;114341;0
X5;D;20191021;0;2036.5;2048.5;1941.5;1963.0;301997;0
X5;D;20191022;0;1970.0;2055.0;1917.5;2044.5;601969;0
X5;D;20191023;0;2053.5;2132.0;1974.0;2003.0;323695;0
X5;D;20191024;0;2003.0;2037.0;1981.0;2030.0;200154;0
X5;D;20191025;0;2038.0;2081.5;1961.0;1991.0;186590;0
X5;D;20191028;0;1989.0;2070.0;1979.5;2069.0;227539;0
X5;D;20191029;0;2070.0;2089.0;2037.5;2080.0;154513;0
X5;D;20191030;0;2078.5;2124.0;2050.0;2124.0;204821;0
X5;D;20191031;0;2120.0;2147.0;2102.0;2147.0;118238;0
X5;D;20191101;0;2142.5;2197.0;2131.0;2168.0;235353;0
X5;D;20191105;0;2194.0;2250.0;2194.0;2230.0;176128;0
X5;D;20191106;0;2230.5;2269.0;2205.0;2269.0;167612;0
X5;D;20191107;0;2246.5;2270.0;2245.0;2265.0;144210;0
X5;D;20191108;0;2262.5;2265.0;2203.0;2230.0;109134;0
X5;D;20191111;0;2228.0;2243.0;2182.0;2205.5;98862;0
X5;D;20191112;0;2202.0;2241.5;2185.0;2221.0;89447;0
X5;D;20191113;0;2212.5;2247.5;2171.5;2224.0;110737;0
X5;D;20191114;0;2224.5;2230.0;2155.0;2194.5;192585;0
X5;D;20191115;0;2184.0;2210.0;2154.5;2157.5;72281;0
X5;D;20191118;0;2161.5;2185.5;2138.0;2170.5;86784;0
X5;D;20191119;0;2162.0;2209.0;2156.5;2171.0;102060;0
X5;D;20191120;0;2166.5;2173.5;2140.5;2150.5;73781;0
X5;D;20191121;0;2146.0;2146.0;2085.0;2119.5;132958;0
X5;D;20191122;0;2123.5;2155.5;2103.0;2149.0;111296;0
X5;D;20191125;0;2150.0;2172.0;2133.5;2160.0;93903;0
X5;D;20191126;0;2173.0;2173.0;2120.0;2124.5;300551;0
X5;D;20191127;0;2134.0;2150.0;2111.5;2142.5;112758;0
X5;D;20191128;0;2143.0;2143.5;2105.0;2115.0;56485;0
X5;D;20191129;0;2117.5;2145.5;2098.0;2144.0;85087;0
X5;D;20191202;0;2144.0;2159.5;2085.0;2087.5;110034;0
X5;D;20191203;0;2097.0;2097.0;2040.5;2056.0;111026;0
X5;D;20191204;0;2043.5;2074.5;2037.0;2061.0;84459;0
X5;D;20191205;0;2061.0;2071.5;2037.5;2055.0;74711;0
X5;D;20191206;0;2046.0;2090.0;2046.0;2090.0;76076;0
X5;D;20191209;0;2090.0;2122.0;2070.0;2117.5;91107;0
X5;D;20191210;0;2118.5;2134.0;2090.0;2132.5;122908;0
X5;D;20191211;0;2132.0;2199.0;2119.5;2181.0;143359;0
X5;D;20191212;0;2181.0;2242.0;2181.0;2232.5;207548;0
X5;D;20191213;0;2242.0;2248.5;2215.5;2237.5;119281;0
X5;D;20191216;0;2237.5;2238.0;2154.0;2154.0;235826;0
X5;D;20191217;0;2159.0;2208.5;2140.0;2147.0;195720;0
X5;D;20191218;0;2142.0;2175.5;2130.0;2165.0;107913;0
X5;D;20191219;0;2155.0;2170.0;2095.0;2110.0;253223;0
X5;D;20191220;0;2117.0;2117.0;2055.5;2082.0;159185;0
X5;D;20191223;0;2086.0;2113.0;2085.0;2111.0;92869;0
X5;D;20191224;0;2110.0;2120.0;2103.0;2118.5;57307;0
X5;D;20191225;0;2118.0;2126.5;2082.0;2105.5;64117;0
X5;D;20191226;0;2105.5;2109.0;2091.5;2094.5;69747;0
X5;D;20191227;0;2100.0;2137.5;2094.5;2131.0;113394;0
X5;D;20191230;0;2130.0;2134.5;2106.5;2134.5;120760;0
X5;D;20200103;0;2135.5;2139.5;2100.0;2130.5;122058;0
X5;D;20200106;0;2130.0;2130.0;2069.0;2119.0;140720;0
X5;D;20200108;0;2105.5;2110.5;2089.0;2109.0;100484;0
X5;D;20200109;0;2099.5;2152.0;2092.0;2152.0;171730;0
X5;D;20200110;0;2152.0;2205.0;2115.0;2202.0;242715;0
X5;D;20200113;0;2197.0;2209.5;2161.5;2209.5;87859;0
X5;D;20200114;0;2209.5;2224.5;2150.0;2150.5;219745;0
X5;D;20200115;0;2150.5;2163.5;2087.5;2095.0;334146;0
X5;D;20200116;0;2105.0;2114.0;2090.0;2100.5;203146;0
X5;D;20200117;0;2105.0;2113.0;2085.0;2110.0;204788;0
X5;D;20200120;0;2110.0;2124.5;2081.0;2089.5;379114;0
X5;D;20200121;0;2089.5;2102.5;2061.0;2098.0;285265;0
X5;D;20200122;0;2110.0;2153.0;2098.5;2150.5;540487;0
X5;D;20200123;0;2149.0;2168.0;2100.0;2167.0;258406;0
X5;D;20200124;0;2167.0;2192.5;2137.0;2192.5;253323;0
X5;D;20200127;0;2170.0;2236.5;2140.0;2228.0;330561;0
X5;D;20200128;0;2230.0;2241.5;2191.0;2205.0;242887;0
X5;D;20200129;0;2215.0;2273.0;2170.0;2264.5;218983;0
X5;D;20200130;0;2260.0;2356.0;2230.5;2354.5;272883;0
X5;D;20200131;0;2354.5;2377.0;2330.5;2335.0;186596;0
X5;D;20200203;0;2330.5;2375.5;2315.5;2339.5;294637;0
X5;D;20200204;0;2350.0;2364.5;2312.0;2323.5;281211;0
X5;D;20200205;0;2323.5;2324.0;2267.0;2283.5;329673;0
X5;D;20200206;0;2270.0;2308.0;2251.0;2269.5;194052;0
X5;D;20200207;0;2274.5;2284.0;2218.5;2236.0;108655;0
X5;D;20200210;0;2238.5;2247.5;2175.0;2175.0;119252;0
X5;D;20200211;0;2188.0;2258.5;2144.0;2166.5;257728;0
X5;D;20200212;0;2176.0;2195.0;2128.0;2187.0;280198;0
X5;D;20200213;0;2185.5;2198.0;2155.5;2177.0;165975;0
X5;D;20200214;0;2177.5;2187.5;2143.5;2152.0;198791;0
X5;D;20200217;0;2150.0;2174.0;2135.0;2164.0;114601;0
X5;D;20200218;0;2164.0;2186.5;2150.5;2172.5;159250;0
X5;D;20200219;0;2172.5;2256.5;2166.5;2256.5;134739;0
X5;D;20200220;0;2251.0;2269.5;2222.0;2241.5;140692;0
X5;D;20200221;0;2232.0;2281.5;2223.0;2252.0;93813;0
X5;D;20200225;0;2223.0;2264.5;2156.0;2156.0;203732;0
X5;D;20200226;0;2151.5;2225.0;2110.0;2168.5;324646;0
X5;D;20200227;0;2165.0;2180.0;2081.0;2102.5;248181;0
X5;D;20200228;0;2070.0;2139.5;1893.0;2070.5;622734;0
X5;D;20200302;0;2111.5;2166.0;2023.0;2061.0;657900;0
X5;D;20200303;0;2077.0;2139.0;2045.5;2088.0;224358;0
X5;D;20200304;0;2074.5;2116.0;2032.0;2093.0;225320;0
X5;D;20200305;0;2108.5;2124.5;2073.0;2119.0;201018;0
X5;D;20200306;0;2112.5;2112.5;1998.0;2000.0;296292;0
X5;D;20200310;0;1900.0;1954.0;1810.5;1835.0;831830;0
X5;D;20200311;0;1874.0;1908.0;1824.0;1862.5;305405;0
X5;D;20200312;0;1820.0;1851.0;1632.5;1643.0;387187;0
X5;D;20200313;0;1639.5;1836.5;1609.5;1760.5;426547;0
X5;D;20200316;0;1740.0;1868.0;1707.0;1761.5;300642;0
X5;D;20200317;0;1797.5;1833.5;1634.5;1647.0;423338;0
X5;D;20200318;0;1680.0;1824.0;1670.5;1702.0;650065;0
X5;D;20200319;0;1702.0;1818.5;1695.0;1737.5;733783;0
X5;D;20200320;0;1775.0;2045.5;1775.0;1951.5;740517;0
X5;D;20200323;0;1991.5;2120.0;1851.0;2065.5;558546;0
X5;D;20200324;0;2098.0;2258.0;2075.0;2084.0;709760;0
X5;D;20200325;0;2087.0;2150.0;1897.5;1974.0;652768;0
X5;D;20200326;0;1989.5;2035.0;1904.0;2006.5;379731;0
X5;D;20200327;0;2021.0;2021.0;1930.0;1978.0;245930;0
X5;D;20200330;0;1980.0;2047.5;1960.0;2020.0;288590;0
X5;D;20200331;0;2020.5;2135.0;2020.5;2091.5;421391;0
X5;D;20200401;0;2080.0;2157.5;2036.5;2135.0;329028;0
X5;D;20200402;0;2140.0;2500.0;2080.5;2182.5;319769;0
X5;D;20200403;0;2183.0;2249.5;2120.0;2230.0;315018;0
X5;D;20200406;0;2249.0;2346.0;2247.0;2346.0;296151;0
X5;D;20200407;0;2362.0;2432.0;2220.0;2255.5;512986;0
X5;D;20200408;0;2259.0;2290.0;2183.0;2290.0;407923;0
X5;D;20200409;0;2302.5;2305.5;2234.0;2275.0;248100;0
X5;D;20200410;0;2253.0;2257.5;2215.0;2224.0;81820;0
X5;D;20200413;0;2200.0;2239.0;2152.0;2170.0;172832;0
X5;D;20200414;0;2187.0;2227.0;2126.0;2169.5;405791;0
X5;D;20200415;0;2168.0;2180.5;2082.5;2106.5;180233;0
X5;D;20200416;0;2120.0;2171.0;2080.0;2154.5;328618;0
X5;D;20200417;0;2176.0;2210.0;2105.0;2113.0;230726;0
X5;D;20200420;0;2119.5;2151.0;2070.5;2081.0;173096;0
X5;D;20200421;0;2073.5;2144.5;2028.5;2130.5;442464;0
X5;D;20200422;0;2131.0;2232.0;2130.5;2218.0;422946;0
X5;D;20200423;0;2225.0;2237.0;2175.0;2205.0;220506;0
X5;D;20200424;0;2209.5;2212.5;2132.0;2147.0;294198;0
X5;D;20200427;0;2160.0;2201.0;2151.5;2184.0;118454;0
X5;D;20200428;0;2180.0;2240.0;2171.5;2195.0;381006;0
X5;D;20200429;0;2200.0;2210.0;2175.0;2198.0;209825;0
X5;D;20200430;0;2202.5;2222.0;2173.0;2200.5;197416;0
X5;D;20200504;0;2178.0;2225.0;2159.5;2207.0;250900;0
X5;D;20200505;0;2222.0;2237.0;2182.0;2184.5;125198;0
X5;D;20200506;0;2192.5;2192.5;2138.0;2163.5;212349;0
X5;D;20200507;0;2164.0;2240.0;2146.0;2238.0;311427;0
X5;D;20200508;0;2260.0;2270.0;2218.5;2227.0;146573;0
X5;D;20200512;0;2225.5;2258.5;2206.0;2215.0;152660;0
X5;D;20200513;0;2215.5;2235.0;2175.5;2217.0;156836;0
X5;D;20200514;0;2215.0;2227.5;2176.5;2216.0;252422;0
X5;D;20200515;0;2222.0;2245.5;2151.0;2151.0;245965;0
X5;D;20200518;0;2161.5;2212.0;2161.5;2212.0;185843;0
X5;D;20200519;0;2220.5;2225.5;2167.5;2186.5;220562;0
X5;D;20200520;0;2187.0;2206.0;2170.5;2181.5;325836;0
X5;D;20200521;0;2188.5;2207.0;2171.5;2207.0;250403;0
X5;D;20200522;0;2186.0;2209.0;2182.0;2192.5;226216;0
X5;D;20200525;0;2204.0;2248.0;2200.0;2237.0;149961;0
X5;D;20200526;0;2250.0;2254.0;2207.0;2224.0;409135;0
X5;D;20200527;0;2236.0;2239.0;2193.0;2239.0;428537;0
X5;D;20200528;0;2149.0;2195.0;2135.0;2189.5;352135;0
X5;D;20200529;0;2190.0;2190.0;2080.0;2089.0;936925;0
X5;D;20200601;0;2037.0;2128.0;2037.0;2103.5;313647;0
X5;D;20200602;0;2119.0;2180.0;2106.5;2180.0;297034;0
X5;D;20200603;0;2180.5;2185.0;2131.5;2163.0;297989;0
X5;D;20200604;0;2162.5;2162.5;2100.0;2125.0;270781;0
X5;D;20200605;0;2137.0;2154.0;2093.5;2126.0;290137;0
X5;D;20200608;0;2130.0;2140.0;2105.5;2120.0;268793;0
X5;D;20200609;0;2123.0;2130.5;2052.0;2070.5;377209;0
X5;D;20200610;0;2075.0;2204.5;2070.5;2188.5;999620;0
X5;D;20200611;0;2175.0;2421.0;2166.0;2345.0;1230716;0
X5;D;20200615;0;2352.0;2398.0;2280.0;2329.5;473644;0
X5;D;20200616;0;2350.0;2369.5;2305.0;2320.5;265086;0
X5;D;20200617;0;2300.5;2337.0;2260.0;2260.0;183621;0
X5;D;20200618;0;2250.5;2289.0;2232.0;2267.0;391759;0
X5;D;20200619;0;2270.5;2289.5;2235.5;2282.5;252948;0
X5;D;20200622;0;2276.5;2362.5;2222.0;2351.0;335494;0
X5;D;20200623;0;2341.5;2375.0;2325.0;2369.0;189628;0
X5;D;20200625;0;2343.0;2429.0;2343.0;2419.0;345110;0
X5;D;20200626;0;2420.0;2492.0;2420.0;2482.0;306022;0
X5;D;20200629;0;2486.0;2540.0;2460.5;2518.0;220670;0
X5;D;20200630;0;2494.0;2564.0;2490.0;2502.0;236283;0
X5;D;20200702;0;2502.5;2535.0;2502.5;2512.5;156587;0
X5;D;20200703;0;2515.0;2576.5;2500.0;2566.0;86700;0
X5;D;20200706;0;2571.0;2660.0;2545.0;2606.5;219488;0
X5;D;20200707;0;2601.5;2679.0;2587.5;2608.5;263486;0
X5;D;20200708;0;2615.0;2615.0;2523.0;2537.5;182069;0
X5;D;20200709;0;2558.5;2558.5;2461.5;2509.0;347297;0
X5;D;20200710;0;2508.5;2549.5;2460.0;2549.5;154920;0
X5;D;20200713;0;2536.5;2578.0;2474.0;2509.5;119698;0
X5;D;20200714;0;2497.5;2507.0;2430.5;2475.0;196734;0
X5;D;20200715;0;2491.0;2505.5;2455.5;2493.0;180077;0
X5;D;20200716;0;2502.5;2541.0;2444.0;2541.0;177845;0
X5;D;20200717;0;2544.5;2564.0;2504.5;2521.5;192041;0
X5;D;20200720;0;2521.0;2521.0;2475.0;2518.0;215431;0
X5;D;20200721;0;2520.0;2665.0;2520.0;2654.5;342767;0
X5;D;20200722;0;2661.0;2739.5;2640.5;2709.0;257000;0
X5;D;20200723;0;2727.5;2785.0;2713.5;2780.0;138167;0
X5;D;20200724;0;2777.5;2796.5;2720.5;2790.0;168910;0
X5;D;20200727;0;2790.0;2798.0;2760.0;2780.0;144775;0
X5;D;20200728;0;2760.5;2869.0;2760.5;2869.0;201653;0
X5;D;20200729;0;2870.0;2870.0;2794.5;2839.5;175357;0
X5;D;20200730;0;2850.0;2875.0;2770.0;2790.0;147700;0
X5;D;20200731;0;2795.5;2824.5;2772.5;2780.0;88167;0
X5;D;20200803;0;2780.0;2829.5;2601.0;2770.0;92578;0
X5;D;20200804;0;2805.0;2822.5;2770.0;2820.0;106676;0
X5;D;20200805;0;2827.0;2838.5;2797.0;2827.0;177709;0
X5;D;20200806;0;2839.5;2850.0;2812.0;2849.0;99070;0
X5;D;20200807;0;2845.5;2859.0;2820.0;2844.5;111949;0
X5;D;20200810;0;2840.5;2877.5;2804.0;2837.0;95026;0
X5;D;20200811;0;2827.0;2860.0;2802.0;2815.0;139353;0
X5;D;20200812;0;2818.5;2840.0;2751.0;2802.0;221021;0
X5;D;20200813;0;2804.5;2889.0;2804.5;2865.5;363871;0
X5;D;20200814;0;2875.0;2887.0;2806.0;2828.0;193531;0
X5;D;20200817;0;2838.0;2838.0;2785.5;2822.5;129272;0
X5;D;20200818;0;2810.5;2838.0;2775.0;2820.0;167640;0
X5;D;20200819;0;2829.0;2882.0;2795.0;2806.0;205924;0
X5;D;20200820;0;2807.0;2830.0;2788.0;2818.0;68433;0
X5;D;20200821;0;2829.5;2834.0;2772.5;2790.0;128663;0
X5;D;20200824;0;2790.5;2875.0;2790.5;2866.0;143600;0
X5;D;20200825;0;2868.5;2884.5;2821.0;2846.0;69237;0
X5;D;20200826;0;2839.0;2853.0;2820.0;2837.0;80063;0
X5;D;20200827;0;2840.0;2840.0;2766.0;2774.0;167808;0
X5;D;20200828;0;2796.0;2796.0;2690.0;2713.0;145901;0
X5;D;20200831;0;2724.5;2750.0;2663.0;2674.0;369247;0
X5;D;20200901;0;2706.0;2706.0;2577.0;2622.0;276689;0
X5;D;20200902;0;2604.0;2704.5;2591.5;2661.0;213588;0
X5;D;20200903;0;2684.5;2684.5;2626.5;2658.0;146983;0
X5;D;20200904;0;2663.5;2694.0;2623.0;2672.0;110152;0
X5;D;20200907;0;2679.0;2679.0;2622.0;2639.5;116295;0
X5;D;20200908;0;2639.5;2709.5;2627.0;2683.0;257531;0
X5;D;20200909;0;2675.0;2700.0;2585.0;2603.0;173171;0
X5;D;20200910;0;2591.0;2620.5;2585.0;2608.5;109949;0
X5;D;20200911;0;2617.5;2619.5;2561.5;2597.5;184637;0
X5;D;20200914;0;2613.5;2648.5;2593.5;2623.0;138960;0
X5;D;20200915;0;2637.0;2700.0;2608.0;2697.0;253929;0
X5;D;20200916;0;2699.5;2727.0;2643.0;2682.5;222125;0
X5;D;20200917;0;2662.0;2826.0;2662.0;2809.5;505699;0
X5;D;20200918;0;2810.0;2861.0;2786.0;2821.5;303264;0
X5;D;20200921;0;2828.0;2850.0;2806.0;2841.5;253875;0
X5;D;20200922;0;2824.0;2960.0;2824.0;2893.0;235832;0
X5;D;20200923;0;2901.0;3050.0;2870.0;2954.5;379355;0
X5;D;20200924;0;2979.0;3031.0;2947.0;2999.5;304521;0
X5;D;20200925;0;2990.5;3009.5;2928.0;2965.0;230544;0
X5;D;20200928;0;2982.5;3015.0;2921.0;2959.0;159013;0
X5;D;20200929;0;2950.0;2960.0;2895.0;2937.0;151293;0
X5;D;20200930;0;2928.5;2947.0;2870.5;2887.5;129657;0
X5;D;20201001;0;2887.5;2902.5;2806.0;2841.5;168089;0
X5;D;20201002;0;2844.0;2897.5;2832.0;2870.0;101960;0
X5;D;20201005;0;2890.0;2938.5;2850.5;2915.0;165766;0
X5;D;20201006;0;2930.0;2937.5;2880.0;2907.5;115095;0
X5;D;20201007;0;2892.5;2904.0;2815.5;2868.5;205080;0
X5;D;20201008;0;2881.0;2905.0;2834.0;2845.0;77164;0
X5;D;20201009;0;2859.5;2865.0;2810.0;2825.0;111196;0
X5;D;20201012;0;2834.5;2955.0;2821.0;2955.0;209536;0
X5;D;20201013;0;2939.5;2988.0;2873.0;2880.0;169870;0
X5;D;20201014;0;2897.5;3036.5;2884.5;3031.5;235822;0
X5;D;20201015;0;3038.0;3052.0;2963.0;3005.0;180744;0
X5;D;20201016;0;2991.5;3087.0;2990.0;3070.0;252725;0
X5;D;20201019;0;3081.0;3140.0;3050.5;3119.0;150850;0
X5;D;20201020;0;3119.5;3134.5;3001.0;3024.5;147063;0
X5;D;20201021;0;3030.0;3030.0;2944.0;2964.5;184746;0
X5;D;20201022;0;2964.0;2989.0;2926.0;2969.0;159280;0
X5;D;20201023;0;2972.0;2996.5;2930.0;2994.5;156434;0
X5;D;20201026;0;2999.0;3087.0;2840.5;2882.5;398247;0
X5;D;20201027;0;2861.5;2914.0;2782.5;2824.5;447007;0
X5;D;20201028;0;2829.5;2847.5;2701.5;2797.0;442730;0
X5;D;20201029;0;2838.5;2838.5;2741.0;2781.0;203298;0
X5;D;20201030;0;2775.0;2820.0;2701.0;2776.5;192842;0
X5;D;20201102;0;2788.0;2878.0;2729.0;2856.0;185301;0
X5;D;20201103;0;2826.5;2893.5;2788.0;2840.0;249146;0
X5;D;20201105;0;2855.0;2890.5;2804.5;2829.0;528365;0
X5;D;20201106;0;2819.0;2866.5;2804.0;2846.5;233182;0
X5;D;20201109;0;2860.5;2897.5;2804.0;2841.0;571570;0
X5;D;20201110;0;2861.0;2875.0;2774.5;2822.0;280218;0
X5;D;20201111;0;2805.0;2829.0;2658.0;2733.5;445159;0
X5;D;20201112;0;2734.0;2815.5;2700.0;2784.5;425739;0
X5;D;20201113;0;2800.0;2810.0;2740.0;2776.5;182404;0
X5;D;20201116;0;2798.0;2812.0;2755.0;2772.0;307718;0
X5;D;20201117;0;2772.0;2784.0;2703.0;2729.5;217955;0
X5;D;20201118;0;2738.5;2748.5;2700.0;2729.0;277163;0
X5;D;20201119;0;2746.5;2747.0;2700.0;2720.0;221255;0
X5;D;20201120;0;2706.0;2725.0;2657.5;2675.0;304017;0
X5;D;20201123;0;2673.5;2709.0;2606.0;2637.0;527780;0
X5;D;20201124;0;2639.5;2649.5;2590.0;2612.0;462713;0
X5;D;20201125;0;2614.5;2635.0;2580.0;2633.0;437471;0
X5;D;20201126;0;2641.0;2734.5;2634.5;2727.0;856063;0
X5;D;20201127;0;2739.5;2799.0;2727.0;2775.0;580742;0
X5;D;20201130;0;2769.5;2824.5;2710.0;2746.5;893247;0
X5;D;20201201;0;2749.5;2840.0;2740.0;2814.0;484422;0
X5;D;20201202;0;2810.5;2860.0;2793.0;2829.0;314941;0
X5;D;20201203;0;2839.5;2850.0;2758.0;2783.5;280759;0
X5;D;20201204;0;2795.5;2820.0;2765.5;2786.0;251007;0
X5;D;20201207;0;2782.0;2809.0;2772.0;2772.0;191189;0
X5;D;20201208;0;2786.5;2787.0;2702.5;2737.5;414119;0
X5;D;20201209;0;2740.0;2858.0;2726.5;2830.5;822012;0
X5;D;20201210;0;2837.0;2888.0;2837.0;2860.5;551317;0
X5;D;20201211;0;2870.0;2886.0;2825.0;2858.0;362671;0
X5;D;20201214;0;2865.0;2905.5;2837.0;2890.0;527289;0
X5;D;20201215;0;2883.0;2904.0;2847.0;2889.5;334571;0
X5;D;20201216;0;2899.5;2909.0;2810.0;2831.5;471406;0
X5;D;20201217;0;2783.5;2800.0;2741.0;2766.5;660566;0
X5;D;20201218;0;2770.0;2771.5;2720.0;2740.0;319047;0
X5;D;20201221;0;2747.0;2770.0;2653.0;2688.0;459750;0
X5;D;20201222;0;2683.0;2731.5;2673.5;2720.5;228258;0
X5;D;20201223;0;2730.0;2747.5;2677.5;2695.5;260639;0
X5;D;20201224;0;2707.5;2719.0;2678.0;2691.0;161169;0
X5;D;20201225;0;2700.0;2740.0;2690.0;2731.5;119472;0
X5;D;20201228;0;2734.5;2760.5;2727.0;2742.5;128312;0
X5;D;20201229;0;2740.5;2765.0;2738.0;2745.0;179721;0
X5;D;20201230;0;2753.5;2763.5;2727.5;2749.0;241138;0
X5;D;20210104;0;2753.5;2781.5;2741.5;2752.5;294903;0
X5;D;20210105;0;2765.0;2887.0;2742.0;2863.0;550600;0
X5;D;20210106;0;2873.5;2873.5;2785.0;2816.0;297220;0
X5;D;20210108;0;2823.0;2870.0;2806.5;2830.0;393114;0
X5;D;20210111;0;2813.5;2850.0;2788.0;2815.5;406672;0
X5;D;20210112;0;2806.5;2825.0;2751.0;2774.5;315196;0
X5;D;20210113;0;2765.5;2796.5;2725.5;2772.5;347685;0
X5;D;20210114;0;2770.0;2789.0;2751.0;2765.5;218620;0
X5;D;20210115;0;2761.0;2769.5;2687.0;2708.0;295249;0
X5;D;20210118;0;2700.0;2733.0;2692.5;2725.5;114927;0
X5;D;20210119;0;2729.0;2795.0;2725.0;2774.5;274056;0
X5;D;20210120;0;2775.0;2835.0;2756.0;2785.0;289565;0
X5;D;20210121;0;2799.0;2815.0;2764.0;2805.0;348660;0
X5;D;20210122;0;2800.5;2829.0;2750.0;2800.0;349749;0
X5;D;20210125;0;2804.5;2828.0;2769.0;2818.0;277336;0
X5;D;20210126;0;2805.0;2821.0;2765.0;2782.0;179718;0
X5;D;20210127;0;2785.0;2799.0;2747.0;2770.0;250878;0
X5;D;20210128;0;2760.0;2789.0;2725.0;2767.5;185048;0
X5;D;20210129;0;2765.5;2775.0;2679.5;2690.5;319988;0
X5;D;20210201;0;2707.5;2713.5;2665.0;2687.0;236423;0
X5;D;20210202;0;2690.0;2705.0;2676.5;2695.5;226668;0
X5;D;20210203;0;2689.5;2729.5;2684.0;2710.0;201487;0
X5;D;20210204;0;2705.0;2714.0;2650.0;2662.0;495289;0
X5;D;20210205;0;2678.5;2678.5;2616.5;2649.5;445644;0
X5;D;20210208;0;2644.0;2669.5;2627.5;2644.0;368461;0
X5;D;20210209;0;2659.0;2659.0;2625.5;2627.0;345476;0
X5;D;20210210;0;2634.5;2640.0;2595.5;2615.0;400017;0
X5;D;20210211;0;2618.0;2623.0;2600.5;2604.5;203079;0
X5;D;20210212;0;2612.5;2612.5;2540.0;2602.0;581320;0
X5;D;20210215;0;2607.5;2660.5;2607.5;2656.0;471378;0
X5;D;20210216;0;2661.0;2673.0;2647.0;2664.5;316035;0
X5;D;20210217;0;2664.0;2678.0;2610.0;2639.5;317666;0
X5;D;20210218;0;2639.0;2640.0;2561.5;2579.0;467323;0
X5;D;20210219;0;2583.0;2583.0;2543.0;2577.5;353388;0
X5;D;20210220;0;2573.0;2592.5;2565.0;2591.0;47220;0
X5;D;20210222;0;2590.0;2600.0;2518.0;2536.5;301177;0
X5;D;20210224;0;2540.0;2540.0;2454.0;2480.5;519965;0
X5;D;20210225;0;2483.0;2509.5;2461.5;2483.5;309532;0
X5;D;20210226;0;2485.0;2485.0;2395.0;2452.5;557504;0
X5;D;20210301;0;2463.0;2479.0;2405.0;2439.0;445625;0
X5;D;20210302;0;2429.0;2460.0;2420.0;2449.0;453088;0
X5;D;20210303;0;2455.5;2505.0;2452.5;2474.0;489253;0
X5;D;20210304;0;2477.0;2490.0;2411.0;2422.5;381061;0
X5;D;20210305;0;2426.0;2473.5;2407.0;2446.0;352974;0
X5;D;20210309;0;2446.0;2470.0;2423.0;2435.0;364602;0
X5;D;20210310;0;2435.0;2463.0;2414.0;2425.5;303507;0
X5;D;20210311;0;2436.0;2520.0;2427.5;2518.5;379341;0
X5;D;20210312;0;2513.5;2516.5;2466.0;2488.0;367737;0
X5;D;20210315;0;2488.5;2527.5;2458.0;2500.0;510161;0
X5;D;20210316;0;2515.0;2524.5;2463.5;2490.0;371702;0
X5;D;20210317;0;2490.0;2579.0;2488.0;2575.5;703152;0
X5;D;20210318;0;2571.0;2678.0;2564.0;2609.5;1096406;0
X5;D;20210319;0;2638.5;2659.0;2524.0;2545.0;1160616;0
X5;D;20210322;0;2533.0;2594.5;2457.5;2483.5;742471;0
X5;D;20210323;0;2483.0;2490.0;2422.0;2431.0;751140;0
X5;D;20210324;0;2430.0;2441.0;2403.5;2433.5;452759;0
X5;D;20210325;0;2440.0;2440.0;2381.0;2409.5;525260;0
X5;D;20210326;0;2414.0;2421.5;2372.0;2395.0;527993;0
X5;D;20210329;0;2398.0;2419.5;2372.0;2411.5;530479;0
X5;D;20210330;0;2415.0;2415.5;2382.5;2400.0;344464;0
X5;D;20210331;0;2408.0;2457.0;2381.0;2448.0;638081;0
X5;D;20210401;0;2448.0;2455.0;2420.0;2435.0;461659;0
X5;D;20210402;0;2437.5;2448.0;2425.0;2444.0;259414;0
X5;D;20210405;0;2454.5;2454.5;2426.5;2448.0;165382;0
X5;D;20210406;0;2448.5;2453.0;2382.5;2394.0;591300;0
X5;D;20210407;0;2394.0;2399.0;2363.0;2379.5;450045;0
X5;D;20210408;0;2380.5;2404.0;2357.5;2397.0;443025;0
X5;D;20210409;0;2394.0;2400.0;2368.0;2386.0;230159;0
X5;D;20210412;0;2386.0;2429.0;2369.5;2421.0;350105;0
X5;D;20210413;0;2430.5;2434.5;2381.0;2411.0;391327;0
X5;D;20210414;0;2405.0;2408.5;2373.5;2383.0;567046;0
X5;D;20210415;0;2370.5;2408.0;2370.5;2392.0;335259;0
X5;D;20210416;0;2409.0;2411.5;2378.0;2389.0;319126;0
X5;D;20210419;0;2399.0;2406.5;2385.0;2392.0;249693;0
X5;D;20210420;0;2397.0;2398.5;2347.0;2372.0;477371;0
X5;D;20210421;0;2374.0;2391.0;2349.0;2385.0;384575;0
X5;D;20210422;0;2388.5;2404.5;2370.0;2385.5;356618;0
X5;D;20210423;0;2386.0;2388.0;2365.5;2372.0;455685;0
X5;D;20210426;0;2377.5;2385.5;2344.5;2371.5;734772;0
X5;D;20210427;0;2372.0;2422.0;2351.0;2362.5;910751;0
X5;D;20210428;0;2365.0;2367.5;2350.0;2362.0;327038;0
X5;D;20210429;0;2363.0;2381.5;2341.5;2352.5;536923;0
X5;D;20210430;0;2355.5;2355.5;2310.0;2322.5;399953;0
X5;D;20210504;0;2324.0;2335.0;2278.0;2309.0;436371;0
X5;D;20210505;0;2312.0;2398.5;2308.5;2394.5;749753;0
X5;D;20210506;0;2398.5;2418.0;2364.5;2392.5;566057;0
X5;D;20210507;0;2397.0;2400.5;2365.5;2375.5;363281;0
X5;D;20210510;0;2376.5;2379.0;2355.0;2363.0;264031;0
X5;D;20210511;0;2361.5;2372.0;2343.0;2368.0;241462;0
X5;D;20210512;0;2371.0;2387.5;2351.5;2357.5;281324;0
X5;D;20210513;0;2358.0;2365.5;2316.5;2341.0;354251;0
X5;D;20210514;0;2342.0;2354.0;2330.5;2345.0;125893;0
X5;D;20210517;0;2339.0;2349.5;2303.0;2329.5;411131;0
X5;D;20210518;0;2331.5;2347.0;2311.0;2332.0;672111;0
X5;D;20210519;0;2342.5;2343.0;2245.0;2276.0;1143965;0
X5;D;20210520;0;2276.5;2277.5;2215.5;2230.0;800342;0
X5;D;20210521;0;2231.0;2287.5;2231.0;2269.5;444464;0
X5;D;20210524;0;2265.0;2284.5;2255.0;2283.5;348666;0
X5;D;20210525;0;2287.0;2291.5;2251.5;2257.0;479723;0
X5;D;20210526;0;2258.5;2274.0;2244.0;2261.0;746286;0
X5;D;20210527;0;2166.5;2214.5;2160.0;2209.0;1335911;0
X5;D;20210528;0;2209.0;2213.0;2187.5;2204.0;360147;0
X5;D;20210531;0;2215.0;2239.0;2204.5;2229.5;252527;0
X5;D;20210601;0;2231.0;2232.0;2196.5;2212.5;689906;0
X5;D;20210602;0;2215.0;2220.0;2197.0;2216.5;621795;0
X5;D;20210603;0;2217.0;2255.0;2208.5;2252.5;589143;0
X5;D;20210604;0;2259.0;2265.0;2226.5;2248.0;452932;0
X5;D;20210607;0;2259.0;2278.5;2250.5;2263.5;386229;0
X5;D;20210608;0;2264.0;2270.0;2246.0;2260.5;251546;0
X5;D;20210609;0;2258.0;2291.5;2251.0;2283.0;417796;0
X5;D;20210610;0;2283.0;2295.5;2273.0;2280.5;405887;0
X5;D;20210611;0;2279.5;2330.0;2278.5;2318.0;529412;0
X5;D;20210614;0;2329.0;2335.0;2301.0;2306.5;281569;0
X5;D;20210615;0;2309.0;2311.5;2267.0;2299.0;373171;0
X5;D;20210616;0;2301.5;2352.5;2293.0;2332.5;687193;0
X5;D;20210617;0;2329.0;2396.5;2325.0;2380.0;863895;0
X5;D;20210618;0;2380.0;2395.0;2347.0;2374.5;628264;0
X5;D;20210621;0;2351.5;2418.0;2345.5;2413.0;548316;0
X5;D;20210622;0;2415.0;2428.0;2388.5;2410.0;374895;0
X5;D;20210623;0;2412.0;2445.0;2403.0;2426.0;650151;0
X5;D;20210624;0;2423.0;2462.0;2418.0;2444.0;555318;0
X5;D;20210625;0;2454.0;2507.0;2449.5;2495.5;740084;0
X5;D;20210628;0;2486.0;2546.5;2486.0;2539.5;492675;0
X5;D;20210629;0;2541.0;2578.0;2522.5;2560.5;905343;0
X5;D;20210630;0;2545.0;2583.0;2453.0;2533.0;748783;0
X5;D;20210701;0;2530.0;2572.0;2530.0;2556.5;521988;0
X5;D;20210702;0;2557.5;2590.0;2544.5;2563.5;436628;0
X5;D;20210705;0;2555.0;2584.5;2551.0;2575.0;315133;0
X5;D;20210706;0;2578.0;2590.0;2551.0;2562.0;531154;0
X5;D;20210707;0;2570.0;2574.0;2503.0;2513.0;434931;0
X5;D;20210708;0;2513.0;2518.0;2457.5;2495.5;652125;0
X5;D;20210709;0;2500.0;2504.5;2466.5;2479.0;235152;0
X5;D;20210712;0;2480.0;2489.0;2462.5;2487.5;165589;0
X5;D;20210713;0;2483.5;2489.0;2441.0;2483.5;364913;0
X5;D;20210714;0;2485.5;2487.0;2441.5;2457.5;341689;0
X5;D;20210715;0;2450.0;2474.0;2421.5;2435.0;298196;0
X5;D;20210716;0;2440.0;2458.0;2379.5;2390.0;398860;0
X5;D;20210719;0;2395.0;2399.0;2350.5;2372.5;401016;0
X5;D;20210720;0;2371.5;2385.0;2354.0;2375.5;299448;0
X5;D;20210721;0;2380.0;2383.5;2323.0;2339.5;188412;0
X5;D;20210722;0;2347.0;2347.5;2301.0;2343.5;404709;0
X5;D;20210723;0;2346.5;2350.0;2306.5;2340.0;278750;0
X5;D;20210726;0;2340.0;2346.0;2315.5;2330.0;259204;0
X5;D;20210727;0;2333.0;2340.5;2312.0;2326.0;443289;0
X5;D;20210728;0;2312.0;2384.5;2312.0;2375.0;379409;0
X5;D;20210729;0;2377.0;2400.0;2343.5;2395.0;401119;0
X5;D;20210730;0;2390.0;2410.0;2365.0;2378.0;243466;0
X5;D;20210802;0;2398.0;2401.0;2376.0;2386.0;233893;0
X5;D;20210803;0;2400.0;2410.0;2365.0;2399.0;292458;0
X5;D;20210804;0;2400.0;2422.0;2376.0;2386.5;291840;0
X5;D;20210805;0;2387.0;2420.0;2375.0;2420.0;211547;0
X5;D;20210806;0;2420.0;2422.0;2380.0;2388.5;219101;0
X5;D;20210809;0;2382.0;2404.0;2375.0;2390.0;153443;0
X5;D;20210810;0;2393.0;2440.0;2390.0;2438.5;369214;0
X5;D;20210811;0;2445.0;2474.0;2422.0;2458.5;357647;0
X5;D;20210812;0;2458.5;2472.5;2434.0;2456.5;208103;0
X5;D;20210813;0;2455.0;2488.0;2431.0;2451.5;732897;0
X5;D;20210816;0;2441.0;2449.0;2378.0;2418.0;512739;0
X5;D;20210817;0;2416.0;2492.5;2414.5;2466.5;467223;0
X5;D;20210818;0;2467.0;2505.0;2466.0;2490.0;183367;0
X5;D;20210819;0;2473.5;2529.0;2462.0;2502.0;444107;0
X5;D;20210820;0;2502.0;2529.0;2455.5;2492.0;213959;0
X5;D;20210823;0;2500.0;2508.0;2472.0;2494.5;256379;0
X5;D;20210824;0;2490.0;2526.0;2490.0;2518.5;276894;0
X5;D;20210825;0;2518.5;2525.0;2469.5;2482.5;404701;0
X5;D;20210826;0;2492.0;2492.0;2435.0;2444.0;449565;0
X5;D;20210827;0;2445.0;2480.0;2436.5;2473.0;262200;0
X5;D;20210830;0;2473.0;2484.0;2462.0;2465.0;140933;0
X5;D;20210831;0;2474.0;2474.5;2413.0;2420.5;459724;0
X5;D;20210901;0;2445.0;2471.0;2425.5;2463.5;355188;0
X5;D;20210902;0;2463.0;2475.0;2411.0;2419.5;403931;0
X5;D;20210903;0;2420.0;2432.0;2380.0;2395.5;392760;0
X5;D;20210906;0;2387.0;2433.5;2387.0;2415.5;423061;0
X5;D;20210907;0;2415.5;2420.0;2358.0;2393.0;835168;0
X5;D;20210908;0;2395.0;2414.5;2386.0;2394.5;255161;0
X5;D;20210909;0;2401.5;2401.5;2350.5;2355.0;453129;0
X5;D;20210910;0;2360.0;2371.5;2314.0;2323.5;684610;0
X5;D;20210913;0;2335.0;2359.0;2293.0;2355.5;494353;0
X5;D;20210914;0;2361.0;2361.0;2293.5;2314.0;570051;0
X5;D;20210915;0;2314.5;2332.5;2295.5;2317.5;385920;0
X5;D;20210916;0;2317.5;2343.0;2303.0;2339.0;450425;0
X5;D;20210917;0;2345.5;2359.5;2315.0;2329.5;623629;0
X5;D;20210920;0;2320.0;2327.0;2277.5;2291.0;411100;0
X5;D;20210921;0;2308.0;2340.5;2300.0;2323.5;391460;0
X5;D;20210922;0;2325.0;2335.5;2306.5;2316.0;468230;0
X5;D;20210923;0;2325.0;2353.0;2320.5;2346.0;374602;0
X5;D;20210924;0;2346.0;2376.0;2339.0;2373.0;285564;0
X5;D;20210927;0;2379.0;2386.5;2350.0;2354.5;255165;0
X5;D;20210928;0;2357.0;2370.0;2324.5;2344.5;426074;0
X5;D;20210929;0;2338.5;2397.0;2337.0;2370.0;465637;0
X5;D;20210930;0;2374.5;2376.0;2344.0;2352.0;385312;0
X5;D;20211001;0;2341.0;2348.0;2327.5;2336.0;173283;0
X5;D;20211004;0;2334.5;2347.5;2290.0;2332.5;513633;0
X5;D;20211005;0;2316.5;2359.0;2306.5;2346.0;362215;0
X5;D;20211006;0;2351.0;2395.0;2332.0;2388.5;607089;0
X5;D;20211007;0;2390.0;2446.0;2382.5;2426.0;468344;0
X5;D;20211008;0;2422.0;2449.5;2400.5;2416.5;282470;0
X5;D;20211011;0;2416.5;2442.5;2399.5;2423.5;214486;0
X5;D;20211012;0;2400.0;2428.5;2400.0;2407.5;152386;0
X5;D;20211013;0;2407.5;2463.5;2402.5;2459.5;345563;0
X5;D;20211014;0;2460.0;2469.0;2423.5;2430.5;280379;0
X5;D;20211015;0;2435.0;2439.0;2358.5;2377.0;594549;0
X5;D;20211018;0;2379.0;2379.0;2330.5;2349.0;339980;0
X5;D;20211019;0;2339.0;2387.5;2337.5;2380.0;339660;0
X5;D;20211020;0;2380.0;2390.0;2355.0;2385.0;190818;0
X5;D;20211021;0;2388.0;2388.0;2344.0;2362.0;253664;0
X5;D;20211022;0;2362.0;2411.0;2356.5;2388.5;398940;0
X5;D;20211025;0;2400.0;2477.0;2394.0;2470.0;948697;0
X5;D;20211026;0;2470.0;2492.5;2424.5;2443.0;711294;0
X5;D;20211027;0;2443.0;2494.0;2431.5;2474.0;574982;0
X5;D;20211028;0;2474.0;2483.0;2387.0;2423.5;851842;0
X5;D;20211029;0;2413.0;2420.0;2390.0;2409.0;235570;0
X5;D;20211101;0;2395.5;2438.5;2355.0;2422.5;542496;0
X5;D;20211102;0;2422.0;2447.0;2406.0;2410.0;244121;0
X5;D;20211103;0;2419.5;2434.0;2393.0;2420.0;353237;0
X5;D;20211105;0;2430.0;2430.0;2384.0;2390.0;338418;0
X5;D;20211108;0;2405.0;2445.0;2395.5;2417.0;336827;0
X5;D;20211109;0;2417.0;2474.5;2407.5;2455.5;625296;0
X5;D;20211110;0;2464.5;2470.0;2436.5;2442.5;235499;0
X5;D;20211111;0;2450.0;2462.5;2415.5;2430.5;355800;0
X5;D;20211112;0;2431.0;2456.0;2368.0;2401.0;668642;0
X5;D;20211115;0;2401.0;2407.0;2377.5;2390.0;328160;0
X5;D;20211116;0;2399.5;2407.0;2350.5;2362.5;387526;0
X5;D;20211117;0;2368.5;2369.5;2338.0;2344.5;294665;0
X5;D;20211118;0;2344.5;2349.0;2262.0;2291.0;887536;0
X5;D;20211119;0;2294.0;2310.5;2235.5;2249.0;908319;0
X5;D;20211122;0;2249.0;2249.0;2175.0;2205.5;799149;0
X5;D;20211123;0;2214.0;2219.5;2157.0;2195.0;712718;0
X5;D;20211124;0;2200.5;2228.5;2165.5;2176.0;514341;0
X5;D;20211125;0;2181.0;2199.5;2141.5;2180.0;595642;0
X5;D;20211126;0;2164.0;2175.5;2073.0;2088.0;911434;0
X5;D;20211129;0;2096.0;2116.0;2035.0;2060.0;779104;0
X5;D;20211130;0;2051.0;2106.0;2025.0;2073.0;832290;0
X5;D;20211201;0;2080.0;2149.5;2080.0;2116.0;676239;0
X5;D;20211202;0;2128.0;2152.0;2111.0;2131.0;280413;0
X5;D;20211203;0;2139.0;2143.5;2076.0;2085.0;646881;0
X5;D;20211206;0;2085.5;2121.0;2049.5;2082.5;393262;0
X5;D;20211207;0;2090.0;2109.5;2063.0;2091.5;411310;0
X5;D;20211208;0;2099.5;2139.0;2082.0;2101.5;601702;0
X5;D;20211209;0;2109.0;2135.0;2101.0;2133.5;344007;0
X5;D;20211210;0;2136.0;2136.0;2077.5;2098.0;311161;0
X5;D;20211213;0;2099.0;2118.5;2032.5;2037.5;408159;0
X5;D;20211214;0;2038.5;2067.0;1899.5;2057.0;781853;0
X5;D;20211215;0;2057.0;2115.0;2035.0;2082.0;741812;0
X5;D;20211216;0;2023.0;2053.5;2003.0;2011.0;787374;0
X5;D;20211217;0;2014.0;2031.5;1997.0;2031.0;337179;0
X5;D;20211220;0;2029.0;2029.5;1947.0;1972.5;481603;0
X5;D;20211221;0;1980.0;2007.5;1946.0;1970.0;475113;0
X5;D;20211222;0;1977.0;2001.5;1956.0;1989.0;417521;0
X5;D;20211223;0;1999.5;1999.5;1925.0;1930.0;466667;0
X5;D;20211224;0;1933.0;1949.0;1907.0;1946.0;246594;0
X5;D;20211227;0;1949.5;1957.0;1923.5;1947.0;380406;0
X5;D;20211228;0;1949.5;1954.0;1923.5;1926.0;481085;0
X5;D;20211229;0;1926.0;1949.5;1914.0;1924.0;300983;0
X5;D;20211230;0;1925.5;1965.5;1920.0;1959.5;652274;0
X5;D;20220103;0;1962.5;1996.5;1957.5;1994.0;250932;0
X5;D;20220104;0;1990.0;2037.0;1986.0;2019.0;416702;0
X5;D;20220105;0;2019.0;2049.5;1953.0;1966.5;386304;0
X5;D;20220106;0;1967.0;2027.0;1960.0;1991.5;386897;0
X5;D;20220110;0;2000.0;2022.0;1990.5;2010.0;283409;0
X5;D;20220111;0;2048.0;2048.0;1992.0;2001.5;309593;0
X5;D;20220112;0;2001.5;2025.5;1991.5;2011.5;437399;0
X5;D;20220113;0;2013.5;2018.0;1903.0;1923.5;722957;0
X5;D;20220114;0;1927.5;1942.5;1806.0;1885.0;909203;0
X5;D;20220117;0;1892.0;1899.5;1827.0;1859.5;603164;0
X5;D;20220118;0;1860.0;1873.0;1686.5;1759.5;1144595;0
X5;D;20220119;0;1776.0;1829.0;1691.5;1770.0;1057644;0
X5;D;20220120;0;1770.0;1829.0;1732.0;1756.5;671140;0
X5;D;20220121;0;1748.0;1822.0;1731.0;1758.0;1090397;0
X5;D;20220124;0;1775.5;1775.5;1626.0;1683.5;1099174;0
X5;D;20220125;0;1684.0;1710.0;1576.5;1620.5;1235917;0
X5;D;20220126;0;1621.0;1730.5;1590.0;1650.0;1229557;0
X5;D;20220127;0;1640.0;1740.0;1626.0;1739.5;856902;0
X5;D;20220128;0;1721.0;1763.0;1691.0;1715.5;582582;0
X5;D;20220131;0;1725.0;1783.5;1720.5;1745.0;603721;0
X5;D;20220201;0;1755.0;1775.0;1711.0;1745.0;510335;0
X5;D;20220202;0;1744.5;1759.0;1711.5;1742.0;455690;0
X5;D;20220203;0;1743.5;1743.5;1632.0;1636.0;699485;0
X5;D;20220204;0;1640.0;1693.5;1638.0;1655.5;734239;0
X5;D;20220207;0;1656.0;1683.0;1631.0;1646.0;290947;0
X5;D;20220208;0;1650.0;1714.0;1637.5;1714.0;676474;0
X5;D;20220209;0;1715.0;1775.0;1714.5;1764.0;655348;0
X5;D;20220210;0;1764.0;1823.5;1738.0;1781.5;527222;0
X5;D;20220211;0;1781.5;1793.0;1670.0;1695.0;902928;0
X5;D;20220214;0;1673.0;1754.0;1633.0;1727.0;1048031;0
X5;D;20220215;0;1730.5;1802.0;1709.5;1795.0;709304;0
X5;D;20220216;0;1795.5;1922.5;1795.5;1873.5;1078324;0
X5;D;20220217;0;1887.0;1887.0;1790.0;1836.5;713659;0
X5;D;20220218;0;1857.5;1879.5;1750.0;1773.5;619271;0
X5;D;20220221;0;1760.5;1834.5;1520.5;1549.5;1406798;0
X5;D;20220222;0;1527.0;1737.0;1417.5;1720.0;2055014;0
X5;D;20220224;0;1546.0;1546.0;942.0;1271.0;1660475;0
X5;D;20220225;0;1226.0;1487.0;1150.0;1179.0;1215622;0
X5;D;20220329;0;1200.0;1271.0;1080.0;1130.0;564989;0
X5;D;20220330;0;1229.5;1290.0;1165.5;1274.5;266300;0
X5;D;20220331;0;1305.0;1490.0;1300.5;1440.5;349522;0
X5;D;20220401;0;1483.0;1600.0;1450.0;1451.0;310838;0
X5;D;20220404;0;1497.0;1505.0;1361.5;1414.5;249344;0
X5;D;20220405;0;1414.5;1416.0;1244.5;1300.0;293110;0
X5;D;20220406;0;1298.0;1356.0;1250.0;1325.0;136422;0
X5;D;20220407;0;1325.0;1390.0;1265.5;1275.5;149165;0
X5;D;20220408;0;1275.5;1325.0;1224.0;1257.0;144119;0
X5;D;20220411;0;1257.0;1299.0;1190.0;1234.0;89649;0
X5;D;20220412;0;1218.0;1230.0;1171.0;1187.0;110521;0
X5;D;20220413;0;1194.5;1197.0;1140.5;1148.0;101820;0
X5;D;20220414;0;1154.0;1154.0;1088.0;1094.0;101511;0
X5;D;20220415;0;1085.0;1129.5;1056.0;1125.0;99893;0
X5;D;20220418;0;1129.5;1163.0;1112.0;1132.0;112801;0
X5;D;20220419;0;1135.0;1176.0;1063.5;1094.5;197227;0
X5;D;20220420;0;1099.5;1154.0;1090.5;1135.0;88723;0
X5;D;20220421;0;1154.5;1160.0;1112.0;1153.0;65243;0
X5;D;20220422;0;1149.5;1150.0;1097.0;1107.5;49302;0
X5;D;20220425;0;1090.0;1090.0;1001.0;1007.5;185351;0
X5;D;20220426;0;1008.0;1030.0;980.5;1015.5;164885;0
X5;D;20220427;0;1030.0;1119.5;1017.5;1119.5;186472;0
X5;D;20220428;0;1119.0;1175.0;1085.5;1085.5;185399;0
X5;D;20220429;0;1095.0;1109.5;1080.5;1096.5;41358;0
X5;D;20220504;0;1090.0;1115.0;1060.0;1061.0;46567;0
X5;D;20220505;0;1079.0;1084.5;1050.0;1051.0;54220;0
X5;D;20220506;0;1062.5;1062.5;1027.5;1030.0;37965;0
X5;D;20220511;0;1027.0;1081.0;981.0;1000.0;111472;0
X5;D;20220512;0;1005.0;1009.5;942.0;960.5;89150;0
X5;D;20220513;0;979.0;979.0;949.0;964.0;47015;0
X5;D;20220516;0;965.5;1040.0;964.0;1024.0;78676;0
X5;D;20220517;0;1041.5;1070.0;1029.5;1057.5;86412;0
X5;D;20220518;0;1071.0;1119.0;1058.0;1086.5;103971;0
X5;D;20220519;0;1099.0;1099.0;999.0;1049.5;68643;0
X5;D;20220520;0;1058.5;1063.5;979.5;994.0;136457;0
X5;D;20220523;0;1004.0;1005.0;946.0;951.0;71907;0
X5;D;20220524;0;963.0;967.0;899.0;908.5;147857;0
X5;D;20220525;0;915.0;968.0;912.0;949.0;132270;0
X5;D;20220526;0;955.0;978.5;920.0;948.0;155116;0
X5;D;20220527;0;950.0;958.0;927.5;933.0;69672;0
X5;D;20220530;0;936.5;946.0;900.0;910.0;87906;0
X5;D;20220531;0;906.5;911.5;891.0;904.0;61603;0
X5;D;20220601;0;905.0;939.0;903.0;916.0;109602;0
X5;D;20220602;0;925.0;925.0;892.0;905.0;61685;0
X5;D;20220603;0;905.0;909.0;836.0;846.5;137376;0
X5;D;20220606;0;838.0;843.5;763.0;784.0;183786;0
X5;D;20220607;0;794.0;838.0;735.0;836.5;244838;0
X5;D;20220608;0;839.5;897.0;836.5;892.0;291689;0
X5;D;20220609;0;892.5;904.5;816.0;853.0;185734;0
X5;D;20220610;0;843.0;845.0;802.0;806.0;120733;0
X5;D;20220614;0;782.0;839.5;778.0;803.5;127935;0
X5;D;20220615;0;825.0;825.0;792.0;809.0;97413;0
X5;D;20220616;0;815.0;829.5;812.5;824.0;81844;0
X5;D;20220617;0;828.0;839.5;822.0;826.0;60015;0
X5;D;20220620;0;827.5;845.0;827.0;837.5;74516;0
X5;D;20220621;0;838.0;848.5;822.0;831.0;69990;0
X5;D;20220622;0;817.5;830.5;801.5;812.0;68737;0
X5;D;20220623;0;817.0;847.0;806.0;842.0;70729;0
X5;D;20220624;0;841.0;898.5;834.0;898.0;140296;0
X5;D;20220627;0;902.5;968.0;899.5;967.5;187949;0
X5;D;20220628;0;970.0;997.5;937.5;983.5;180993;0
X5;D;20220629;0;982.0;1050.0;943.0;1019.0;239894;0
X5;D;20220630;0;1000.0;1030.0;962.0;981.0;129665;0
X5;D;20220701;0;981.0;996.5;951.5;975.0;63052;0
X5;D;20220704;0;957.0;1031.0;957.0;1029.0;107028;0
X5;D;20220705;0;1035.0;1098.5;1016.0;1054.5;132878;0
X5;D;20220706;0;1054.0;1100.0;1028.5;1095.0;117520;0
X5;D;20220707;0;1096.0;1159.0;1095.5;1149.5;201080;0
X5;D;20220708;0;1150.5;1196.0;1102.0;1147.5;204077;0
X5;D;20220711;0;1143.0;1158.0;1129.5;1138.0;84664;0
X5;D;20220712;0;1134.0;1134.0;1071.0;1108.0;103639;0
X5;D;20220713;0;1120.0;1144.0;1091.5;1124.5;125971;0
X5;D;20220714;0;1140.0;1149.0;1107.0;1119.5;93016;0
X5;D;20220715;0;1120.0;1143.5;1115.0;1137.0;38190;0
X5;D;20220718;0;1150.0;1214.5;1140.5;1208.5;178913;0
X5;D;20220719;0;1207.5;1280.0;1156.5;1246.0;237966;0
X5;D;20220720;0;1236.5;1296.0;1195.0;1260.0;191528;0
X5;D;20220721;0;1260.0;1275.0;1205.5;1235.5;125399;0
X5;D;20220722;0;1238.0;1285.0;1236.0;1282.5;73341;0
X5;D;20220725;0;1296.0;1389.0;1286.0;1389.0;131689;0
X5;D;20220726;0;1390.5;1420.0;1320.0;1333.5;260528;0
X5;D;20220727;0;1333.5;1333.5;1257.0;1313.0;121700;0
X5;D;20220728;0;1315.0;1365.0;1308.0;1334.0;125144;0
X5;D;20220729;0;1335.5;1350.0;1320.0;1345.0;69157;0
X5;D;20220801;0;1330.5;1370.0;1302.0;1343.0;135855;0
X5;D;20220802;0;1362.5;1401.5;1304.0;1318.0;330406;0
X5;D;20220803;0;1324.0;1350.0;1286.0;1306.0;84668;0
X5;D;20220804;0;1304.0;1304.0;1237.0;1251.5;170226;0
X5;D;20220805;0;1251.5;1290.0;1170.0;1176.0;177390;0
X5;D;20220808;0;1290.0;1290.0;1214.5;1232.0;108067;0
X5;D;20220809;0;1232.0;1260.0;1206.5;1255.0;122460;0
X5;D;20220810;0;1270.0;1314.5;1231.0;1292.5;179589;0
X5;D;20220811;0;1307.0;1320.0;1272.0;1272.5;84354;0
X5;D;20220812;0;1273.0;1304.0;1237.5;1288.0;63808;0
X5;D;20220815;0;1308.0;1343.0;1292.5;1334.0;119005;0
X5;D;20220816;0;1339.5;1370.0;1339.5;1365.0;82024;0
X5;D;20220817;0;1370.0;1378.0;1340.5;1350.0;54691;0
X5;D;20220818;0;1349.0;1349.0;1310.0;1328.0;57892;0
X5;D;20220819;0;1324.5;1324.5;1284.5;1300.0;52304;0
X5;D;20220822;0;1307.0;1320.0;1293.0;1313.0;69053;0
X5;D;20220823;0;1316.0;1369.0;1313.5;1367.0;87289;0
X5;D;20220824;0;1370.0;1395.5;1327.0;1355.5;84622;0
X5;D;20220825;0;1365.0;1400.0;1356.5;1398.5;155629;0
X5;D;20220826;0;1405.0;1425.0;1383.0;1422.0;119070;0
X5;D;20220829;0;1430.0;1439.5;1410.5;1431.0;80921;0
X5;D;20220830;0;1440.0;1440.0;1355.0;1380.0;117930;0
X5;D;20220831;0;1390.0;1419.0;1380.0;1400.0;65755;0
X5;D;20220901;0;1400.0;1426.0;1390.0;1412.5;54804;0
X5;D;20220902;0;1416.5;1435.0;1405.5;1435.0;50164;0
X5;D;20220905;0;1440.0;1449.0;1406.5;1429.5;59585;0
X5;D;20220906;0;1433.0;1445.5;1350.0;1364.0;182003;0
X5;D;20220907;0;1364.0;1371.5;1314.0;1351.5;134590;0
X5;D;20220908;0;1359.0;1366.5;1307.0;1326.0;88055;0
X5;D;20220909;0;1325.0;1360.0;1314.5;1359.0;54203;0
X5;D;20220912;0;1352.5;1444.5;1289.0;1424.5;193319;0
X5;D;20220913;0;1429.0;1492.0;1415.0;1489.0;259094;0
X5;D;20220914;0;1488.0;1489.5;1446.0;1475.5;166742;0
X5;D;20220915;0;1480.0;1529.5;1478.0;1519.5;170252;0
X5;D;20220916;0;1520.0;1545.0;1471.0;1504.0;167120;0
X5;D;20220919;0;1504.0;1521.0;1463.0;1490.5;90769;0
X5;D;20220920;0;1490.5;1496.0;1305.0;1360.0;337636;0
X5;D;20220921;0;1209.0;1368.5;1160.0;1259.5;304329;0
X5;D;20220922;0;1259.5;1316.0;1231.0;1264.5;231445;0
X5;D;20220923;0;1265.0;1271.0;1201.5;1250.5;200673;0
X5;D;20220926;0;1250.0;1250.0;1012.0;1050.0;338734;0
X5;D;20220927;0;1055.0;1135.0;1050.0;1086.0;211740;0
X5;D;20220928;0;1086.0;1159.5;1050.0;1137.5;198736;0
X5;D;20220929;0;1141.0;1163.5;1085.5;1128.0;202123;0
X5;D;20220930;0;1130.0;1199.5;1101.5;1191.0;280545;0
X5;D;20221003;0;1200.0;1329.5;1200.0;1312.5;300980;0
X5;D;20221004;0;1318.5;1392.5;1290.0;1340.0;311379;0
X5;D;20221005;0;1345.0;1408.5;1290.5;1387.0;441842;0
X5;D;20221006;0;1391.0;1399.0;1350.0;1374.0;167473;0
X5;D;20221007;0;1370.0;1380.0;1335.5;1340.0;137248;0
X5;D;20221010;0;1300.0;1395.0;1276.0;1375.0;327106;0
X5;D;20221011;0;1382.0;1445.0;1373.5;1429.5;295294;0
X5;D;20221012;0;1440.0;1478.5;1420.0;1436.0;157871;0
X5;D;20221013;0;1431.5;1496.5;1423.5;1479.0;188402;0
X5;D;20221014;0;1480.0;1515.0;1480.0;1514.5;181907;0
X5;D;20221017;0;1512.0;1552.0;1490.0;1511.5;283786;0
X5;D;20221018;0;1510.0;1525.0;1453.0;1455.0;221131;0
X5;D;20221019;0;1456.0;1497.0;1456.0;1496.5;210445;0
X5;D;20221020;0;1497.0;1540.0;1490.0;1516.5;182388;0
X5;D;20221021;0;1516.0;1551.0;1495.0;1550.0;164469;0
X5;D;20221024;0;1553.5;1598.5;1553.5;1596.0;226814;0
X5;D;20221025;0;1600.0;1630.0;1578.0;1608.0;299859;0
X5;D;20221026;0;1618.0;1618.0;1595.0;1596.5;96404;0
X5;D;20221027;0;1596.5;1610.0;1581.0;1603.0;177781;0
X5;D;20221028;0;1603.0;1619.0;1581.0;1611.0;112828;0
X5;D;20221031;0;1610.5;1614.5;1588.0;1595.0;117454;0
X5;D;20221101;0;1596.0;1610.0;1590.5;1600.5;59268;0
X5;D;20221102;0;1604.5;1605.5;1539.0;1560.0;139178;0
X5;D;20221103;0;1560.0;1605.0;1521.5;1604.0;146044;0
X5;D;20221107;0;1615.0;1645.0;1607.5;1619.5;171756;0
X5;D;20221108;0;1619.0;1638.5;1600.5;1611.5;94927;0
X5;D;20221109;0;1611.0;1622.5;1547.5;1559.5;110362;0
X5;D;20221110;0;1559.5;1581.5;1512.5;1560.0;211069;0
X5;D;20221111;0;1565.0;1588.5;1560.0;1567.5;66159;0
X5;D;20221114;0;1570.0;1612.0;1567.5;1587.0;89160;0
X5;D;20221115;0;1597.0;1602.0;1460.0;1532.0;201853;0
X5;D;20221116;0;1544.0;1573.5;1540.0;1559.5;73277;0
X5;D;20221117;0;1563.5;1578.5;1544.5;1552.5;45414;0
X5;D;20221118;0;1555.5;1559.0;1529.0;1544.5;45680;0
X5;D;20221121;0;1550.0;1550.0;1492.0;1523.0;125631;0
X5;D;20221122;0;1528.5;1536.5;1503.5;1513.0;55345;0
X5;D;20221123;0;1523.5;1544.5;1511.5;1533.0;58437;0
X5;D;20221124;0;1535.0;1565.0;1530.5;1560.5;57865;0
X5;D;20221125;0;1565.0;1569.0;1531.0;1546.5;42991;0
X5;D;20221128;0;1536.0;1556.5;1522.0;1539.5;41841;0
X5;D;20221129;0;1548.0;1552.5;1529.5;1540.0;33156;0
X5;D;20221130;0;1541.0;1569.0;1532.0;1548.5;93904;0
X5;D;20221201;0;1558.0;1558.0;1535.0;1540.5;31383;0
X5;D;20221202;0;1539.5;1545.0;1524.5;1538.0;43208;0
X5;D;20221205;0;1539.5;1544.0;1513.0;1534.0;53555;0
X5;D;20221206;0;1527.0;1542.0;1515.0;1534.5;61108;0
X5;D;20221207;0;1527.5;1536.0;1521.0;1530.0;30747;0
X5;D;20221208;0;1530.0;1537.5;1515.5;1531.0;61102;0
X5;D;20221209;0;1531.5;1544.0;1516.0;1530.0;55986;0
X5;D;20221212;0;1531.0;1540.0;1518.5;1522.5;41359;0
X5;D;20221213;0;1528.5;1531.5;1513.0;1525.0;40668;0
X5;D;20221214;0;1529.5;1560.0;1525.0;1543.5;111164;0
X5;D;20221215;0;1544.0;1565.0;1501.5;1522.5;103922;0
X5;D;20221216;0;1522.0;1546.0;1513.0;1533.0;100558;0
X5;D;20221219;0;1528.5;1565.0;1505.0;1538.5;114577;0
X5;D;20221220;0;1547.0;1590.0;1534.0;1564.0;92733;0
X5;D;20221221;0;1580.0;1580.0;1547.0;1554.5;48408;0
X5;D;20221222;0;1554.5;1594.5;1551.0;1592.0;60767;0
X5;D;20221223;0;1592.0;1605.0;1572.0;1580.0;84334;0
X5;D;20221226;0;1574.5;1583.5;1528.5;1548.0;169959;0
X5;D;20221227;0;1552.0;1556.5;1531.5;1539.5;52284;0
X5;D;20221228;0;1546.0;1546.0;1509.5;1520.0;75874;0
X5;D;20221229;0;1522.0;1530.0;1513.0;1522.5;40590;0
X5;D;20221230;0;1522.5;1525.5;1474.0;1500.5;85100;0
X5;D;20230104;0;1514.0;1522.0;1507.5;1515.0;25436;0
X5;D;20230105;0;1515.0;1519.5;1497.0;1502.0;23673;0
X5;D;20230106;0;1500.0;1503.0;1481.0;1498.0;31055;0
X5;D;20230109;0;1500.5;1508.0;1491.0;1497.0;38758;0
X5;D;20230110;0;1496.5;1496.5;1476.0;1489.5;33922;0
X5;D;20230111;0;1486.5;1520.0;1484.0;1519.0;81421;0
X5;D;20230112;0;1520.5;1520.5;1492.0;1505.0;97742;0
X5;D;20230113;0;1501.0;1531.5;1493.5;1527.0;68213;0
X5;D;20230116;0;1532.5;1570.5;1527.5;1557.0;137719;0
X5;D;20230117;0;1557.0;1570.0;1519.5;1525.0;111058;0
X5;D;20230118;0;1527.5;1555.5;1503.0;1512.0;155442;0
X5;D;20230119;0;1530.0;1530.0;1485.5;1512.0;66617;0
X5;D;20230120;0;1512.0;1520.0;1496.0;1510.0;48363;0
X5;D;20230123;0;1510.0;1535.0;1510.0;1534.0;74894;0
X5;D;20230124;0;1540.0;1564.0;1511.0;1513.0;108532;0
X5;D;20230125;0;1513.0;1514.0;1497.0;1506.0;52750;0
X5;D;20230126;0;1511.0;1515.5;1496.5;1503.5;48941;0
X5;D;20230127;0;1506.0;1513.0;1490.5;1503.5;66073;0
X5;D;20230130;0;1508.5;1510.5;1490.5;1504.5;55285;0
X5;D;20230131;0;1505.0;1505.5;1495.5;1505.5;46732;0
X5;D;20230201;0;1509.0;1509.0;1498.0;1507.0;43843;0
X5;D;20230202;0;1508.5;1512.0;1495.5;1505.5;72765;0
X5;D;20230203;0;1505.5;1516.0;1495.5;1505.0;50959;0
X5;D;20230206;0;1505.0;1548.0;1504.5;1539.5;142746;0
X5;D;20230207;0;1539.5;1555.0;1526.5;1537.5;109677;0
X5;D;20230208;0;1539.0;1546.0;1495.5;1516.0;130382;0
X5;D;20230209;0;1520.0;1533.0;1510.5;1524.0;37976;0
X5;D;20230210;0;1523.5;1547.0;1515.0;1540.0;77640;0
X5;D;20230213;0;1540.5;1553.0;1540.5;1543.5;70692;0
X5;D;20230214;0;1545.5;1547.5;1507.0;1526.0;83347;0
X5;D;20230215;0;1524.0;1524.0;1410.0;1452.0;196330;0
X5;D;20230216;0;1460.5;1497.5;1389.0;1417.5;208323;0
X5;D;20230217;0;1417.0;1426.0;1392.5;1415.5;67768;0
X5;D;20230220;0;1415.0;1425.5;1390.0;1411.5;58952;0
X5;D;20230221;0;1411.5;1469.0;1411.5;1464.0;99860;0
X5;D;20230222;0;1466.5;1466.5;1450.0;1456.5;31164;0
X5;D;20230224;0;1463.5;1480.0;1440.0;1462.0;29633;0
X5;D;20230227;0;1440.0;1466.5;1424.5;1464.0;64597;0
X5;D;20230228;0;1468.0;1477.0;1457.0;1466.0;43077;0
X5;D;20230301;0;1469.0;1470.0;1459.0;1467.5;49153;0
X5;D;20230302;0;1468.0;1480.0;1442.0;1454.5;90081;0
X5;D;20230303;0;1458.5;1473.0;1455.0;1469.5;33683;0
X5;D;20230306;0;1472.0;1492.0;1471.0;1489.0;59946;0
X5;D;20230307;0;1485.0;1519.0;1483.0;1507.5;139624;0
X5;D;20230309;0;1508.0;1524.0;1500.0;1505.5;67621;0
X5;D;20230310;0;1502.0;1508.0;1490.0;1497.5;45797;0
X5;D;20230313;0;1502.0;1515.0;1485.5;1501.5;76465;0
X5;D;20230314;0;1508.0;1508.0;1491.5;1500.0;55533;0
X5;D;20230315;0;1504.5;1507.5;1438.5;1463.0;165971;0
X5;D;20230316;0;1462.5;1466.5;1410.0;1440.0;204728;0
X5;D;20230317;0;1451.0;1459.0;1421.0;1452.0;184156;0
X5;D;20230320;0;1457.0;1477.0;1439.0;1470.5;151569;0
X5;D;20230321;0;1474.0;1480.0;1429.5;1442.5;181944;0
X5;D;20230322;0;1443.0;1444.5;1414.0;1418.5;122493;0
X5;D;20230323;0;1420.5;1433.0;1408.5;1410.0;102866;0
X5;D;20230324;0;1413.5;1417.0;1395.5;1400.0;184421;0
X5;D;20230327;0;1407.0;1421.5;1399.0;1406.0;267291;0
X5;D;20230328;0;1407.0;1407.0;1380.0;1397.5;198271;0
X5;D;20230329;0;1397.5;1420.0;1391.5;1420.0;189841;0
X5;D;20230330;0;1421.0;1435.0;1411.5;1433.5;246398;0
X5;D;20230331;0;1439.0;1452.0;1405.5;1429.0;225310;0
X5;D;20230403;0;1435.0;1435.5;1413.5;1425.0;114559;0
X5;D;20230404;0;1425.0;1428.5;1401.0;1410.5;117997;0
X5;D;20230405;0;1410.5;1419.0;1393.0;1412.0;118960;0
X5;D;20230406;0;1412.0;1420.0;1398.0;1410.0;141416;0
X5;D;20230407;0;1412.5;1425.5;1396.0;1409.0;153597;0
X5;D;20230410;0;1414.0;1440.0;1413.0;1440.0;177082;0
X5;D;20230411;0;1440.5;1468.0;1411.0;1429.5;284918;0
X5;D;20230412;0;1433.0;1448.5;1422.5;1432.5;89721;0
X5;D;20230413;0;1432.0;1445.0;1420.0;1438.5;62910;0
X5;D;20230414;0;1440.0;1449.5;1424.0;1447.0;54858;0
X5;D;20230417;0;1453.0;1473.0;1445.0;1465.5;222231;0
X5;D;20230418;0;1473.5;1538.5;1471.0;1532.0;406091;0
X5;D;20230419;0;1535.0;1570.0;1506.0;1537.5;381999;0
X5;D;20230420;0;1540.0;1560.0;1520.5;1545.0;164015;0
X5;D;20230421;0;1545.0;1552.0;1507.0;1539.5;100016;0
X5;D;20230424;0;1539.5;1592.0;1530.5;1584.5;250139;0
X5;D;20230425;0;1584.5;1587.5;1547.5;1562.5;144323;0
X5;D;20230426;0;1563.0;1566.5;1550.5;1557.5;61333;0
X5;D;20230427;0;1562.5;1578.0;1520.5;1564.5;215587;0
X5;D;20230428;0;1569.5;1572.5;1536.5;1550.0;71666;0
X5;D;20230502;0;1563.5;1567.0;1466.0;1487.5;212929;0
X5;D;20230503;0;1489.5;1495.0;1400.0;1412.0;354173;0
X5;D;20230504;0;1420.0;1446.0;1406.0;1430.0;142417;0
X5;D;20230505;0;1438.0;1439.0;1401.0;1408.5;152420;0
X5;D;20230508;0;1408.5;1420.0;1401.5;1408.0;62717;0
X5;D;20230510;0;1413.0;1440.5;1400.0;1440.5;256425;0
X5;D;20230511;0;1445.0;1474.0;1415.0;1438.0;271137;0
X5;D;20230512;0;1442.5;1460.0;1422.5;1447.0;104597;0
X5;D;20230515;0;1454.0;1473.0;1453.0;1470.0;88383;0
X5;D;20230516;0;1474.5;1486.0;1459.5;1483.5;94071;0
X5;D;20230517;0;1493.5;1493.5;1455.0;1466.0;77844;0
X5;D;20230518;0;1469.0;1469.0;1431.0;1458.0;105246;0
X5;D;20230519;0;1458.0;1469.0;1440.5;1464.5;90865;0
X5;D;20230522;0;1469.0;1503.0;1461.0;1498.5;144684;0
X5;D;20230523;0;1500.0;1511.5;1480.0;1497.0;131927;0
X5;D;20230524;0;1505.0;1509.5;1481.5;1500.0;105890;0
X5;D;20230525;0;1500.0;1503.5;1461.0;1488.0;98990;0
X5;D;20230526;0;1492.5;1509.0;1490.0;1503.0;93950;0
X5;D;20230529;0;1512.0;1534.0;1506.0;1529.0;149852;0
X5;D;20230530;0;1520.5;1522.5;1351.5;1496.0;277215;0
X5;D;20230531;0;1497.5;1500.0;1471.5;1495.5;99218;0
X5;D;20230601;0;1499.5;1510.5;1483.0;1502.0;135069;0
X5;D;20230602;0;1500.0;1528.5;1490.0;1510.0;155997;0
X5;D;20230605;0;1514.5;1522.5;1472.0;1483.0;133111;0
X5;D;20230606;0;1479.0;1489.5;1459.0;1474.5;124527;0
X5;D;20230607;0;1479.0;1502.0;1468.5;1484.5;116047;0
X5;D;20230608;0;1488.5;1520.0;1477.5;1514.0;162347;0
X5;D;20230609;0;1515.0;1517.0;1495.0;1497.0;83629;0
X5;D;20230613;0;1499.0;1541.0;1495.5;1535.5;252676;0
X5;D;20230614;0;1540.0;1556.0;1509.5;1546.5;259071;0
X5;D;20230615;0;1553.0;1559.5;1520.0;1553.5;322837;0
X5;D;20230616;0;1549.5;1550.5;1530.0;1539.5;167524;0
X5;D;20230619;0;1549.0;1554.5;1520.0;1544.5;161040;0
X5;D;20230620;0;1545.0;1547.5;1511.0;1526.0;153116;0
X5;D;20230621;0;1531.0;1540.0;1520.0;1528.0;125603;0
X5;D;20230622;0;1528.0;1545.0;1521.0;1522.5;145855;0
X5;D;20230623;0;1520.0;1532.5;1473.0;1477.5;186909;0
X5;D;20230626;0;1517.0;1517.0;1450.0;1488.0;196744;0
X5;D;20230627;0;1490.0;1515.0;1480.0;1498.5;159012;0
X5;D;20230628;0;1504.5;1514.0;1493.0;1507.0;92860;0
X5;D;20230629;0;1517.0;1522.0;1505.5;1521.0;136661;0
X5;D;20230630;0;1521.5;1523.5;1504.0;1511.0;80496;0
X5;D;20230703;0;1511.5;1530.0;1510.0;1523.0;101010;0
X5;D;20230704;0;1523.0;1532.0;1515.0;1517.5;104238;0
X5;D;20230705;0;1520.0;1550.0;1519.0;1534.5;117307;0
X5;D;20230706;0;1539.5;1545.0;1520.0;1529.5;96264;0
X5;D;20230707;0;1529.5;1533.5;1506.0;1528.0;112732;0
X5;D;20230710;0;1532.0;1557.0;1529.0;1548.5;149600;0
X5;D;20230711;0;1553.5;1606.0;1545.0;1597.5;439149;0
X5;D;20230712;0;1608.5;1712.0;1601.5;1707.5;2165620;0
X5;D;20230713;0;1710.0;1734.0;1681.5;1721.5;1489740;0
X5;D;20230714;0;1713.5;1745.0;1694.5;1734.0;733081;0
X5;D;20230717;0;1731.5;1849.0;1725.0;1841.0;1430491;0
X5;D;20230718;0;1844.0;1855.0;1792.5;1830.5;1533595;0
X5;D;20230719;0;1830.0;1990.0;1829.0;1958.0;2335189;0
X5;D;20230720;0;1965.0;2015.0;1871.5;1931.5;2063327;0
X5;D;20230721;0;1930.0;1966.5;1912.0;1943.0;522710;0
X5;D;20230724;0;1946.0;1980.0;1933.0;1972.0;541094;0
X5;D;20230725;0;1985.0;2084.0;1977.5;2082.5;1552165;0
X5;D;20230726;0;2082.5;2133.0;2022.0;2052.5;968519;0
X5;D;20230727;0;2059.0;2063.5;2017.0;2044.0;610565;0
X5;D;20230728;0;2043.0;2158.5;2027.0;2132.0;1283917;0
X5;D;20230731;0;2140.0;2148.0;2091.0;2119.0;672929;0
X5;D;20230801;0;2131.0;2144.0;2078.5;2103.0;554039;0
X5;D;20230802;0;2103.0;2117.0;2094.5;2099.0;271903;0
X5;D;20230803;0;2100.0;2244.0;2060.0;2205.0;1435190;0
X5;D;20230804;0;2210.0;2229.0;2062.5;2120.5;1127760;0
X5;D;20230807;0;2134.5;2159.0;2067.0;2076.5;503089;0
X5;D;20230808;0;2075.0;2208.5;2018.5;2204.0;1135537;0
X5;D;20230809;0;2210.0;2225.0;2165.0;2180.5;625155;0
X5;D;20230810;0;2180.0;2206.0;2171.5;2197.0;262536;0
X5;D;20230811;0;2202.0;2220.0;2186.0;2204.5;392802;0
X5;D;20230814;0;2210.0;2277.0;2123.5;2159.0;1175437;0
X5;D;20230815;0;2154.5;2235.0;2101.0;2161.0;849808;0
X5;D;20230816;0;2172.0;2196.0;2091.5;2150.0;588900;0
X5;D;20230817;0;2175.0;2241.0;2125.0;2229.0;709963;0
X5;D;20230818;0;2230.0;2260.0;2211.5;2237.5;557717;0
X5;D;20230821;0;2249.0;2285.5;2222.5;2281.5;636258;0
X5;D;20230822;0;2290.0;2350.0;2250.0;2315.0;713669;0
X5;D;20230823;0;2315.5;2359.5;2280.0;2299.0;851349;0
X5;D;20230824;0;2315.0;2344.0;2295.5;2334.5;215469;0
X5;D;20230825;0;2342.0;2357.0;2325.0;2347.5;268920;0
X5;D;20230828;0;2354.0;2379.0;2351.5;2369.5;193625;0
X5;D;20230829;0;2369.5;2373.5;2326.5;2350.0;243428;0
X5;D;20230830;0;2349.5;2355.0;2307.0;2328.0;210160;0
X5;D;20230831;0;2326.5;2337.5;2290.0;2332.5;302771;0
X5;D;20230901;0;2333.0;2348.0;2306.0;2321.5;232513;0
X5;D;20230904;0;2330.0;2373.0;2320.0;2366.0;260042;0
X5;D;20230905;0;2370.0;2403.0;2301.0;2342.0;601620;0
X5;D;20230906;0;2342.0;2346.0;2320.0;2325.5;149153;0
X5;D;20230907;0;2325.0;2333.0;2211.5;2243.5;419125;0
X5;D;20230908;0;2240.0;2302.5;2172.0;2263.0;435176;0
X5;D;20230911;0;2260.0;2349.0;2210.0;2326.5;790503;0
X5;D;20230912;0;2340.5;2413.0;2331.0;2410.0;537982;0
X5;D;20230913;0;2410.5;2413.0;2349.5;2374.5;344116;0
X5;D;20230914;0;2378.0;2397.0;2273.0;2368.0;435914;0
X5;D;20230915;0;2365.0;2435.0;2346.5;2426.0;307864;0
X5;D;20230918;0;2426.0;2445.0;2366.0;2392.0;368540;0
X5;D;20230919;0;2392.0;2395.0;2287.0;2299.0;407187;0
X5;D;20230920;0;2300.0;2308.5;2205.0;2251.0;464655;0
X5;D;20230921;0;2251.0;2254.5;2130.0;2141.0;453934;0
X5;D;20230922;0;2150.0;2171.0;2104.0;2126.5;698940;0
X5;D;20230925;0;2141.5;2148.0;2080.5;2115.0;322853;0
X5;D;20230926;0;2115.0;2245.5;2092.0;2223.0;602212;0
X5;D;20230927;0;2235.0;2290.5;2201.0;2246.0;536772;0
X5;D;20230928;0;2247.0;2262.5;2220.0;2252.0;241709;0
X5;D;20230929;0;2250.0;2272.5;2226.5;2234.0;218833;0
X5;D;20231002;0;2234.0;2272.0;2230.0;2259.5;230581;0
X5;D;20231003;0;2255.5;2325.0;2230.5;2321.5;406602;0
X5;D;20231004;0;2325.0;2327.5;2275.0;2289.5;224416;0
X5;D;20231005;0;2290.0;2294.5;2253.0;2280.0;132979;0
X5;D;20231006;0;2286.5;2317.5;2260.5;2296.0;208769;0
X5;D;20231009;0;2302.0;2315.0;2290.5;2302.0;149300;0
X5;D;20231010;0;2313.0;2348.0;2295.0;2344.0;197832;0
X5;D;20231011;0;2345.0;2359.0;2315.0;2323.0;282316;0
X5;D;20231012;0;2315.0;2339.0;2310.0;2325.5;120537;0
X5;D;20231013;0;2328.0;2334.0;2320.0;2329.0;83783;0
X5;D;20231016;0;2349.5;2402.0;2339.0;2401.5;439147;0
X5;D;20231017;0;2408.5;2425.0;2371.5;2385.0;414959;0
X5;D;20231018;0;2385.0;2395.0;2350.5;2374.0;242843;0
X5;D;20231019;0;2365.5;2396.5;2350.0;2376.5;201734;0
X5;D;20231020;0;2382.0;2409.5;2335.0;2389.0;231332;0
X5;D;20231023;0;2399.5;2409.0;2360.0;2379.0;243885;0
X5;D;20231024;0;2379.0;2409.5;2351.5;2401.0;330616;0
X5;D;20231025;0;2409.5;2440.0;2395.0;2414.5;456379;0
X5;D;20231026;0;2423.0;2425.0;2371.5;2372.0;339019;0
X5;D;20231027;0;2374.0;2392.5;2352.0;2366.0;175767;0
X5;D;20231030;0;2366.0;2370.5;2330.0;2333.5;180404;0
X5;D;20231031;0;2333.5;2336.0;2255.5;2271.5;368544;0
X5;D;20231101;0;2271.5;2299.5;2261.5;2271.0;181427;0
X5;D;20231102;0;2272.5;2324.0;2272.5;2293.0;219119;0
X5;D;20231103;0;2300.0;2307.0;2272.0;2277.0;95034;0
X5;D;20231106;0;2281.0;2325.0;2273.5;2320.5;63758;0
X5;D;20231107;0;2321.0;2351.0;2317.5;2339.5;149644;0
X5;D;20231108;0;2345.0;2349.0;2304.0;2307.5;183904;0
X5;D;20231109;0;2300.5;2332.0;2300.5;2310.0;163338;0
X5;D;20231110;0;2310.0;2316.5;2270.5;2287.5;131623;0
X5;D;20231113;0;2297.5;2307.5;2282.0;2294.5;155358;0
X5;D;20231114;0;2294.5;2294.5;2215.0;2237.0;291323;0
X5;D;20231115;0;2235.0;2255.5;2218.0;2235.0;182293;0
X5;D;20231116;0;2240.5;2240.5;2187.5;2198.0;220306;0
X5;D;20231117;0;2196.5;2208.5;2172.0;2204.5;237929;0
X5;D;20231120;0;2204.5;2229.0;2195.5;2223.5;207541;0
X5;D;20231121;0;2227.0;2227.0;2168.0;2186.0;366896;0
X5;D;20231122;0;2181.5;2225.0;2175.5;2204.0;241548;0
X5;D;20231123;0;2203.0;2221.5;2171.0;2180.0;218983;0
X5;D;20231124;0;2188.5;2199.5;2159.0;2179.0;119998;0
X5;D;20231127;0;2183.0;2194.0;2122.0;2140.5;212792;0
X5;D;20231128;0;2145.0;2165.0;2117.0;2151.0;145013;0
X5;D;20231129;0;2158.5;2193.0;2135.0;2149.5;177414;0
X5;D;20231130;0;2150.0;2154.0;2110.5;2122.5;200534;0
X5;D;20231201;0;2115.0;2139.0;2066.0;2074.0;171631;0
X5;D;20231204;0;2060.0;2078.5;2002.5;2031.5;307609;0
X5;D;20231205;0;2031.5;2075.5;2028.5;2065.0;184420;0
X5;D;20231206;0;2070.5;2090.0;2002.0;2008.0;226580;0
X5;D;20231207;0;2007.5;2035.0;1971.0;2012.5;315376;0
X5;D;20231208;0;2015.0;2039.5;1986.5;2003.0;131429;0
X5;D;20231211;0;2005.0;2005.0;1882.0;1900.0;385790;0
X5;D;20231212;0;1907.5;1975.0;1883.5;1919.0;382727;0
X5;D;20231213;0;1910.0;1940.0;1880.5;1926.5;325413;0
X5;D;20231214;0;1930.0;1947.5;1888.0;1892.0;148125;0
X5;D;20231215;0;1892.0;1969.5;1845.5;1954.0;504803;0
X5;D;20231218;0;1972.5;2059.5;1960.0;2040.0;724210;0
X5;D;20231219;0;2040.0;2045.0;2004.0;2020.5;286169;0
X5;D;20231220;0;2021.0;2034.5;2010.0;2019.5;281462;0
X5;D;20231221;0;2020.0;2023.5;1965.0;1994.0;379744;0
X5;D;20231222;0;1994.0;2026.0;1979.0;1995.0;227001;0
X5;D;20231225;0;1999.5;2036.5;1986.5;2023.0;476351;0
X5;D;20231226;0;2031.5;2033.5;1999.5;2019.5;277907;0
X5;D;20231227;0;2021.5;2097.0;2020.5;2080.5;830712;0
X5;D;20231228;0;2090.0;2150.0;2060.0;2107.0;808783;0
X5;D;20231229;0;2123.5;2210.5;2081.5;2204.0;960951;0
X5;D;20240103;0;2212.5;2238.0;2205.0;2222.5;243550;0
X5;D;20240104;0;2220.0;2225.0;2202.5;2208.0;121831;0
X5;D;20240105;0;2214.0;2217.5;2184.0;2203.0;119883;0
X5;D;20240108;0;2201.5;2260.0;2201.5;2259.0;262148;0
X5;D;20240109;0;2257.0;2258.5;2195.5;2235.5;309876;0
X5;D;20240110;0;2234.0;2250.0;2217.5;2230.0;175807;0
X5;D;20240111;0;2230.0;2342.5;2225.0;2316.5;536841;0
X5;D;20240112;0;2325.0;2377.0;2290.0;2306.5;403215;0
X5;D;20240115;0;2312.0;2336.0;2293.0;2326.0;218122;0
X5;D;20240116;0;2326.0;2330.0;2261.0;2267.5;252297;0
X5;D;20240117;0;2267.5;2295.0;2245.5;2256.5;191245;0
X5;D;20240118;0;2255.0;2289.0;2213.5;2234.0;265422;0
X5;D;20240119;0;2227.0;2234.0;2186.0;2209.0;282718;0
X5;D;20240122;0;2249.0;2319.0;2217.5;2308.5;512222;0
X5;D;20240123;0;2320.0;2324.5;2277.5;2296.0;333215;0
X5;D;20240124;0;2301.0;2330.0;2287.0;2318.0;425476;0
X5;D;20240125;0;2324.5;2325.0;2251.5;2272.0;337778;0
X5;D;20240126;0;2270.5;2277.0;2240.0;2260.0;247846;0
X5;D;20240129;0;2265.0;2300.0;2261.0;2295.5;231538;0
X5;D;20240130;0;2296.0;2404.0;2289.5;2402.5;768294;0
X5;D;20240131;0;2407.0;2443.5;2358.5;2379.0;654408;0
X5;D;20240201;0;2386.5;2428.0;2375.0;2405.5;391019;0
X5;D;20240202;0;2405.5;2413.5;2365.0;2391.0;331140;0
X5;D;20240205;0;2391.0;2395.0;2334.5;2352.0;408618;0
X5;D;20240206;0;2358.5;2364.5;2337.0;2355.5;148385;0
X5;D;20240207;0;2362.5;2462.0;2355.5;2462.0;643824;0
X5;D;20240208;0;2463.0;2489.0;2388.5;2404.0;697779;0
X5;D;20240209;0;2403.5;2449.0;2374.0;2434.0;568963;0
X5;D;20240212;0;2440.0;2474.5;2410.0;2450.0;397387;0
X5;D;20240213;0;2465.0;2522.0;2453.0;2509.5;491531;0
X5;D;20240214;0;2513.0;2538.0;2475.0;2482.5;292042;0
X5;D;20240215;0;2494.5;2514.0;2467.0;2494.0;224010;0
X5;D;20240216;0;2505.0;2529.5;2482.0;2491.5;294552;0
X5;D;20240219;0;2491.0;2491.5;2423.0;2438.5;258657;0
X5;D;20240220;0;2440.5;2485.5;2335.0;2358.5;567241;0
X5;D;20240221;0;2359.0;2399.5;2307.5;2335.5;475777;0
X5;D;20240222;0;2336.0;2418.0;2336.0;2369.5;372077;0
X5;D;20240226;0;2435.0;2509.5;2408.5;2501.0;323031;0
X5;D;20240227;0;2503.0;2509.5;2470.5;2497.5;291077;0
X5;D;20240228;0;2503.5;2600.0;2497.5;2582.5;594901;0
X5;D;20240229;0;2584.5;2650.0;2560.0;2609.0;393680;0
X5;D;20240301;0;2622.5;2648.5;2583.0;2610.0;287930;0
X5;D;20240304;0;2611.0;2719.5;2603.0;2699.5;941805;0
X5;D;20240305;0;2709.0;2780.0;2660.0;2673.0;1335925;0
X5;D;20240306;0;2680.0;2681.0;2611.5;2623.5;479301;0
X5;D;20240307;0;2623.5;2714.0;2617.5;2708.0;611062;0
X5;D;20240311;0;2730.0;2746.0;2680.0;2703.5;720786;0
X5;D;20240312;0;2703.5;2745.0;2656.5;2733.0;468881;0
X5;D;20240313;0;2738.0;2756.5;2711.0;2717.5;315989;0
X5;D;20240314;0;2723.5;2725.0;2670.5;2695.0;267140;0
X5;D;20240315;0;2695.5;2712.0;2681.0;2695.0;175412;0
X5;D;20240318;0;2719.0;2731.5;2675.0;2685.5;362853;0
X5;D;20240319;0;2695.0;2780.0;2687.5;2748.0;735866;0
X5;D;20240320;0;2759.5;2827.0;2748.5;2822.5;881299;0
X5;D;20240321;0;2828.0;2880.0;2824.0;2871.5;677868;0
X5;D;20240322;0;2879.0;2880.0;2765.0;2825.0;1437444;0
X5;D;20240325;0;2828.0;2911.0;2808.5;2910.0;611463;0
X5;D;20240326;0;2911.0;2925.0;2880.5;2911.0;397279;0
X5;D;20240327;0;2911.0;2950.0;2895.0;2940.5;355416;0
X5;D;20240328;0;2934.0;2964.0;2932.0;2935.5;202312;0
X5;D;20240329;0;2934.0;3094.0;2910.5;3091.0;1098681;0
X5;D;20240401;0;3139.5;3206.5;2820.0;2832.5;6719098;0
X5;D;20240402;0;2829.5;2872.5;2688.0;2780.0;1660336;0
X5;D;20240403;0;2830.0;2847.5;2750.0;2798.0;848433;0
X5;D;20250109;0;2690.0;3000.0;2670.0;2803.0;6661057;0
X5;D;20250110;0;2800.0;2975.0;2783.0;2945.0;3454995;0
X5;D;20250113;0;2962.0;2999.5;2882.0;2905.0;2120539;0
X5;D;20250114;0;2920.0;2933.0;2884.0;2929.0;911219;0
X5;D;20250115;0;2936.5;2949.5;2891.0;2904.5;694614;0
X5;D;20250116;0;2905.0;2948.0;2883.0;2910.0;1282730;0
X5;D;20250117;0;2905.0;2911.5;2858.5;2898.0;1161953;0
X5;D;20250120;0;2900.5;2914.5;2866.0;2866.0;885908;0
X5;D;20250121;0;2885.0;2935.0;2837.0;2930.0;1407145;0
X5;D;20250122;0;2933.0;2947.0;2908.0;2914.0;860496;0
X5;D;20250123;0;2913.5;2914.0;2886.0;2900.0;626933;0
X5;D;20250124;0;2912.0;2919.0;2897.0;2909.5;786697;0
X5;D;20250127;0;2911.0;2950.0;2892.5;2919.5;1017938;0
X5;D;20250128;0;2921.0;3145.0;2911.0;3130.5;3609641;0
X5;D;20250129;0;3132.0;3190.0;3085.0;3169.0;2062314;0
X5;D;20250130;0;3169.0;3298.0;3166.0;3259.0;2894288;0
X5;D;20250131;0;3261.0;3294.0;3192.5;3232.0;1560315;0
X5;D;20250203;0;3232.5;3274.0;3172.5;3240.0;1014890;0
X5;D;20250204;0;3241.0;3291.5;3226.5;3268.5;1275542;0
X5;D;20250205;0;3267.0;3305.0;3241.5;3276.5;1275707;0
X5;D;20250206;0;3283.0;3295.0;3234.5;3264.5;1121689;0
X5;D;20250207;0;3268.0;3276.5;3245.0;3266.0;613710;0
X5;D;20250210;0;3266.5;3357.0;3266.5;3267.5;1723277;0
X5;D;20250211;0;3285.0;3353.0;3275.0;3318.5;1076594;0
X5;D;20250212;0;3323.0;3450.0;3318.5;3440.0;2008114;0
X5;D;20250213;0;3440.0;3675.5;3364.0;3419.0;2621433;0
X5;D;20250214;0;3419.5;3493.5;3350.0;3406.5;1877552;0
X5;D;20250217;0;3425.0;3480.0;3415.0;3470.0;1201150;0
X5;D;20250218;0;3470.0;3470.0;3406.5;3430.0;811061;0
X5;D;20250219;0;3438.0;3466.0;3380.5;3445.0;648394;0
X5;D;20250220;0;3450.0;3489.5;3350.5;3449.5;647881;0
X5;D;20250221;0;3448.0;3470.0;3432.0;3448.5;334231;0
X5;D;20250224;0;3448.5;3468.5;3414.5;3438.5;772397;0
X5;D;20250225;0;3440.0;3460.0;3385.0;3414.5;939476;0
X5;D;20250226;0;3414.5;3437.5;3276.0;3299.0;1419337;0
X5;D;20250227;0;3295.5;3362.5;3202.0;3222.5;1495848;0
X5;D;20250228;0;3220.0;3349.5;3175.0;3334.0;1370411;0
X5;D;20250303;0;3340.0;3352.0;3191.0;3257.0;1093921;0
X5;D;20250304;0;3260.0;3389.0;3260.0;3348.5;1112001;0
X5;D;20250305;0;3351.0;3380.0;3300.0;3322.5;912139;0
X5;D;20250306;0;3304.5;3343.5;3277.5;3337.5;513723;0
X5;D;20250307;0;3337.0;3433.5;3322.5;3393.0;1348015;0
X5;D;20250310;0;3393.5;3495.0;3393.0;3464.5;1244368;0
X5;D;20250311;0;3465.0;3565.0;3457.0;3547.5;1651586;0
X5;D;20250312;0;3550.0;3565.0;3440.0;3518.0;1093014;0
X5;D;20250313;0;3518.5;3547.5;3425.0;3513.0;1465422;0
X5;D;20250314;0;3511.0;3615.5;3487.5;3610.0;1182982;0
X5;D;20250317;0;3616.0;3666.0;3592.0;3648.0;1868562;0
X5;D;20250318;0;3648.5;3663.0;3580.0;3608.0;977770;0
X5;D;20250319;0;3618.0;3744.0;3601.0;3736.0;1268630;0
X5;D;20250320;0;3745.0;3764.0;3654.0;3694.0;1154985;0
X5;D;20250321;0;3695.0;3719.0;3610.0;3648.0;3192225;0
X5;D;20250324;0;3653.0;3663.0;3570.0;3589.5;1438070;0
X5;D;20250325;0;3590.0;3609.0;3541.0;3587.5;1019240;0
X5;D;20250326;0;3598.0;3615.0;3472.0;3487.5;1383765;0
X5;D;20250327;0;3488.0;3546.0;3454.0;3503.0;1695045;0
X5;D;20250328;0;3501.0;3549.5;3475.5;3508.0;1340007;0
X5;D;20250331;0;3520.0;3524.5;3415.0;3507.5;1297466;0
X5;D;20250401;0;3507.5;3535.0;3424.0;3443.0;1302258;0
X5;D;20250402;0;3440.0;3462.0;3390.5;3418.0;903705;0
X5;D;20250403;0;3415.0;3447.0;3300.0;3350.0;1386844;0
X5;D;20250404;0;3364.0;3375.0;3218.0;3246.5;1540020;0
X5;D;20250407;0;3246.5;3356.5;3181.0;3227.0;2402015;0
X5;D;20250408;0;3231.5;3285.5;3200.0;3209.5;1061580;0
X5;D;20250409;0;3212.0;3298.0;3090.0;3294.5;1807907;0
X5;D;20250410;0;3299.5;3303.0;3202.0;3238.5;799169;0
X5;D;20250411;0;3242.0;3331.5;3235.0;3325.5;755328;0
X5;D;20250414;0;3335.0;3389.0;3310.0;3351.0;986189;0
X5;D;20250415;0;3351.0;3377.0;3323.5;3347.0;323642;0
X5;D;20250416;0;3351.0;3414.5;3301.5;3388.0;733990;0
X5;D;20250417;0;3390.5;3414.5;3372.0;3404.0;575909;0
X5;D;20250418;0;3397.0;3400.0;3310.5;3350.0;581168;0
X5;D;20250421;0;3373.0;3408.0;3360.0;3398.0;466104;0
X5;D;20250422;0;3398.0;3420.0;3376.0;3400.0;676572;0
X5;D;20250423;0;3400.5;3418.0;3354.5;3383.0;490973;0
X5;D;20250424;0;3384.5;3439.5;3378.0;3390.0;756717;0
X5;D;20250425;0;3399.0;3424.5;3389.0;3416.5;603494;0
X5;D;20250428;0;3424.0;3462.0;3392.5;3407.0;959717;0
X5;D;20250429;0;3407.0;3419.0;3317.0;3357.0;576775;0
X5;D;20250430;0;3357.0;3358.0;3309.0;3341.0;682500;0
X5;D;20250502;0;3341.0;3348.5;3265.5;3283.5;309149;0
X5;D;20250505;0;3283.5;3368.0;3200.0;3237.0;971200;0
X5;D;20250506;0;3239.5;3266.5;3201.5;3238.5;575476;0
X5;D;20250507;0;3239.0;3260.0;3205.0;3219.5;511993;0
X5;D;20250508;0;3219.0;3232.5;3213.5;3223.5;251330;0
X5;D;20250512;0;3231.0;3304.5;3216.0;3290.5;604155;0
X5;D;20250513;0;3290.5;3300.0;3262.0;3282.0;304151;0
X5;D;20250514;0;3283.0;3324.0;3266.0;3286.0;447407;0
X5;D;20250515;0;3280.0;3308.5;3245.0;3286.5;379784;0
X5;D;20250516;0;3287.0;3303.0;3230.0;3278.0;456043;0
X5;D;20250519;0;3280.0;3338.0;3278.5;3307.0;415091;0
X5;D;20250520;0;3323.5;3325.0;3272.0;3285.5;397130;0
X5;D;20250521;0;3289.0;3292.5;3243.5;3249.5;359889;0
X5;D;20250522;0;3250.0;3258.5;3200.0;3210.0;496338;0
X5;D;20250523;0;3210.0;3270.0;3196.5;3233.5;314986;0
X5;D;20250526;0;3233.5;3234.0;3160.0;3168.0;545384;0
X5;D;20250527;0;3168.0;3239.5;3102.5;3236.5;590556;0
X5;D;20250528;0;3228.5;3277.5;3228.5;3274.0;414561;0
X5;D;20250529;0;3275.0;3280.0;3212.5;3213.5;360189;0
X5;D;20250530;0;3219.5;3265.0;3206.5;3251.5;298853;0
X5;D;20250602;0;3257.0;3279.0;3200.0;3266.5;535809;0
X5;D;20250603;0;3266.0;3340.0;3266.0;3325.0;540210;0
X5;D;20250604;0;3336.0;3408.0;3311.0;3369.0;901006;0
X5;D;20250605;0;3369.0;3412.0;3369.0;3384.5;421032;0
X5;D;20250606;0;3390.0;3410.0;3327.5;3362.0;719535;0
X5;D;20250609;0;3370.0;3389.5;3272.5;3317.5;746996;0
X5;D;20250610;0;3331.5;3331.5;3286.0;3299.5;326438;0
X5;D;20250611;0;3312.5;3316.0;3245.5;3278.0;455800;0
X5;D;20250613;0;3278.5;3298.5;3275.0;3287.0;139678;0
X5;D;20250616;0;3288.0;3308.5;3271.5;3287.5;360435;0
X5;D;20250617;0;3287.0;3303.0;3272.0;3292.0;321863;0
X5;D;20250618;0;3294.0;3369.0;3292.0;3335.0;526035;0
X5;D;20250619;0;3335.5;3386.0;3335.5;3373.5;452607;0
X5;D;20250620;0;3376.0;3399.0;3355.0;3381.0;483473;0
X5;D;20250623;0;3385.0;3469.5;3385.0;3463.5;1014902;0
X5;D;20250624;0;3464.0;3517.0;3439.0;3494.5;800772;0
X5;D;20250625;0;3495.0;3510.0;3462.0;3484.5;659070;0
X5;D;20250626;0;3490.0;3495.0;3454.0;3476.0;426521;0
X5;D;20250627;0;3481.0;3497.5;3468.5;3494.0;506244;0
X5;D;20250630;0;3497.0;3524.5;3472.5;3520.0;1001175;0
X5;D;20250701;0;3528.0;3530.0;3490.0;3502.0;924811;0
X5;D;20250702;0;3502.0;3514.5;3414.0;3460.0;726782;0
X5;D;20250703;0;3460.0;3478.0;3417.0;3431.0;795965;0
X5;D;20250704;0;3430.0;3430.0;3357.5;3369.0;693331;0
X5;D;20250707;0;3375.0;3419.0;3366.5;3377.5;1082686;0
X5;D;20250708;0;3364.0;3450.0;3325.0;3446.5;2057517;0
X5;D;20250709;0;3084.5;3084.5;2804.0;2870.5;3561015;0
X5;D;20250710;0;2871.0;2967.0;2850.0;2885.5;1331231;0
X5;D;20250711;0;2896.5;2906.5;2805.5;2816.0;700503;0
X5;D;20250714;0;2819.0;2867.0;2755.0;2860.0;1060469;0
X5;D;20250715;0;2865.0;2922.0;2847.5;2909.5;848244;0
X5;D;20250716;0;2910.5;2940.0;2905.5;2922.0;709803;0
X5;D;20250717;0;2931.0;2984.5;2925.5;2932.0;767271;0
X5;D;20250718;0;2934.0;3000.0;2934.0;2994.0;787950;0
X5;D;20250721;0;3029.0;3130.0;3025.5;3075.0;1267304;0
X5;D;20250722;0;3074.5;3077.5;3032.0;3053.5;487512;0
X5;D;20250723;0;3053.5;3074.0;3021.0;3049.5;613700;0
X5;D;20250724;0;3049.0;3060.0;3020.0;3029.0;337280;0
X5;D;20250725;0;3025.0;3065.0;2965.5;3008.0;827555;0
X5;D;20250728;0;3021.0;3050.0;2905.5;2925.0;801725;0
X5;D;20250729;0;2925.0;2980.0;2920.0;2935.0;497613;0
X5;D;20250730;0;2935.5;2965.0;2900.5;2909.0;411560;0
X5;D;20250731;0;2914.5;2932.0;2873.0;2883.5;574467;0
X5;D;20250801;0;2885.0;2909.0;2856.0;2876.0;467385;0
X5;D;20250804;0;2880.0;2965.0;2875.0;2961.0;781293;0
X5;D;20250805;0;2964.5;2978.5;2938.5;2969.0;573320;0
X5;D;20250806;0;2970.0;3041.5;2940.0;3016.0;830395;0
X5;D;20250807;0;3016.0;3056.0;2982.5;3008.5;1282458;0
X5;D;20250808;0;3015.5;3040.0;2990.0;3013.0;685345;0
X5;D;20250811;0;3027.5;3077.0;3022.5;3066.5;997894;0
X5;D;20250812;0;3070.0;3076.5;3037.0;3052.5;624228;0
X5;D;20250813;0;3055.0;3075.0;3002.0;3015.0;1396445;0
X5;D;20250814;0;3023.0;3047.0;2967.0;3022.5;1064542;0
X5;D;20250815;0;3026.0;3035.0;3001.0;3019.0;539446;0
X5;D;20250818;0;3006.0;3033.0;2925.5;3022.5;722800;0
X5;D;20250819;0;3022.0;3037.0;3003.0;3014.5;433077;0
X5;D;20250820;0;3014.5;3021.5;2976.5;2996.5;326072;0
X5;D;20250821;0;2996.5;3003.0;2941.0;2950.0;453109;0
X5;D;20250822;0;2955.0;2965.0;2912.5;2940.5;462386;0
X5;D;20250825;0;2940.5;2955.5;2918.5;2946.5;529795;0
X5;D;20250826;0;2940.0;2973.0;2936.0;2956.0;407842;0
X5;D;20250827;0;2956.0;2963.0;2932.0;2942.0;363574;0
X5;D;20250828;0;2945.0;2951.5;2916.0;2924.5;350248;0
X5;D;20250829;0;2934.5;2966.0;2889.0;2909.0;897715;0
X5;D;20250901;0;2910.0;2947.0;2901.0;2926.5;383134;0
X5;D;20250902;0;2927.0;2937.0;2870.0;2911.5;496356;0
X5;D;20250903;0;2914.0;2919.5;2877.5;2915.5;244761;0
X5;D;20250904;0;2915.5;2916.0;2885.5;2895.0;294527;0
X5;D;20250905;0;2900.0;2920.0;2888.5;2911.5;530237;0
X5;D;20250908;0;2912.0;2969.0;2902.0;2957.0;619144;0
X5;D;20250909;0;2958.0;2978.0;2940.5;2950.5;360401;0
X5;D;20250910;0;2947.5;2954.0;2912.0;2927.5;348902;0
X5;D;20250911;0;2927.5;2938.5;2901.5;2922.5;346757;0
X5;D;20250912;0;2922.5;2927.0;2890.5;2898.5;423822;0
X5;D;20250915;0;2898.0;2944.5;2880.0;2894.0;722395;0
X5;D;20250916;0;2894.0;2909.0;2862.5;2886.5;637444;0
X5;D;20250917;0;2889.5;2924.0;2866.5;2924.0;568092;0
X5;D;20250918;0;2925.0;2965.5;2901.0;2930.0;1718304;0
X5;D;20250919;0;2931.0;2953.0;2897.0;2906.5;875592;0
X5;D;20250922;0;2908.0;2920.0;2865.0;2911.0;638318;0
X5;D;20250923;0;2911.0;2920.0;2865.0;2878.5;566683;0
X5;D;20250924;0;2886.0;2888.5;2845.5;2867.0;743253;0
X5;D;20250925;0;2867.0;2874.5;2781.0;2806.0;678936;0
X5;D;20250926;0;2806.0;2833.0;2760.0;2824.0;677322;0
X5;D;20250929;0;2824.0;2833.0;2741.5;2772.0;797645;0
X5;D;20250930;0;2772.0;2897.0;2743.0;2849.5;1358370;0
X5;D;20251001;0;2850.0;2879.0;2775.0;2815.0;1434471;0
X5;D;20251002;0;2816.0;2826.5;2743.0;2765.0;1347745;0
X5;D;20251003;0;2769.5;2783.0;2637.0;2645.0;1812075;0
X5;D;20251006;0;2653.0;2654.0;2570.0;2596.0;1981779;0
X5;D;20251007;0;2590.5;2616.0;2557.5;2584.0;1163234;0
X5;D;20251008;0;2585.5;2597.0;2455.0;2479.0;2379728;0
X5;D;20251009;0;2487.5;2521.0;2401.5;2521.0;1576565;0
X5;D;20251010;0;2521.0;2521.0;2407.0;2417.0;1189673;0
X5;D;20251013;0;2417.0;2467.5;2371.0;2418.5;1586765;0
X5;D;20251014;0;2418.0;2421.0;2360.0;2376.5;882262;0
X5;D;20251015;0;2368.0;2451.0;2346.0;2422.0;1157491;0
X5;D;20251016;0;2425.0;2640.0;2422.0;2640.0;2743822;0
X5;D;20251017;0;2670.0;2719.5;2584.5;2661.0;1558543;0
X5;D;20251020;0;2689.0;2724.0;2632.5;2656.0;1109798;0
X5;D;20251021;0;2656.0;2656.5;2523.5;2599.5;1078238;0
X5;D;20251022;0;2592.5;2615.0;2501.0;2542.0;612607;0
X5;D;20251023;0;2500.0;2592.0;2475.5;2592.0;780708;0
X5;D;20251024;0;2597.5;2611.0;2496.0;2562.5;883893;0
X5;D;20251027;0;2550.0;2559.5;2475.0;2480.0;692391;0
X5;D;20251028;0;2475.0;2523.0;2436.0;2508.5;515957;0
X5;D;20251029;0;2509.0;2530.0;2490.0;2504.5;333815;0
X5;D;20251030;0;2512.5;2534.5;2495.5;2532.0;387262;0
X5;D;20251031;0;2532.5;2548.0;2480.0;2492.0;432583;0
X5;D;20251101;0;2492.0;2514.5;2490.5;2502.0;106036;0
X5;D;20251103;0;2509.5;2545.0;2505.0;2533.0;206502;0
X5;D;20251105;0;2532.0;2569.5;2505.5;2559.5;512255;0
X5;D;20251106;0;2564.5;2607.0;2541.0;2602.5;355794;0
X5;D;20251107;0;2605.0;2665.5;2588.5;2665.0;622096;0
X5;D;20251110;0;2669.5;2706.5;2640.5;2680.0;749306;0
X5;D;20251111;0;2681.0;2720.5;2662.0;2720.0;886612;0
X5;D;20251112;0;2721.5;2739.5;2677.0;2699.0;1049902;0
X5;D;20251113;0;2699.0;2785.0;2681.0;2753.5;2593164;0
X5;D;20251114;0;2759.5;2770.0;2686.0;2702.5;1300339;0
X5;D;20251117;0;2708.5;2724.5;2660.5;2663.5;1184644;0
X5;D;20251118;0;2663.5;2695.0;2644.5;2676.5;920610;0
X5;D;20251119;0;2674.0;2724.5;2672.0;2707.5;1248184;0
X5;D;20251120;0;2708.5;2739.5;2692.0;2724.5;956801;0
X5;D;20251121;0;2733.5;2742.0;2690.0;2711.0;956228;0
X5;D;20251124;0;2712.0;2729.5;2682.0;2694.0;726994;0
X5;D;20251125;0;2694.0;2710.5;2683.0;2704.5;595461;0
X5;D;20251126;0;2708.0;2708.5;2684.0;2695.0;479997;0
X5;D;20251127;0;2695.5;2705.0;2686.0;2694.0;396383;0
X5;D;20251128;0;2693.5;2710.0;2690.0;2707.5;434244;0
X5;D;20251201;0;2705.0;2746.0;2698.5;2712.0;913702;0
X5;D;20251202;0;2712.0;2718.5;2700.0;2706.5;437150;0
X5;D;20251203;0;2700.0;2711.0;2550.0;2699.5;880668;0
X5;D;20251204;0;2702.5;2745.0;2700.0;2725.0;674883;0
X5;D;20251205;0;2725.0;2776.0;2721.0;2773.5;916593;0
X5;D;20251208;0;2780.0;2842.0;2776.0;2809.5;1035419;0
X5;D;20251209;0;2810.0;2875.0;2809.0;2870.0;698336;0
X5;D;20251210;0;2873.0;2911.0;2860.0;2886.0;908787;0
X5;D;20251211;0;2897.5;2945.0;2887.5;2928.5;1034594;0
X5;D;20251212;0;2934.0;2950.0;2880.0;2890.0;1142611;0
X5;D;20251215;0;2900.5;2949.0;2897.5;2949.0;923282;0
X5;D;20251216;0;2950.0;2996.5;2946.0;2996.0;856462;0
X5;D;20251217;0;2997.0;3021.5;2965.0;2989.0;1174750;0
X5;D;20251218;0;2991.0;3012.0;2957.0;2978.0;887507;0
X5;D;20251219;0;2980.0;2998.0;2970.0;2988.0;1029497;0
X5;D;20251222;0;2993.0;3010.5;2972.0;2987.0;874947;0
X5;D;20251223;0;2981.5;2991.5;2946.0;2966.5;747725;0
X5;D;20251224;0;2966.0;2972.5;2949.5;2964.0;484579;0
X5;D;20251225;0;2966.0;2987.0;2961.0;2981.0;630428;0
X5;D;20251226;0;2982.0;2997.0;2976.0;2993.0;749571;0
X5;D;20251229;0;2994.0;3029.0;2987.0;3005.5;1410999;0
X5;D;20251230;0;3010.5;3020.0;3005.0;3010.0;749379;0
X5;D;20260105;0;3017.0;3050.0;3010.5;3027.5;1622118;0
X5;D;20260106;0;2714.5;2759.0;2670.0;2725.5;2522061;0
X5;D;20260108;0;2722.0;2723.0;2681.0;2682.5;726987;0
X5;D;20260109;0;2682.0;2699.0;2680.0;2682.0;271198;0
X5;D;20260112;0;2682.0;2697.0;2594.0;2624.0;1314185;0
X5;D;20260113;0;2625.0;2636.5;2585.0;2596.5;651298;0
X5;D;20260114;0;2598.0;2607.0;2507.0;2536.5;1979473;0
X5;D;20260115;0;2536.5;2553.5;2520.5;2535.0;906411;0
X5;D;20260116;0;2536.5;2593.5;2536.0;2577.0;1246113;0
X5;D;20260119;0;2588.0;2641.0;2572.5;2602.5;1329089;0
X5;D;20260120;0;2605.0;2610.0;2553.0;2572.5;1126073;0
X5;D;20260121;0;2575.0;2579.0;2541.0;2569.5;1052251;0
X5;D;20260122;0;2570.0;2597.0;2566.5;2582.0;1266358;0
X5;D;20260123;0;2587.0;2587.5;2561.5;2578.0;602250;0
X5;D;20260126;0;2578.0;2595.0;2545.0;2548.5;1087221;0
X5;D;20260127;0;2555.0;2568.0;2536.5;2556.0;938459;0
X5;D;20260128;0;2563.5;2612.5;2550.0;2550.5;1746621;0
X5;D;20260129;0;2555.5;2576.0;2527.0;2544.0;1785938;0
X5;D;20260130;0;2543.5;2553.0;2511.0;2514.0;851166;0
X5;D;20260202;0;2513.0;2536.0;2504.0;2520.5;841205;0
X5;D;20260203;0;2525.0;2533.5;2510.0;2512.5;552631;0
X5;D;20260204;0;2518.0;2521.0;2451.0;2454.5;1950676;0
X5;D;20260205;0;2450.5;2460.0;2415.0;2432.5;1206323;0
X5;D;20260206;0;2445.0;2468.5;2425.5;2446.5;722196;0
X5;D;20260209;0;2445.0;2453.0;2401.0;2406.0;858443;0
X5;D;20260210;0;2406.0;2419.0;2391.0;2393.0;637998;0
X5;D;20260211;0;2393.0;2405.0;2380.0;2392.5;786932;0
X5;D;20260212;0;2398.5;2440.0;2392.0;2430.5;936071;0
X5;D;20260213;0;2435.0;2455.5;2422.0;2433.5;752204;0
X5;D;20260216;0;2434.0;2507.0;2434.0;2496.0;1278063;0
X5;D;20260217;0;2490.0;2516.0;2470.0;2481.0;724253;0
X5;D;20260218;0;2490.0;2490.0;2436.5;2450.5;684206;0
X5;D;20260219;0;2460.0;2467.0;2431.5;2439.0;527162;0
X5;D;20260220;0;2444.0;2447.5;2410.0;2412.0;587958;0
X5;D;20260224;0;2417.0;2460.0;2408.5;2420.0;903724;0
X5;D;20260225;0;2424.5;2428.0;2411.0;2417.0;467914;0
X5;D;20260226;0;2422.0;2422.0;2403.5;2410.0;452493;0
X5;D;20260227;0;2415.5;2434.5;2408.5;2429.5;394422;0
X5;D;20260302;0;2429.5;2433.5;2400.0;2410.5;1211797;0
X5;D;20260303;0;2409.0;2419.0;2400.0;2402.0;646129;0
X5;D;20260304;0;2403.0;2409.0;2393.5;2398.0;361458;0
X5;D;20260305;0;2405.5;2416.0;2396.5;2409.0;539740;0
X5;D;20260306;0;2414.0;2415.0;2390.5;2395.0;554503;0
X5;D;20260309;0;2397.5;2411.0;2380.5;2403.0;542591;0
X5;D;20260310;0;2403.0;2453.5;2397.5;2419.0;1178886;0
X5;D;20260311;0;2419.0;2439.5;2416.5;2431.5;499415;0
X5;D;20260312;0;2426.5;2436.5;2408.0;2412.0;575011;0
X5;D;20260313;0;2414.0;2435.0;2410.0;2425.0;532396;0
X5;D;20260316;0;2429.5;2475.0;2424.5;2470.0;1328316;0
X5;D;20260317;0;2472.0;2488.5;2456.0;2471.0;641635;0
X5;D;20260318;0;2471.0;2502.0;2461.0;2472.5;911267;0
X5;D;20260319;0;2473.0;2499.0;2473.0;2496.5;797096;0
X5;D;20260320;0;2495.0;2524.5;2441.5;2458.5;1810155;0
X5;D;20260323;0;2458.5;2467.0;2410.5;2413.5;1292355;0
X5;D;20260324;0;2422.0;2422.0;2401.0;2417.5;736165;0
X5;D;20260325;0;2417.5;2435.0;2411.0;2425.5;414515;0
X5;D;20260326;0;2427.5;2434.0;2390.0;2397.0;997955;0
X5;D;20260327;0;2400.0;2411.0;2380.5;2382.5;642865;0
X5;D;20260330;0;2383.0;2407.0;2380.5;2393.5;462472;0
X5;D;20260331;0;2400.0;2404.0;2382.5;2393.0;386405;0
X5;D;20260401;0;2390.0;2444.5;2390.0;2440.0;773148;0
X5;D;20260402;0;2435.0;2459.5;2417.5;2434.5;648775;0
X5;D;20260403;0;2443.5;2456.5;2411.0;2433.0;471783;0
X5;D;20260406;0;2434.0;2448.5;2416.5;2435.5;508843;0
X5;D;20260407;0;2435.0;2458.5;2427.0;2430.5;437326;0
X5;D;20260408;0;2430.5;2478.0;2426.5;2450.0;722797;0
X5;D;20260409;000000;2450;2473;2440;2445;423405;0
X5;D;20260410;000000;2453;2461.5;2441;2445;302103;0
X5;D;20260413;000000;2445;2450;2395.5;2405;832827;0
X5;D;20260414;000000;2405;2416;2396.5;2408;386822;0
X5;D;20260415;000000;2409;2444.5;2402;2441;448430;0
X5;D;20260416;000000;2445;2465;2414.5;2422;715389;0
X5;D;20260417;000000;2422;2429.5;2410;2411;432778;0
X5;D;20260420;000000;2414;2430.5;2411;2416.5;523512;0
X5;D;20260421;000000;2416;2440.5;2407;2416;504863;0
X5;D;20260422;000000;2416;2431.5;2413;2424.5;320275;0
X5;D;20260423;000000;2425;2430.5;2412;2412.5;370633;0
X5;D;20260424;000000;2421;2424.5;2384;2400;657263;0
X5;D;20260427;000000;2401;2409;2386;2388;519752;0
X5;D;20260428;000000;2387;2391;2351;2365;961319;0
X5;D;20260429;000000;2365;2395.5;2340;2354;1250126;0
X5;D;20260430;000000;2360;2370;2326.5;2329;657471;0
X5;D;20260504;000000;2330;2354.5;2315;2316;635480;0
X5;D;20260505;000000;2318;2330.5;2301.5;2322.5;387075;0
X5;D;20260506;000000;2325;2350;2315;2332.5;486300;0
X5;D;20260507;000000;2328.5;2370.5;2323.5;2343;460551;0
X5;D;20260508;000000;2339;2372;2334;2362;328277;0
X5;D;20260511;000000;2366;2390;2366;2388;153588;0
X5;D;20260512;000000;2390;2416;2375.5;2403;441235;0
X5;D;20260513;000000;2400;2422;2390;2418;378815;0
X5;D;20260514;000000;2417;2420;2407.5;2410;273919;0
X5;D;20260515;000000;2405.5;2421;2382;2401;360413;0
X5;D;20260518;000000;2401;2412.5;2385;2398;366151;0
X5;D;20260519;000000;2400;2487.5;2395.5;2475;1833738;0
X5;D;20260520;000000;2479.5;2484;2438.5;2451;564187;0
X5;D;20260521;000000;2454;2496.5;2442.5;2493;988874;0
X5;D;20260522;000000;2493;2522;2470;2490;928792;0
